9.01310	5856.61205
9.03910	5848.46880
9.06510	5840.34764
9.09110	5832.24855
9.11710	5824.17155
9.14310	5816.11665
9.16910	5808.08385
9.19510	5800.07315
9.22110	5792.08456
9.24710	5784.11809
9.27310	5776.17375
9.29910	5768.25154
9.32510	5760.35147
9.35110	5752.47355
9.37710	5744.61778
9.40310	5736.78417
9.42910	5728.97274
9.45510	5721.18348
9.48110	5713.41642
9.50710	5705.67154
9.53310	5697.94888
9.55910	5690.24843
9.58510	5682.57021
9.61110	5674.91421
9.63710	5667.28047
9.66310	5659.66898
9.68910	5652.07975
9.71510	5644.51280
9.74110	5636.96813
9.76710	5629.44576
9.79310	5621.94571
9.81910	5614.46797
9.84510	5607.01256
9.87110	5599.57950
9.89710	5592.16880
9.92310	5584.78046
9.94910	5577.41451
9.97510	5570.07096
10.00110	5562.74981
10.02710	5555.45108
10.05310	5548.17479
10.07910	5540.92096
10.10510	5533.68958
10.13110	5526.48069
10.15710	5519.29430
10.18310	5512.13042
10.20910	5504.98907
10.23510	5497.87026
10.26110	5490.77402
10.28710	5483.70036
10.31310	5476.64931
10.33910	5469.62088
10.36510	5462.61509
10.39110	5455.63197
10.41710	5448.67155
10.44310	5441.73384
10.46910	5434.81889
10.49510	5427.92671
10.52110	5421.05734
10.54710	5414.21083
10.57310	5407.38721
10.59910	5400.58654
10.62510	5393.80887
10.65110	5387.05427
10.67710	5380.32283
10.70310	5373.61463
10.72910	5366.92981
10.75510	5360.26851
10.78110	5353.63095
10.80710	5347.01736
10.83310	5340.42809
10.85910	5333.86364
10.88510	5327.32475
10.91110	5320.81270
10.93710	5314.32965
10.96310	5307.87757
10.98910	5301.45431
11.01510	5295.05177
11.04110	5288.66254
11.06710	5282.28917
11.09310	5275.94118
11.11910	5269.62083
11.14510	5263.33035
11.17110	5257.07266
11.19710	5250.85164
11.22310	5244.67254
11.24910	5238.54155
11.27510	5232.46396
11.30110	5226.44330
11.32710	5220.48501
11.35310	5214.60097
11.37910	5208.80835
11.40510	5203.12050
11.43110	5197.55036
11.45710	5192.11335
11.48310	5186.83427
11.50910	5181.74614
11.53510	5176.88019
11.56110	5172.26980
11.58710	5167.95817
11.61310	5164.00372
11.63910	5160.47624
11.66510	5157.45741
11.69110	5155.04895
11.71710	5153.37355
11.74310	5152.58414
11.76910	5152.87613
11.79510	5154.49560
11.82110	5157.76217
11.84710	5163.10999
11.87310	5171.13346
11.89910	5182.64405
11.92510	5198.69682
11.95110	5220.63129
11.97710	5250.24810
12.00310	5290.13099
12.02910	5344.20552
12.05510	5418.88006
12.08110	5525.82207
12.10710	5687.39981
12.13310	5934.71825
12.15910	6255.61982
12.18510	6493.66431
12.21110	6397.72499
12.23710	5916.31352
12.26310	5372.41815
12.28910	5111.06647
12.31510	5033.96469
12.34110	5016.04928
12.36710	5006.51212
12.39310	4999.09660
12.41910	4992.80589
12.44510	4987.23517
12.47110	4982.18058
12.49710	4977.51560
12.52310	4973.14085
12.54910	4969.04451
12.57510	4965.34790
12.60110	4962.16136
12.62710	4959.57709
12.65310	4957.76202
12.67910	4956.92509
12.70510	4957.26072
12.73110	4958.98203
12.75710	4962.36410
12.78310	4967.78710
12.80910	4975.69202
12.83510	4986.56504
12.86110	5001.05503
12.88710	5020.02732
12.91310	5044.54222
12.93910	5075.87748
12.96510	5115.61244
12.99110	5165.72085
13.01710	5228.77227
13.04310	5308.14014
13.06910	5408.21251
13.09510	5534.88750
13.12110	5696.34514
13.14710	5903.90178
13.17310	6172.76656
13.19910	6523.27820
13.22510	6984.28853
13.25110	7599.99860
13.27710	8443.89346
13.30310	9650.68373
13.32910	11469.69202
13.35510	14186.78475
13.38110	17486.20275
13.40710	19593.52495
13.43310	18227.98200
13.45910	13585.69914
13.48510	8996.68963
13.51110	6840.66381
13.53710	6334.14585
13.56310	6505.34740
13.58910	6872.31453
13.61510	7394.16852
13.64110	8112.28838
13.66710	9108.90060
13.69310	10532.75876
13.71910	12627.86691
13.74510	15668.35183
13.77110	19606.33788
13.79710	23318.23596
13.82310	24352.29468
13.84910	20830.65643
13.87510	14249.58953
13.90110	8669.06301
13.92710	5992.58927
13.95310	5133.12601
13.97910	4945.92170
14.00510	4876.00566
14.03110	4833.70321
14.05710	4804.65177
14.08310	4783.39294
14.10910	4767.03248
14.13510	4753.88542
14.16110	4742.94329
14.18710	4733.56769
14.21310	4725.33935
14.23910	4717.97308
14.26510	4711.26662
14.29110	4705.06954
14.31710	4699.27167
14.34310	4693.80898
14.36910	4688.65573
14.39510	4683.77929
14.42110	4679.10707
14.44710	4674.57297
14.47310	4670.17776
14.49910	4665.96382
14.52510	4661.96785
14.55110	4658.16358
14.57710	4654.48120
14.60310	4650.87001
14.62910	4647.30981
14.65510	4643.77660
14.68110	4640.24796
14.70710	4636.73361
14.73310	4633.29254
14.75910	4629.97759
14.78510	4626.78738
14.81110	4623.73990
14.83710	4620.85995
14.86310	4618.08898
14.88910	4615.42410
14.91510	4612.86339
14.94110	4610.33395
14.96710	4607.74100
14.99310	4605.12267
15.01910	4602.55733
15.04510	4600.01420
15.07110	4597.48219
15.09710	4594.95296
15.12310	4592.42274
15.14910	4589.90845
15.17510	4587.46904
15.20110	4585.15765
15.22710	4582.98717
15.25310	4580.99138
15.27910	4579.14593
15.30510	4577.32756
15.33110	4575.48651
15.35710	4573.63799
15.38310	4571.85250
15.40910	4570.14973
15.43510	4568.55072
15.46110	4567.06136
15.48710	4565.63667
15.51310	4564.21536
15.53910	4562.82195
15.56510	4561.53451
15.59110	4560.38499
15.61710	4559.39103
15.64310	4558.53130
15.66910	4557.78769
15.69510	4557.25060
15.72110	4557.08599
15.74710	4557.44584
15.77310	4558.53786
15.79910	4560.63805
15.82510	4564.08892
15.85110	4569.31725
15.87710	4576.85725
15.90310	4587.37351
15.92910	4601.69234
15.95510	4620.85639
15.98110	4646.19322
16.00710	4679.39042
16.03310	4722.60590
16.05910	4778.59218
16.08510	4850.90681
16.11110	4944.18502
16.13710	5064.51174
16.16310	5220.11260
16.18910	5422.45222
16.21510	5688.23167
16.24110	6042.42952
16.26710	6522.24361
16.29310	7183.48503
16.31910	8115.18452
16.34510	9471.93656
16.37110	11534.96899
16.39710	14743.75827
16.42310	19272.10179
16.44910	23628.33521
16.47510	24172.13899
16.50110	19091.68003
16.52710	12158.86267
16.55310	7591.18685
16.57910	5437.69084
16.60510	4867.51016
16.63110	4729.34194
16.65710	4667.60663
16.68310	4630.13137
16.70910	4605.84185
16.73510	4589.91774
16.76110	4579.83030
16.78710	4574.20933
16.81310	4572.35633
16.83910	4574.01922
16.86510	4579.29310
16.89110	4588.59556
16.91710	4602.70803
16.94310	4622.89845
16.96910	4651.15985
16.99510	4690.57511
17.02110	4745.86330
17.04710	4824.41806
17.07310	4938.51509
17.09910	5109.29640
17.12510	5368.36097
17.15110	5730.64042
17.17710	6103.58381
17.20310	6236.30908
17.22910	5948.20207
17.25510	5418.16244
17.28110	4963.51510
17.30710	4694.92495
17.33310	4582.96485
17.35910	4545.77207
17.38510	4531.21942
17.41110	4523.17328
17.43710	4517.94583
17.46310	4514.34051
17.48910	4511.77157
17.51510	4509.90356
17.54110	4508.52563
17.56710	4507.51746
17.59310	4506.85230
17.61910	4506.54603
17.64510	4506.55523
17.67110	4506.81200
17.69710	4507.31615
17.72310	4508.08577
17.74910	4509.17569
17.77510	4510.71493
17.80110	4512.87849
17.82710	4515.80555
17.85310	4519.66474
17.87910	4524.79200
17.90510	4531.69857
17.93110	4541.16576
17.95710	4554.43330
17.98310	4573.52774
18.00910	4601.43597
18.03510	4640.21522
18.06110	4683.94576
18.08710	4712.72344
18.11310	4707.53623
18.13910	4677.26430
18.16510	4651.24379
18.19110	4648.73026
18.21710	4674.77747
18.24310	4730.76910
18.26910	4823.58820
18.29510	4970.47047
18.32110	5179.93907
18.34710	5388.74019
18.37310	5433.10674
18.39910	5226.61617
18.42510	4927.51934
18.45110	4709.12410
18.47710	4589.18380
18.50310	4549.33323
18.52910	4540.50728
18.55510	4538.08035
18.58110	4537.23392
18.60710	4537.14658
18.63310	4537.52599
18.65910	4538.21175
18.68510	4539.11068
18.71110	4540.16493
18.73710	4541.33569
18.76310	4542.59724
18.78910	4543.93650
18.81510	4545.34867
18.84110	4546.82524
18.86710	4548.35356
18.89310	4549.92654
18.91910	4551.53993
18.94510	4553.19025
18.97110	4554.87481
18.99710	4556.59159
19.02310	4558.33885
19.04910	4560.11500
19.07510	4561.91771
19.10110	4563.74344
19.12710	4565.58934
19.15310	4567.45734
19.17910	4569.35473
19.20510	4571.28767
19.23110	4573.25538
19.25710	4575.25587
19.28310	4577.28902
19.30910	4579.34988
19.33510	4581.43600
19.36110	4583.54882
19.38710	4585.68834
19.41310	4587.85555
19.43910	4590.05190
19.46510	4592.27971
19.49110	4594.54254
19.51710	4596.84619
19.54310	4599.20035
19.56910	4601.62273
19.59510	4604.14720
19.62110	4606.82915
19.64710	4609.71607
19.67310	4612.73795
19.69910	4615.66182
19.72510	4618.35209
19.75110	4620.94271
19.77710	4623.56982
19.80310	4626.25357
19.82910	4629.00813
19.85510	4631.84722
19.88110	4634.78626
19.90710	4637.84796
19.93310	4641.06296
19.95910	4644.47295
19.98510	4648.13523
20.01110	4652.13013
20.03710	4656.57351
20.06310	4661.63845
20.08910	4667.59171
20.11510	4674.83346
20.14110	4683.91191
20.16710	4695.61043
20.19310	4711.18084
20.21910	4732.07901
20.24510	4757.83949
20.27110	4782.04498
20.29710	4792.33668
20.32310	4781.67071
20.34910	4758.11152
20.37510	4734.98520
20.40110	4718.95330
20.42710	4711.11677
20.45310	4709.18532
20.47910	4710.22038
20.50510	4712.49615
20.53110	4715.37008
20.55710	4718.63962
20.58310	4722.18339
20.60910	4725.84615
20.63510	4729.53524
20.66110	4733.29401
20.68710	4737.17969
20.71310	4741.20971
20.73910	4745.40478
20.76510	4749.77285
20.79110	4754.27908
20.81710	4758.87858
20.84310	4763.60664
20.86910	4768.53591
20.89510	4773.69952
20.92110	4779.13192
20.94710	4784.88268
20.97310	4791.02628
20.99910	4797.66097
21.02510	4804.89967
21.05110	4812.85982
21.07710	4821.72799
21.10310	4831.89725
21.12910	4843.99104
21.15510	4858.87450
21.18110	4877.78665
21.20710	4902.43591
21.23310	4935.10343
21.25910	4978.77241
21.28510	5037.37860
21.31110	5116.22417
21.33710	5222.43298
21.36310	5365.61903
21.38910	5559.05686
21.41510	5821.48621
21.44110	6180.07739
21.46710	6675.61701
21.49310	7372.03973
21.51910	8373.63173
21.54510	9854.58203
21.57110	12109.96514
21.59710	15637.98887
21.62310	21188.82339
21.64910	29354.98145
21.67510	38901.12763
21.70110	45041.07587
21.72710	42610.96186
21.75310	32818.57792
21.77910	21888.99779
21.80510	13576.69216
21.83110	8520.74805
21.85710	6316.43917
21.88310	5637.21969
21.90910	5429.75415
21.93510	5342.79902
21.96110	5305.42350
21.98710	5303.32716
22.01310	5333.80799
22.03910	5399.85097
22.06510	5509.85067
22.09110	5679.18509
22.11710	5933.66394
22.14310	6315.59052
22.16910	6889.68115
22.19510	7728.01075
22.22110	8837.13969
22.24710	10095.47439
22.27310	11451.60356
22.29910	13298.51071
22.32510	16327.53148
22.35110	20608.68145
22.37710	24463.36572
22.40310	24833.42372
22.42910	20780.61108
22.45510	15197.88711
22.48110	10647.60266
22.50710	7529.82532
22.53310	5950.88837
22.55910	5417.03726
22.58510	5255.91816
22.61110	5185.95651
22.63710	5143.20107
22.66310	5114.02652
22.68910	5093.41837
22.71510	5078.66649
22.74110	5068.02884
22.76710	5060.32359
22.79310	5054.85898
22.81910	5051.20389
22.84510	5048.93809
22.87110	5047.66995
22.89710	5047.27586
22.92310	5047.79725
22.94910	5049.20300
22.97510	5051.58196
23.00110	5055.16086
23.02710	5060.19859
23.05310	5067.06069
23.07910	5076.36793
23.10510	5089.01811
23.13110	5106.37121
23.15710	5130.97261
23.18310	5167.40076
23.20910	5223.65562
23.23510	5313.83880
23.26110	5461.56126
23.28710	5695.42831
23.31310	6005.11039
23.33910	6257.31273
23.36510	6243.95589
23.39110	5956.60678
23.41710	5623.16083
23.44310	5370.50087
23.46910	5200.66054
23.49510	5133.10810
23.52110	5129.19614
23.54710	5140.97153
23.57310	5151.90741
23.59910	5155.77928
23.62510	5152.69319
23.65110	5148.05736
23.67710	5145.53486
23.70310	5145.73427
23.72910	5148.92088
23.75510	5154.49194
23.78110	5161.58709
23.80710	5169.94925
23.83310	5179.62071
23.85910	5190.84763
23.88510	5204.05369
23.91110	5219.89140
23.93710	5239.36451
23.96310	5263.73681
23.98910	5294.93616
24.01510	5335.95333
24.04110	5391.00114
24.06710	5466.00028
24.09310	5569.44214
24.11910	5713.64042
24.14510	5916.82333
24.17110	6206.56555
24.19710	6625.28268
24.22310	7237.76859
24.24910	8136.94805
24.27510	9445.53896
24.30110	11350.30462
24.32710	14220.23056
24.35310	18643.36780
24.37910	24897.97008
24.40510	31684.34879
24.43110	35900.62722
24.45710	36003.66536
24.48310	34481.64295
24.50910	33207.30671
24.53510	30242.83598
24.56110	24533.94779
24.58710	18263.57174
24.61310	13304.56683
24.63910	9658.67502
24.66510	7389.40384
24.69110	6397.89474
24.71710	6109.79797
24.74310	6094.78558
24.76910	6208.93202
24.79510	6442.41405
24.82110	6824.18679
24.84710	7372.14621
24.87310	8021.05036
24.89910	8555.93075
24.92510	8708.18251
24.95110	8441.56970
24.97710	8033.22286
25.00310	7772.36792
25.02910	7809.95256
25.05510	8280.16919
25.08110	9334.98322
25.10710	11196.25058
25.13310	14260.70232
25.15910	19046.17958
25.18510	25567.16680
25.21110	31916.02656
25.23710	34163.68006
25.26310	30450.32185
25.28910	23920.83847
25.31510	18126.73112
25.34110	13894.03674
25.36710	11782.00173
25.39310	12128.75704
25.41910	14646.27903
25.44510	19230.07077
25.47110	25696.98512
25.49710	32345.26503
25.52310	35817.42239
25.54910	34630.16404
25.57510	31044.09841
25.60110	26545.51869
25.62710	20762.36782
25.65310	15139.81564
25.67910	11173.71664
25.70510	8585.16873
25.73110	6963.00587
25.75710	6141.01220
25.78310	5806.18342
25.80910	5670.37221
25.83510	5599.54453
25.86110	5552.99831
25.88710	5519.57971
25.91310	5495.07903
25.93910	5477.19244
25.96510	5464.44608
25.99110	5455.86530
26.01710	5450.81854
26.04310	5448.92078
26.06910	5449.99346
26.09510	5454.04908
26.12110	5461.14841
26.14710	5471.38052
26.17310	5485.00140
26.19910	5502.44521
26.22510	5524.30361
26.25110	5551.31208
26.27710	5584.49841
26.30310	5625.48232
26.32910	5676.88542
26.35510	5743.12931
26.38110	5831.31078
26.40710	5951.96562
26.43310	6120.38265
26.45910	6358.95487
26.48510	6700.67000
26.51110	7194.56585
26.53710	7915.12605
26.56310	8978.97082
26.58910	10574.20497
26.61510	13012.02547
26.64110	16818.84828
26.66710	22886.32559
26.69310	32634.79951
26.71910	47865.45073
26.74510	69269.68275
26.77110	92695.43907
26.79710	107109.98227
26.82310	102672.84314
26.84910	82865.53334
26.87510	59969.64214
26.90110	40771.04996
26.92710	26639.74636
26.95310	18912.87359
26.97910	17020.58488
27.00510	17868.30777
27.03110	18303.16225
27.05710	17383.24210
27.08310	16662.18298
27.10910	17521.14898
27.13510	20114.40628
27.16110	24414.59067
27.18710	29359.72684
27.21310	33122.30676
27.23910	34857.37344
27.26510	34306.51352
27.29110	30838.03171
27.31710	25136.45604
27.34310	19456.55153
27.36910	15002.47597
27.39510	11768.11455
27.42110	9660.23052
27.44710	8354.15401
27.47310	7478.35914
27.49910	6893.18426
27.52510	6528.31506
27.55110	6336.20566
27.57710	6334.98619
27.60310	6557.97109
27.62910	7045.36745
27.65510	7887.75797
27.68110	9212.64732
27.70710	11033.32145
27.73310	12970.22679
27.75910	14279.22243
27.78510	14633.87979
27.81110	14565.70406
27.83710	14381.05561
27.86310	13564.24772
27.88910	12025.27711
27.91510	10597.61801
27.94110	9907.56635
27.96710	9954.96803
27.99310	10626.88052
28.01910	11467.00175
28.04510	11580.33460
28.07110	10595.92728
28.09710	9150.66710
28.12310	7867.88830
28.14910	6798.70730
28.17510	5996.58432
28.20110	5547.14498
28.22710	5356.66001
28.25310	5282.59636
28.27910	5246.75632
28.30510	5223.25189
28.33110	5205.30953
28.35710	5190.83792
28.38310	5178.85771
28.40910	5168.79451
28.43510	5160.28110
28.46110	5153.00599
28.48710	5146.59087
28.51310	5140.74668
28.53910	5135.48339
28.56510	5130.84117
28.59110	5126.74689
28.61710	5123.26530
28.64310	5120.64846
28.66910	5118.99542
28.69510	5118.12367
28.72110	5117.94548
28.74710	5118.55309
28.77310	5120.02531
28.79910	5122.42642
28.82510	5125.85453
28.85110	5130.48315
28.87710	5136.56701
28.90310	5144.48490
28.92910	5154.95072
28.95510	5169.23247
28.98110	5189.06133
29.00710	5216.71016
29.03310	5255.71626
29.05910	5311.64891
29.08510	5392.98109
29.11110	5512.90187
29.13710	5692.56861
29.16310	5966.36157
29.18910	6390.70699
29.21510	7059.11284
29.24110	8122.01926
29.26710	9790.45578
29.29310	12248.36230
29.31910	15340.09342
29.34510	18125.93845
29.37110	19118.91526
29.39710	17762.72069
29.42310	15244.55232
29.44910	12928.50013
29.47510	11191.96866
29.50110	10270.55054
29.52710	10601.60764
29.55310	12502.98179
29.57910	16274.22955
29.60510	22267.11460
29.63110	30205.71352
29.65710	37901.79573
29.68310	41386.97934
29.70910	38428.94955
29.73510	31392.72452
29.76110	24022.36606
29.78710	17602.59654
29.81310	12322.00775
29.83910	8705.51035
29.86510	6805.30483
29.89110	6018.75127
29.91710	5731.30720
29.94310	5622.57859
29.96910	5581.79388
29.99510	5580.75079
30.02110	5616.05096
30.04710	5693.84166
30.07310	5828.36598
30.09910	6044.54084
30.12510	6383.39504
30.15110	6911.29190
30.17710	7736.26136
30.20310	9036.31639
30.22910	11103.67764
30.25510	14395.08148
30.28110	19523.16741
30.30710	27009.08300
30.33310	36610.63861
30.35910	46568.46217
30.38510	53844.06232
30.41110	55709.92182
30.43710	51392.64935
30.46310	42634.59952
30.48910	32647.14915
30.51510	23782.73074
30.54110	16739.70442
30.56710	11728.10869
30.59310	8761.26387
30.61910	7373.41818
30.64510	6916.15202
30.67110	6896.67830
30.69710	6981.65057
30.72310	6931.37648
30.74910	6672.64320
30.77510	6318.01067
30.80110	5974.60362
30.82710	5651.42510
30.85310	5366.65175
30.87910	5157.59640
30.90510	5023.79670
30.93110	4940.13297
30.95710	4885.96940
30.98310	4849.25499
31.00910	4822.79331
31.03510	4802.44690
31.06110	4786.19354
31.08710	4773.11213
31.11310	4762.71248
31.13910	4754.77006
31.16510	4749.19416
31.19110	4745.93639
31.21710	4744.98048
31.24310	4746.35350
31.26910	4750.21903
31.29510	4756.98540
31.32110	4767.31158
31.34710	4782.18640
31.37310	4803.27655
31.39910	4833.47510
31.42510	4877.64389
31.45110	4943.59655
31.47710	5043.73612
31.50310	5197.86960
31.52910	5437.89714
31.55510	5815.35015
31.58110	6414.01911
31.60710	7372.18601
31.63310	8916.97268
31.65910	11397.87416
31.68510	15256.81210
31.71110	20762.33266
31.73710	27308.81399
31.76310	32695.64130
31.78910	33994.19744
31.81510	30489.77159
31.84110	24766.29380
31.86710	19361.13835
31.89310	14622.80444
31.91910	10564.72320
31.94510	7685.27091
31.97110	6089.45692
31.99710	5360.36743
32.02310	5046.02043
32.04910	4891.41863
32.07510	4796.82794
32.10110	4730.11864
32.12710	4680.34560
32.15310	4642.46249
32.17910	4613.54704
32.20510	4591.73936
32.23110	4575.82171
32.25710	4565.00704
32.28310	4558.81362
32.30910	4557.00920
32.33510	4559.63903
32.36110	4567.08459
32.38710	4580.16157
32.41310	4600.34731
32.43910	4630.18455
32.46510	4673.91881
32.49110	4738.34979
32.51710	4834.35544
32.54310	4979.45834
32.56910	5201.75714
32.59510	5546.43308
32.62110	6086.29081
32.64710	6937.69384
32.67310	8277.51422
32.69910	10337.84107
32.72510	13319.20648
32.75110	17139.78821
32.77710	21062.56049
32.80310	23637.27243
32.82910	23582.10844
32.85510	21111.17018
32.88110	17797.27198
32.90710	14865.73704
32.93310	12589.04216
32.95910	11198.21121
32.98510	11190.41499
33.01110	12945.52383
33.03710	16550.34496
33.06310	21606.03209
33.08910	26754.04795
33.11510	29803.66227
33.14110	29403.12088
33.16710	26653.86977
33.19310	23929.75197
33.21910	22450.25924
33.24510	22131.73345
33.27110	22686.59387
33.29710	23690.90680
33.32310	24211.13180
33.34910	23119.26990
33.37510	20190.26029
33.40110	16575.45045
33.42710	13468.62964
33.45310	11106.05882
33.47910	9509.93578
33.50510	8954.58070
33.53110	9554.55738
33.55710	10949.61207
33.58310	12308.19905
33.60910	12676.45886
33.63510	11750.93263
33.66110	10175.70972
33.68710	8669.91357
33.71310	7351.97338
33.73910	6172.30646
33.76510	5252.42674
33.79110	4683.13524
33.81710	4397.36576
33.84310	4269.75348
33.86910	4210.36480
33.89510	4177.51019
33.92110	4156.80577
33.94710	4144.39203
33.97310	4139.92374
33.99910	4144.92690
34.02510	4163.00230
34.05110	4200.50349
34.07710	4268.15869
34.10310	4384.09265
34.12910	4578.14692
34.15510	4896.30903
34.18110	5397.47687
34.20710	6123.20296
34.23310	7017.68991
34.25910	7837.55935
34.28510	8218.60854
34.31110	7989.83239
34.33710	7385.12937
34.36310	6772.58374
34.38910	6310.00921
34.41510	6031.35925
34.44110	6047.67666
34.46710	6537.45594
34.49310	7685.64719
34.51910	9696.10403
34.54510	12761.17833
34.57110	16864.75237
34.59710	21480.70622
34.62310	25468.93864
34.64910	27473.22350
34.67510	26735.30589
34.70110	23761.33118
34.72710	20006.03760
34.75310	16553.90749
34.77910	13513.48019
34.80510	10782.60032
34.83110	8549.49658
34.85710	7029.34908
34.88310	6186.83387
34.90910	5816.05986
34.93510	5772.15132
34.96110	6052.39041
34.98710	6710.79999
35.01310	7747.69176
35.03910	9011.30975
35.06510	10134.97078
35.09110	10650.52328
35.11710	10327.66429
35.14310	9396.89884
35.16910	8289.46183
35.19510	7244.35630
35.22110	6314.46563
35.24710	5561.02405
35.27310	5073.04211
35.29910	4894.14624
35.32510	5025.83786
35.35110	5482.16432
35.37710	6315.65898
35.40310	7568.03745
35.42910	9126.80634
35.45510	10569.58695
35.48110	11263.45169
35.50710	10866.31376
35.53310	9707.22119
35.55910	8401.89690
35.58510	7233.42363
35.61110	6186.07745
35.63710	5293.07551
35.66310	4664.72313
35.68910	4338.42822
35.71510	4258.29764
35.74110	4348.27883
35.76710	4550.11792
35.79310	4806.97003
35.81910	5048.25876
35.84510	5230.31240
35.87110	5409.68075
35.89710	5749.39682
35.92310	6445.80783
35.94910	7699.38483
35.97510	9730.42512
36.00110	12651.88601
36.02710	16117.85168
36.05310	19045.88737
36.07910	20076.56256
36.10510	18819.70335
36.13110	16323.18609
36.15710	13751.09442
36.18310	11326.19929
36.20910	8975.80984
36.23510	6943.03207
36.26110	5489.97986
36.28710	4605.92731
36.31310	4119.29395
36.33910	3863.71913
36.36510	3730.27887
36.39110	3658.00189
36.41710	3615.80178
36.44310	3589.57203
36.46910	3574.10111
36.49510	3568.56030
36.52110	3574.23265
36.54710	3592.91829
36.57310	3624.26077
36.59910	3661.47198
36.62510	3689.25214
36.65110	3690.84390
36.67710	3662.99997
36.70310	3620.29941
36.72910	3578.54803
36.75510	3541.50413
36.78110	3507.92640
36.80710	3479.84475
36.83310	3460.32715
36.85910	3449.64555
36.88510	3445.76715
36.91110	3446.48650
36.93710	3450.80728
36.96310	3459.28796
36.98910	3473.77479
37.01510	3497.37634
37.04110	3535.11540
37.06710	3594.97970
37.09310	3688.86984
37.11910	3832.52443
37.14510	4042.70941
37.17110	4329.89439
37.19710	4688.92136
37.22310	5096.97152
37.24910	5523.13102
37.27510	5933.07412
37.30110	6280.56865
37.32710	6530.29534
37.35310	6736.49703
37.37910	7064.46970
37.40510	7648.31965
37.43110	8434.91115
37.45710	9204.67417
37.48310	9709.49820
37.50910	9805.65283
37.53510	9538.31093
37.56110	9120.98158
37.58710	8754.52278
37.61310	8499.90568
37.63910	8402.06372
37.66510	8589.25676
37.69110	9096.38973
37.71710	9641.86853
37.74310	9746.64559
37.76910	9168.06093
37.79510	8145.68616
37.82110	7095.49631
37.84710	6188.98623
37.87310	5381.82316
37.89910	4662.01360
37.92510	4096.20077
37.95110	3724.41665
37.97710	3517.11543
38.00310	3413.11188
38.02910	3361.01203
38.05510	3331.54902
38.08110	3311.80690
38.10710	3296.95190
38.13310	3285.25873
38.15910	3276.07934
38.18510	3269.20412
38.21110	3264.78789
38.23710	3263.52995
38.26310	3267.00137
38.28910	3278.27340
38.31510	3302.72890
38.34110	3349.54446
38.36710	3433.96974
38.39310	3580.42018
38.41910	3825.22046
38.44510	4215.07206
38.47110	4792.63117
38.49710	5558.50661
38.52310	6414.81969
38.54910	7141.35574
38.57510	7484.18861
38.60110	7340.21513
38.62710	6844.70584
38.65310	6230.04195
38.67910	5644.99536
38.70510	5146.53423
38.73110	4781.69622
38.75710	4620.37671
38.78310	4735.36209
38.80910	5174.37526
38.83510	5919.62924
38.86110	6820.15442
38.88710	7557.99956
38.91310	7785.05481
38.93910	7415.70635
38.96510	6727.83677
38.99110	6053.65652
39.01710	5489.35238
39.04310	4998.69796
39.06910	4609.81469
39.09510	4413.63397
39.12110	4462.67316
39.14710	4725.63707
39.17310	5096.65797
39.19910	5437.15194
39.22510	5664.47539
39.25110	5841.15108
39.27710	6147.05766
39.30310	6734.71187
39.32910	7643.39471
39.35510	8855.35122
39.38110	10376.29971
39.40710	12195.90611
39.43310	14093.78389
39.45910	15521.86798
39.48510	15910.50766
39.51110	15193.98599
39.53710	13820.88966
39.56310	12207.56883
39.58910	10486.36962
39.61510	8755.92196
39.64110	7206.16607
39.66710	5984.70525
39.69310	5117.47776
39.71910	4551.94821
39.74510	4202.55732
39.77110	3975.69134
39.79710	3802.34022
39.82310	3657.76936
39.84910	3542.63947
39.87510	3453.34689
39.90110	3379.64948
39.92710	3317.70345
39.95310	3272.27611
39.97910	3249.13594
40.00510	3251.08085
40.03110	3280.41857
40.05710	3343.25592
40.08310	3452.51198
40.10910	3628.87722
40.13510	3898.08538
40.16110	4279.96792
40.18710	4764.63305
40.21310	5282.24716
40.23910	5696.86327
40.26510	5864.17953
40.29110	5738.41889
40.31710	5416.33130
40.34310	5040.38964
40.36910	4683.74039
40.39510	4354.49888
40.42110	4055.26052
40.44710	3799.62001
40.47310	3595.35715
40.49910	3440.79102
40.52510	3332.20337
40.55110	3263.01486
40.57710	3221.83279
40.60310	3199.35868
40.62910	3195.15554
40.65510	3217.09740
40.68110	3278.37882
40.70710	3397.92865
40.73310	3602.83301
40.75910	3926.49993
40.78510	4393.43957
40.81110	4983.00495
40.83710	5585.27470
40.86310	6004.72373
40.88910	6069.96600
40.91510	5787.88069
40.94110	5348.09065
40.96710	4930.82393
40.99310	4572.54660
41.01910	4241.28460
41.04510	3947.32715
41.07110	3744.90833
41.09710	3676.61584
41.12310	3750.06091
41.14910	3948.45861
41.17510	4237.50540
41.20110	4556.91228
41.22710	4817.23701
41.25310	4929.78058
41.27910	4864.35990
41.30510	4676.56585
41.33110	4458.49524
41.35710	4271.05327
41.38310	4139.16214
41.40910	4087.56479
41.43510	4153.28104
41.46110	4359.67147
41.48710	4677.46686
41.51310	5003.25914
41.53910	5190.27775
41.56510	5142.48697
41.59110	4896.78128
41.61710	4584.34725
41.64310	4305.12804
41.66910	4075.99038
41.69510	3889.76920
41.72110	3771.79917
41.74710	3773.24553
41.77310	3939.59423
41.79910	4291.16040
41.82510	4803.92204
41.85110	5378.45136
41.87710	5834.16590
41.90310	5992.71086
41.92910	5826.68461
41.95510	5503.74833
41.98110	5229.10923
42.00710	5084.88574
42.03310	5053.13502
42.05910	5106.09414
42.08510	5220.11862
42.11110	5348.06321
42.13710	5436.46104
42.16310	5467.37527
42.18910	5464.87718
42.21510	5478.27422
42.24110	5558.70743
42.26710	5706.89346
42.29310	5834.90950
42.31910	5816.96256
42.34510	5607.17255
42.37110	5301.77647
42.39710	5061.56935
42.42310	4991.03236
42.44910	5118.94066
42.47510	5451.55859
42.50110	5974.30884
42.52710	6580.07867
42.55310	7035.92373
42.57910	7100.96980
42.60510	6735.97037
42.63110	6154.60666
42.65710	5604.22954
42.68310	5163.25679
42.70910	4796.92679
42.73510	4500.51935
42.76110	4323.11911
42.78710	4292.09172
42.81310	4362.08905
42.83910	4438.15595
42.86510	4442.38366
42.89110	4361.82030
42.91710	4230.93693
42.94310	4081.52986
42.96910	3929.48465
42.99510	3794.41869
43.02110	3702.73680
43.04710	3669.33427
43.07310	3683.12429
43.09910	3707.86641
43.12510	3699.62589
43.15110	3636.46906
43.17710	3535.57623
43.20310	3433.22503
43.22910	3350.70503
43.25510	3288.66158
43.28110	3246.86253
43.30710	3238.21145
43.33310	3286.10916
43.35910	3416.95528
43.38510	3655.61082
43.41110	4017.84030
43.43710	4491.87048
43.46310	5014.76734
43.48910	5469.24230
43.51510	5726.96554
43.54110	5721.84289
43.56710	5487.99547
43.59310	5124.39814
43.61910	4727.63521
43.64510	4349.69195
43.67110	4002.06926
43.69710	3688.33502
43.72310	3422.14491
43.74910	3219.25938
43.77510	3083.35236
43.80110	3003.70531
43.82710	2963.47836
43.85310	2947.99898
43.87910	2948.27035
43.90510	2960.47613
43.93110	2983.60865
43.95710	3016.58896
43.98310	3056.08371
44.00910	3097.14929
44.03510	3138.44956
44.06110	3189.32498
44.08710	3270.85317
44.11310	3406.82059
44.13910	3610.32611
44.16510	3870.23672
44.19110	4138.15035
44.21710	4331.01123
44.24310	4371.86482
44.26910	4252.86836
44.29510	4048.79907
44.32110	3846.17879
44.34710	3674.66144
44.37310	3520.15065
44.39910	3374.05639
44.42510	3251.78781
44.45110	3176.78886
44.47710	3164.54301
44.50310	3222.38514
44.52910	3355.58305
44.55510	3567.97036
44.58110	3851.83208
44.60710	4171.07702
44.63310	4454.03537
44.65910	4617.40746
44.68510	4620.50560
44.71110	4503.17173
44.73710	4356.40315
44.76310	4253.11681
44.78910	4216.21787
44.81510	4236.05214
44.84110	4289.00547
44.86710	4337.78423
44.89310	4340.57768
44.91910	4283.95003
44.94510	4200.70379
44.97110	4134.26997
44.99710	4087.48040
45.02310	4021.32691
45.04910	3900.88824
45.07510	3733.29842
45.10110	3559.42936
45.12710	3415.35298
45.15310	3309.75838
45.17910	3234.15660
45.20510	3182.73504
45.23110	3159.90570
45.25710	3175.47690
45.28310	3237.94168
45.30910	3350.19906
45.33510	3505.93013
45.36110	3687.47633
45.38710	3869.85195
45.41310	4031.24238
45.43910	4159.16729
45.46510	4243.07502
45.49110	4268.13912
45.51710	4230.45133
45.54310	4153.61158
45.56910	4074.18636
45.59510	4016.96270
45.62110	3996.87950
45.64710	4038.06179
45.67310	4182.26173
45.69910	4479.82671
45.72510	4974.45753
45.75110	5687.16889
45.77710	6596.09827
45.80310	7616.49889
45.82910	8598.98068
45.85510	9366.80351
45.88110	9788.85386
45.90710	9844.80427
45.93310	9630.41231
45.95910	9285.47561
45.98510	8893.10269
46.01110	8458.75008
46.03710	7995.14239
46.06310	7604.21218
46.08910	7468.13448
46.11510	7759.16500
46.14110	8542.13947
46.16710	9709.11698
46.19310	10943.99814
46.21910	11778.91378
46.24510	11821.51625
46.27110	11049.74960
46.29710	9848.54246
46.32310	8658.14775
46.34910	7638.19241
46.37510	6711.33767
46.40110	5799.63098
46.42710	4941.44101
46.45310	4230.66691
46.47910	3721.94242
46.50510	3405.77222
46.53110	3235.58492
46.55710	3161.39230
46.58310	3147.95505
46.60910	3176.68771
46.63510	3238.87412
46.66110	3326.67228
46.68710	3426.06422
46.71310	3515.74347
46.73910	3574.65392
46.76510	3594.48113
46.79110	3585.94296
46.81710	3570.92813
46.84310	3567.45027
46.86910	3580.72001
46.89510	3602.64837
46.92110	3615.72838
46.94710	3601.23660
46.97310	3550.72003
46.99910	3472.85363
47.02510	3386.74377
47.05110	3307.57199
47.07710	3239.91275
47.10310	3182.31318
47.12910	3134.83799
47.15510	3102.14443
47.18110	3092.21863
47.20710	3114.98667
47.23310	3183.14185
47.25910	3314.46634
47.28510	3533.08323
47.31110	3865.44958
47.33710	4325.76724
47.36310	4889.09523
47.38910	5465.25330
47.41510	5907.08680
47.44110	6081.48234
47.46710	5971.15907
47.49310	5702.80839
47.51910	5443.67318
47.54510	5275.26941
47.57110	5175.63813
47.59710	5087.01287
47.62310	4978.60572
47.64910	4862.82341
47.67510	4779.27038
47.70110	4770.00512
47.72710	4864.62321
47.75310	5091.16650
47.77910	5500.24928
47.80510	6166.36864
47.83110	7142.60955
47.85710	8378.17330
47.88310	9648.78900
47.90910	10583.36395
47.93510	10843.27803
47.96110	10367.83850
47.98710	9438.64441
48.01310	8435.66347
48.03910	7550.96077
48.06510	6765.34095
48.09110	6013.79895
48.11710	5307.94488
48.14310	4720.66063
48.16910	4307.74057
48.19510	4064.23605
48.22110	3933.55139
48.24710	3844.48039
48.27310	3749.50041
48.29910	3641.14936
48.32510	3537.42022
48.35110	3455.02952
48.37710	3398.11614
48.40310	3365.48761
48.42910	3359.48534
48.45510	3384.11036
48.48110	3434.93633
48.50710	3492.19142
48.53310	3526.16909
48.55910	3514.57002
48.58510	3458.82844
48.61110	3381.74406
48.63710	3306.38613
48.66310	3239.86883
48.68910	3177.18108
48.71510	3114.08428
48.74110	3053.38280
48.76710	3001.51454
48.79310	2962.83459
48.81910	2937.63936
48.84510	2923.50665
48.87110	2917.30863
48.89710	2916.50927
48.92310	2919.71204
48.94910	2926.85325
48.97510	2939.27526
49.00110	2959.79968
49.02710	2993.14783
49.05310	3047.02747
49.07910	3133.66905
49.10510	3271.14958
49.13110	3483.03591
49.15710	3793.52953
49.18310	4214.31278
49.20910	4722.42926
49.23510	5240.05156
49.26110	5641.20021
49.28710	5805.90264
49.31310	5700.24918
49.33910	5408.20826
49.36510	5065.06737
49.39110	4758.28627
49.41710	4499.09845
49.44310	4268.07447
49.46910	4067.15024
49.49510	3932.20933
49.52110	3914.74213
49.54710	4063.67079
49.57310	4418.31781
49.59910	5001.66549
49.62510	5801.84051
49.65110	6745.28122
49.67710	7687.63857
49.70310	8456.19275
49.72910	8943.77024
49.75510	9188.19732
49.78110	9352.14325
49.80710	9609.13493
49.83310	10030.01753
49.85910	10530.66977
49.88510	10897.96969
49.91110	10904.49001
49.93710	10467.77002
49.96310	9734.21227
49.98910	8981.95155
50.01510	8417.63036
50.04110	8072.76319
50.06710	7870.84309
50.09310	7754.15829
50.11910	7749.63240
50.14510	7947.17935
50.17110	8429.38931
50.19710	9185.83865
50.22310	10047.10033
50.24910	10704.14476
50.27510	10852.06725
50.30110	10389.74098
50.32710	9499.79976
50.35310	8497.44120
50.37910	7595.57111
50.40510	6823.11691
50.43110	6117.55080
50.45710	5446.17380
50.48310	4843.83710
50.50910	4372.03733
50.53510	4069.09614
50.56110	3932.05163
50.58710	3924.49747
50.61310	3992.81169
50.63910	4081.09230
50.66510	4143.91039
50.69110	4159.43625
50.71710	4140.44420
50.74310	4130.33049
50.76910	4178.61166
50.79510	4315.54218
50.82110	4543.30128
50.84710	4837.25871
50.87310	5148.40470
50.89910	5411.89204
50.92510	5572.80873
50.95110	5621.84751
50.97710	5604.00355
51.00310	5576.97755
51.02910	5561.20253
51.05510	5539.83667
51.08110	5500.68631
51.10710	5463.12055
51.13310	5457.16849
51.15910	5487.58656
51.18510	5531.42589
51.21110	5564.05572
51.23710	5572.44723
51.26310	5540.33536
51.28910	5440.67318
51.31510	5260.23141
51.34110	5021.43749
51.36710	4766.03038
51.39310	4523.74838
51.41910	4303.51004
51.44510	4103.99992
51.47110	3925.06908
51.49710	3771.88743
51.52310	3653.84347
51.54910	3582.69469
51.57510	3569.64952
51.60110	3621.18280
51.62710	3737.50145
51.65310	3916.17659
51.67910	4160.13683
51.70510	4486.63895
51.73110	4930.63323
51.75710	5535.68513
51.78310	6332.46303
51.80910	7311.40383
51.83510	8395.50933
51.86110	9427.02845
51.88710	10200.27391
51.91310	10557.36571
51.93910	10489.60306
51.96510	10131.65098
51.99110	9630.08238
52.01710	9040.05096
52.04310	8362.70825
52.06910	7635.53733
52.09510	6953.69213
52.12110	6419.53712
52.14710	6091.84025
52.17310	5972.11117
52.19910	6011.30620
52.22510	6115.90852
52.25110	6165.75156
52.27710	6063.51453
52.30310	5794.35484
52.32910	5434.26865
52.35510	5082.47729
52.38110	4786.56117
52.40710	4533.55028
52.43310	4292.54455
52.45910	4054.92594
52.48510	3839.36512
52.51110	3669.38082
52.53710	3552.96770
52.56310	3479.88924
52.58910	3432.58798
52.61510	3400.29374
52.64110	3386.39212
52.66710	3405.17052
52.69310	3474.20702
52.71910	3610.70757
52.74510	3831.16080
52.77110	4146.87424
52.79710	4550.17409
52.82310	4996.22456
52.84910	5397.15446
52.87510	5646.51178
52.90110	5673.55956
52.92710	5493.02471
52.95310	5198.99644
52.97910	4896.89483
53.00510	4640.09101
53.03110	4426.87453
53.05710	4239.62312
53.08310	4080.49643
53.10910	3978.22297
53.13510	3972.15075
53.16110	4094.07587
53.18710	4357.64858
53.21310	4753.84662
53.23910	5252.40462
53.26510	5813.46719
53.29110	6410.19166
53.31710	7047.85169
53.34310	7749.82225
53.36910	8499.53236
53.39510	9186.41266
53.42110	9627.42746
53.44710	9675.66618
53.47310	9338.57952
53.49910	8790.11272
53.52510	8246.81966
53.55110	7829.78973
53.57710	7538.81597
53.60310	7326.60720
53.62910	7180.85148
53.65510	7138.77439
53.68110	7230.66813
53.70710	7418.33083
53.73310	7589.92095
53.75910	7614.83442
53.78510	7417.70846
53.81110	7018.01618
53.83710	6508.41292
53.86310	5991.83009
53.88910	5527.10256
53.91510	5121.19134
53.94110	4759.74791
53.96710	4439.45173
53.99310	4177.97760
54.01910	4002.53274
54.04510	3931.79576
54.07110	3963.88100
54.09710	4073.72039
54.12310	4218.63919
54.14910	4350.43636
54.17510	4430.18487
54.20110	4438.70126
54.22710	4377.19831
54.25310	4260.54325
54.27910	4110.37120
54.30510	3949.65206
54.33110	3796.61158
54.35710	3661.42787
54.38310	3548.51964
54.40910	3460.73701
54.43510	3401.32724
54.46110	3372.71948
54.48710	3374.61847
54.51310	3405.11821
54.53910	3464.94112
54.56510	3559.95263
54.59110	3696.45756
54.61710	3869.92062
54.64310	4056.24595
54.66910	4215.87601
54.69510	4312.94619
54.72110	4340.03444
54.74710	4328.88026
54.77310	4332.49187
54.79910	4389.79401
54.82510	4500.64476
54.85110	4625.51791
54.87710	4705.49192
54.90310	4691.91108
54.92910	4572.96584
54.95510	4381.64827
54.98110	4175.59557
55.00710	4002.94121
55.03310	3883.27265
55.05910	3814.30659
55.08510	3790.19761
55.11110	3812.91641
55.13710	3888.71223
55.16310	4015.46104
55.18910	4173.16437
55.21510	4326.28657
55.24110	4438.43069
55.26710	4490.79601
55.29310	4490.37432
55.31910	4459.25980
55.34510	4412.48694
55.37110	4345.54434
55.39710	4244.69834
55.42310	4108.67797
55.44910	3959.13427
55.47510	3830.66709
55.50110	3753.33639
55.52710	3743.95239
55.55310	3807.19728
55.57910	3938.07599
55.60510	4119.97785
55.63110	4321.54410
55.65710	4501.50210
55.68310	4625.75710
55.70910	4687.44778
55.73510	4709.93290
55.76110	4723.11207
55.78710	4733.90461
55.81310	4720.21473
55.83910	4652.50808
55.86510	4523.55760
55.89110	4359.70440
55.91710	4203.00508
55.94310	4084.96152
55.96910	4017.47237
55.99510	4002.56434
56.02110	4047.37076
56.04710	4170.70184
56.07310	4395.83491
56.09910	4735.60724
56.12510	5178.75861
56.15110	5681.76807
56.17710	6169.25559
56.20310	6548.05540
56.22910	6737.02863
56.25510	6701.08549
56.28110	6467.57244
56.30710	6112.06342
56.33310	5718.39622
56.35910	5338.95948
56.38510	4985.00943
56.41110	4646.15013
56.43710	4315.17317
56.46310	3999.53932
56.48910	3716.60504
56.51510	3481.97151
56.54110	3301.74952
56.56710	3172.11669
56.59310	3083.44219
56.61910	3025.11501
56.64510	2988.65553
56.67110	2968.47298
56.69710	2961.08320
56.72310	2964.10803
56.74910	2975.80977
56.77510	2995.14443
56.80110	3021.94251
56.82710	3056.74528
56.85310	3100.08799
56.87910	3151.76015
56.90510	3211.33260
56.93110	3280.91667
56.95710	3369.42688
56.98310	3495.63004
57.00910	3686.82427
57.03510	3972.17907
57.06110	4371.97287
57.08710	4884.33247
57.11310	5473.22386
57.13910	6066.69750
57.16510	6575.74445
57.19110	6933.93993
57.21710	7136.37874
57.24310	7239.50941
57.26910	7308.52712
57.29510	7361.13895
57.32110	7365.31230
57.34710	7285.21495
57.37310	7122.51314
57.39910	6910.80412
57.42510	6675.65955
57.45110	6410.26145
57.47710	6091.26570
57.50310	5712.52266
57.52910	5299.59120
57.55510	4893.90556
57.58110	4527.78255
57.60710	4212.66741
57.63310	3943.56777
57.65910	3710.56354
57.68510	3507.42037
57.71110	3333.13040
57.73710	3189.12014
57.76310	3076.19039
57.78910	2992.92428
57.81510	2935.71482
57.84110	2899.88606
57.86710	2881.07736
57.89310	2876.30012
57.91910	2884.51061
57.94510	2906.74443
57.97110	2945.82622
57.99710	3005.44912
58.02310	3088.30144
58.04910	3193.28001
58.07510	3312.72859
58.10110	3431.84486
58.12710	3532.54555
58.15310	3601.96108
58.17910	3641.37887
58.20510	3667.55912
58.23110	3701.97802
58.25710	3755.61709
58.28310	3821.64675
58.30910	3879.83412
58.33510	3908.12723
58.36110	3893.69245
58.38710	3836.86001
58.41310	3747.72693
58.43910	3640.80067
58.46510	3530.53106
58.49110	3427.24617
58.51710	3335.33467
58.54310	3255.06395
58.56910	3185.88568
58.59510	3128.91980
58.62110	3087.69612
58.64710	3067.02241
58.67310	3070.89503
58.69910	3100.61703
58.72510	3153.53623
58.75110	3222.57246
58.77710	3296.96450
58.80310	3364.61098
58.82910	3415.53971
58.85510	3444.68122
58.88110	3451.95661
58.90710	3439.74042
58.93310	3410.18994
58.95910	3365.10240
58.98510	3307.98674
59.01110	3245.05214
59.03710	3183.49971
59.06310	3129.12923
59.08910	3085.44156
59.11510	3054.34377
59.14110	3037.34130
59.16710	3035.99014
59.19310	3051.23782
59.21910	3082.53223
59.24510	3128.02985
59.27110	3186.62549
59.29710	3261.43703
59.32310	3363.02587
59.34910	3509.53519
59.37510	3721.71227
59.40110	4013.69354
59.42710	4382.52075
59.45310	4799.61110
59.47910	5208.86394
59.50510	5537.13069
59.53110	5718.94366
59.55710	5726.88744
59.58310	5587.17984
59.60910	5363.18508
59.63510	5116.65203
59.66110	4878.95885
59.68710	4651.06411
59.71310	4422.71782
59.73910	4191.42229
59.76510	3968.67715
59.79110	3774.04059
59.81710	3626.20444
59.84310	3538.40305
59.86910	3518.65031
59.89510	3571.30477
59.92110	3696.53756
59.94710	3886.41231
59.97310	4119.48142
59.99910	4358.86637
60.02510	4558.77169
60.05110	4679.80905
60.07710	4705.86944
60.10310	4649.15685
60.12910	4537.27833
60.15510	4395.50591
60.18110	4239.14247
60.20710	4074.86831
60.23310	3905.45487
60.25910	3734.78120
60.28510	3569.59613
60.31110	3417.71578
60.33710	3285.98623
60.36310	3179.42796
60.38910	3100.82429
60.41510	3050.55666
60.44110	3026.72401
60.46710	3025.35892
60.49310	3040.79075
60.51910	3066.31857
60.54510	3095.08984
60.57110	3120.82541
60.59710	3138.22759
60.62310	3143.71772
60.64910	3137.08790
60.67510	3122.80590
60.70110	3108.92795
60.72710	3103.88056
60.75310	3113.49319
60.77910	3139.63101
60.80510	3180.01537
60.83110	3228.56835
60.85710	3276.22665
60.88310	3312.85912
60.90910	3330.89433
60.93510	3329.66354
60.96110	3317.24248
60.98710	3307.40104
61.01310	3314.12340
61.03910	3348.33567
61.06510	3417.76150
61.09110	3527.34605
61.11710	3677.89674
61.14310	3862.75077
61.16910	4064.75562
61.19510	4257.29979
61.22110	4411.69911
61.24710	4508.87441
61.27310	4548.18208
61.29910	4545.33984
61.32510	4519.87633
61.35110	4483.18824
61.37710	4436.19550
61.40310	4375.92053
61.42910	4305.35925
61.45510	4238.37929
61.48110	4193.83070
61.50710	4183.55781
61.53310	4204.17218
61.55910	4237.19114
61.58510	4256.88687
61.61110	4242.52049
61.63710	4189.42417
61.66310	4112.80258
61.68910	4040.77049
61.71510	4000.23838
61.74110	4005.66139
61.76710	4057.44519
61.79310	4148.25273
61.81910	4271.33514
61.84510	4425.12788
61.87110	4610.53289
61.89710	4821.59931
61.92310	5035.84926
61.94910	5213.44351
61.97510	5310.15347
62.00110	5299.38992
62.02710	5189.14141
62.05310	5018.32018
62.07910	4832.51939
62.10510	4659.11676
62.13110	4499.63932
62.15710	4339.29311
62.18310	4163.43256
62.20910	3970.10820
62.23510	3771.68202
62.26110	3586.76402
62.28710	3430.77087
62.31310	3311.78541
62.33910	3231.92434
62.36510	3191.27010
62.39110	3191.59586
62.41710	3238.07535
62.44310	3338.37643
62.46910	3499.49562
62.49510	3723.10623
62.52110	4000.57753
62.54710	4309.71526
62.57310	4615.76437
62.59910	4878.19839
62.62510	5061.90670
62.65110	5147.27850
62.67710	5133.06557
62.70310	5032.95498
62.72910	4871.93570
62.75510	4682.03900
62.78110	4493.44914
62.80710	4325.69385
62.83310	4185.64097
62.85910	4070.77274
62.88510	3973.67661
62.91110	3885.97456
62.93710	3800.86087
62.96310	3714.38243
62.98910	3626.50742
63.01510	3541.80773
63.04110	3468.24430
63.06710	3413.76293
63.09310	3382.57315
63.11910	3373.53495
63.14510	3381.63807
63.17110	3401.50977
63.19710	3430.65880
63.22310	3470.36240
63.24910	3523.88714
63.27510	3594.13933
63.30110	3682.99017
63.32710	3791.92112
63.35310	3921.56010
63.37910	4068.46928
63.40510	4220.77375
63.43110	4356.89139
63.45710	4451.01636
63.48310	4485.02128
63.50910	4460.54621
63.53510	4401.03069
63.56110	4339.29011
63.58710	4300.36105
63.61310	4292.80790
63.63910	4311.18139
63.66510	4344.73511
63.69110	4386.31741
63.71710	4436.61108
63.74310	4502.48224
63.76910	4591.28625
63.79510	4703.76648
63.82110	4828.99758
63.84710	4944.42411
63.87310	5021.66591
63.89910	5037.02713
63.92510	4982.82911
63.95110	4872.59585
63.97710	4735.35495
64.00310	4601.64287
64.02910	4490.15336
64.05510	4402.65213
64.08110	4327.89734
64.10710	4250.77621
64.13310	4161.47297
64.15910	4060.11799
64.18510	3955.28758
64.21110	3859.08008
64.23710	3783.29112
64.26310	3738.01514
64.28910	3730.38625
64.31510	3761.82232
64.34110	3825.00215
64.36710	3902.81172
64.39310	3970.87721
64.41910	4004.33332
64.44510	3987.30689
64.47110	3920.49368
64.49710	3821.04520
64.52310	3713.47699
64.54910	3618.04532
64.57510	3544.39431
64.60110	3492.22680
64.62710	3455.94256
64.65310	3429.35026
64.67910	3407.85898
64.70510	3387.96507
64.73110	3365.92997
64.75710	3337.73842
64.78310	3300.87381
64.80910	3256.45572
64.83510	3209.40627
64.86110	3165.95813
64.88710	3130.56915
64.91310	3104.64586
64.93910	3087.31676
64.96510	3076.85163
64.99110	3071.35894
65.01710	3068.48333
65.04310	3064.93336
65.06910	3056.92081
65.09510	3041.86608
65.12110	3020.43463
65.14710	2997.02824
65.17310	2977.69870
65.19910	2966.96459
65.22510	2965.91898
65.25110	2972.41007
65.27710	2982.68582
65.30310	2993.55150
65.32910	3004.04140
65.35510	3015.78247
65.38110	3031.91965
65.40710	3055.20229
65.43310	3085.91578
65.45910	3120.32404
65.48510	3150.65740
65.51110	3167.38784
65.53710	3163.19333
65.56310	3136.65777
65.58910	3093.23548
65.61510	3042.41593
65.64110	2993.06901
65.66710	2950.24153
65.69310	2914.83327
65.71910	2885.38307
65.74510	2860.44621
65.77110	2840.25320
65.79710	2827.04332
65.82310	2824.34233
65.84910	2835.86711
65.87510	2864.48362
65.90110	2911.26577
65.92710	2974.69672
65.95310	3050.29099
65.97910	3131.04099
66.00510	3208.88650
66.03110	3276.90777
66.05710	3331.21859
66.08310	3371.11591
66.10910	3397.32320
66.13510	3410.55574
66.16110	3412.41897
66.18710	3407.48946
66.21310	3403.67258
66.23910	3409.72114
66.26510	3431.62901
66.29110	3470.10483
66.31710	3520.05072
66.34310	3572.07037
66.36910	3615.39308
66.39510	3641.02862
66.42110	3643.95306
66.44710	3623.67530
66.47310	3583.45455
66.49910	3529.45729
66.52510	3470.53039
66.55110	3417.42427
66.57710	3380.81442
66.60310	3369.42526
66.62910	3389.20566
66.65510	3442.86561
66.68110	3528.89808
66.70710	3640.07525
66.73310	3762.21340
66.75910	3874.67383
66.78510	3954.12349
66.81110	3981.53781
66.83710	3949.68568
66.86310	3866.79399
66.88910	3753.27898
66.91510	3632.31799
66.94110	3520.20534
66.96710	3422.56133
66.99310	3336.77619
67.01910	3257.34352
67.04510	3180.69044
67.07110	3107.36256
67.09710	3041.16320
67.12310	2986.56916
67.14910	2946.38306
67.17510	2920.73964
67.20110	2907.50555
67.22710	2903.62439
67.25310	2906.77387
67.27910	2916.53688
67.30510	2934.50749
67.33110	2963.53825
67.35710	3006.84376
67.38310	3067.17924
67.40910	3145.74433
67.43510	3240.84828
67.46110	3347.09364
67.48710	3455.91917
67.51310	3557.75892
67.53910	3645.24641
67.56510	3715.78119
67.59110	3771.19490
67.61710	3814.26122
67.64310	3845.33907
67.66910	3862.35245
67.69510	3863.30146
67.72110	3848.08358
67.74710	3818.03948
67.77310	3774.57569
67.79910	3718.59054
67.82510	3650.98512
67.85110	3573.71378
67.87710	3490.26930
67.90310	3404.83996
67.92910	3321.09469
67.95510	3241.98455
67.98110	3170.43538
68.00710	3109.84745
68.03310	3063.87358
68.05910	3035.72067
68.08510	3027.25490
68.11110	3038.08633
68.13710	3064.92956
68.16310	3101.54509
68.18910	3139.46962
68.21510	3169.67774
68.24110	3185.04762
68.26710	3182.79661
68.29310	3165.37822
68.31910	3138.89714
68.34510	3110.05160
68.37110	3083.86758
68.39710	3063.42719
68.42310	3050.95309
68.44910	3049.04742
68.47510	3061.33401
68.50110	3092.24116
68.52710	3145.98054
68.55310	3225.06019
68.57910	3328.78599
68.60510	3452.11203
68.63110	3585.13477
68.65710	3713.59812
68.68310	3820.80471
68.70910	3891.26502
68.73510	3915.72334
68.76110	3895.29227
68.78710	3841.26439
68.81310	3769.84306
68.83910	3695.39323
68.86510	3626.25391
68.89110	3564.19735
68.91710	3506.68567
68.94310	3450.43005
68.96910	3394.27223
68.99510	3339.77971
69.02110	3289.65575
69.04710	3245.80870
69.07310	3208.78900
69.09910	3178.80563
69.12510	3157.33593
69.15110	3147.90261
69.17710	3155.14600
69.20310	3182.67391
69.22910	3230.99415
69.25510	3296.45587
69.28110	3371.39329
69.30710	3445.33309
69.33310	3507.14498
69.35910	3547.94048
69.38510	3563.96312
69.41110	3557.81253
69.43710	3536.54631
69.46310	3507.56852
69.48910	3475.37744
69.51510	3441.23160
69.54110	3405.05584
69.56710	3367.50907
69.59310	3330.68877
69.61910	3297.47941
69.64510	3270.47875
69.67110	3251.22209
69.69710	3239.88231
69.72310	3235.22955
69.74910	3234.79565
69.77510	3235.58025
69.80110	3235.37228
69.82710	3234.05839
69.85310	3234.01278
69.87910	3239.18755
69.90510	3253.46909
69.93110	3279.39526
69.95710	3318.01037
69.98310	3369.64987
70.00910	3434.46895
70.03510	3511.69276
70.06110	3597.87157
70.08710	3685.43455
70.11310	3762.89709
70.13910	3817.43080
70.16510	3839.18185
70.19110	3825.36582
70.21710	3781.81946
70.24310	3720.92424
70.26910	3656.94481
70.29510	3601.24681
70.32110	3559.72015
70.34710	3533.24765
70.37310	3520.27711
70.39910	3519.68282
70.42510	3532.25085
70.45110	3560.06680
70.47710	3604.55253
70.50310	3664.72876
70.52910	3736.75227
70.55510	3814.61955
70.58110	3891.19420
70.60710	3959.00118
70.63310	4010.97900
70.65910	4041.50838
70.68510	4047.47242
70.71110	4028.63432
70.73710	3987.02261
70.76310	3925.90660
70.78910	3848.90509
70.81510	3759.36877
70.84110	3660.48499
70.86710	3556.13229
70.89310	3451.31111
70.91910	3351.37757
70.94510	3260.85352
70.97110	3182.86807
70.99710	3119.38212
71.02310	3071.78374
71.04910	3041.40798
71.07510	3029.51663
71.10110	3036.43913
71.12710	3060.20465
71.15310	3095.54483
71.17910	3134.06791
71.20510	3165.89078
71.23110	3182.43705
71.25710	3179.40223
71.28310	3158.24746
71.30910	3125.16423
71.33510	3088.30490
71.36110	3055.08307
71.38710	3030.64782
71.41310	3017.72044
71.43910	3017.41795
71.46510	3030.24470
71.49110	3056.39971
71.51710	3095.07591
71.54310	3143.29089
71.56910	3195.23957
71.59510	3242.95330
71.62110	3278.49348
71.64710	3297.16864
71.67310	3300.28810
71.69910	3295.27247
71.72510	3292.23390
71.75110	3299.19828
71.77710	3319.09604
71.80310	3349.58657
71.82910	3384.99519
71.85510	3419.14398
71.88110	3447.71984
71.90710	3469.00434
71.93310	3482.88600
71.95910	3489.55596
71.98510	3489.25677
72.01110	3482.84104
72.03710	3471.99130
72.06310	3458.67669
72.08910	3444.26772
72.11510	3428.81421
72.14110	3410.99171
72.16710	3389.00869
72.19310	3361.98601
72.21910	3330.65007
72.24510	3296.61138
72.27110	3260.99160
72.29710	3223.83903
72.32310	3184.88021
72.34910	3145.05434
72.37510	3107.66978
72.40110	3078.19604
72.42710	3062.79550
72.45310	3066.56673
72.47910	3092.27231
72.50510	3139.73742
72.53110	3205.78878
72.55710	3284.53174
72.58310	3367.82466
72.60910	3445.95918
72.63510	3508.78415
72.66110	3547.73109
72.68710	3558.75807
72.71310	3544.83288
72.73910	3515.66537
72.76510	3483.98025
72.79110	3460.64903
72.81710	3451.51044
72.84310	3456.61850
72.86910	3471.39499
72.89510	3489.01493
72.92110	3503.04007
72.94710	3509.12160
72.97310	3505.32177
72.99910	3491.87682
73.02510	3471.35298
73.05110	3448.83000
73.07710	3431.06061
73.10310	3424.52214
73.12910	3433.28234
73.15510	3457.44677
73.18110	3492.53876
73.20710	3530.08947
73.23310	3559.57542
73.25910	3571.39451
73.28510	3559.93276
73.31110	3525.31809
73.33710	3472.86358
73.36310	3410.51769
73.38910	3345.73405
73.41510	3283.24642
73.44110	3224.57398
73.46710	3169.10971
73.49310	3115.81667
73.51910	3064.44359
73.54510	3015.82389
73.57110	2971.54492
73.59710	2933.45113
73.62310	2903.24452
73.64910	2882.29721
73.67510	2871.69999
73.70110	2872.41293
73.72710	2885.26810
73.75310	2910.68162
73.77910	2948.17801
73.80510	2995.89030
73.83110	3050.13538
73.85710	3105.31079
73.88310	3154.57936
73.90910	3191.57825
73.93510	3212.67310
73.96110	3218.56851
73.98710	3214.05639
74.01310	3205.78686
74.03910	3199.30488
74.06510	3196.89751
74.09110	3197.12834
74.11710	3196.05974
74.14310	3189.46949
74.16910	3175.05758
74.19510	3153.69883
74.22110	3129.06073
74.24710	3105.63977
74.27310	3086.36697
74.29910	3071.19709
74.32510	3057.26147
74.35110	3040.34973
74.37710	3017.09179
74.40310	2986.87615
74.42910	2952.37555
74.45510	2918.26286
74.48110	2889.03087
74.50710	2867.28188
74.53310	2853.10413
74.55910	2844.42595
74.58510	2838.02456
74.61110	2830.83208
74.63710	2821.14426
74.66310	2809.32321
74.68910	2797.65031
74.71510	2789.34728
74.74110	2787.31775
74.76710	2793.19780
74.79310	2806.89700
74.81910	2826.59511
74.84510	2849.16922
74.87110	2870.98466
74.89710	2888.81780
74.92310	2900.51714
74.94910	2905.13741
74.97510	2902.70857
75.00110	2893.97597
75.02710	2880.12948
75.05310	2862.41370
75.07910	2841.81691
75.10510	2819.05370
75.13110	2794.68374
75.15710	2769.15967
75.18310	2742.87711
75.20910	2716.32937
75.23510	2690.23216
75.26110	2665.42162
75.28710	2642.56967
75.31310	2621.96282
75.33910	2603.48986
75.36510	2586.81600
75.39110	2571.67809
75.41710	2558.20417
75.44310	2547.08930
75.46910	2539.50600
75.49510	2536.81446
75.52110	2540.25413
75.54710	2550.72333
75.57310	2568.63456
75.59910	2593.80236
75.62510	2625.34826
75.65110	2661.64654
75.67710	2700.37672
75.70310	2738.78942
75.72910	2774.27387
75.75510	2805.12527
75.78110	2831.18166
75.80710	2854.00153
75.83310	2876.52138
75.85910	2902.36576
75.88510	2935.01341
75.91110	2977.04140
75.93710	3029.65962
75.96310	3092.53762
75.98910	3163.78729
76.01510	3240.05835
76.04110	3316.75518
76.06710	3388.35111
76.09310	3448.94510
76.11910	3493.40072
76.14510	3519.01510
76.17110	3526.72779
76.19710	3520.53202
76.22310	3505.00748
76.24910	3482.74566
76.27510	3453.53970
76.30110	3415.59423
76.32710	3367.67682
76.35310	3310.76648
76.37910	3248.29961
76.40510	3185.22596
76.43110	3126.63807
76.45710	3076.53348
76.48310	3037.07582
76.50910	3008.57132
76.53510	2990.04909
76.56110	2980.02874
76.58710	2977.06187
76.61310	2979.91837
76.63910	2987.50934
76.66510	2998.64976
76.69110	3011.71050
76.71710	3024.29214
76.74310	3033.22984
76.76910	3035.12834
76.79510	3027.25656
76.82110	3008.45044
76.84710	2979.73321
76.87310	2944.37898
76.89910	2907.21163
76.92510	2873.31212
76.95110	2846.73618
76.97710	2829.75101
77.00310	2822.63484
77.02910	2823.83371
77.05510	2830.30721
77.08110	2838.00294
77.10710	2842.47468
77.13310	2839.67595
77.15910	2826.91723
77.18510	2803.79490
77.21110	2772.58755
77.23710	2737.63082
77.26310	2703.85452
77.28910	2675.30608
77.31510	2654.32908
77.34110	2641.46987
77.36710	2635.86335
77.39310	2635.81738
77.41910	2639.35286
77.44510	2644.52619
77.47110	2649.50148
77.49710	2652.53227
77.52310	2652.07615
77.54910	2647.14579
77.57510	2637.77805
77.60110	2625.31994
77.62710	2612.25428
77.65310	2601.55850
77.67910	2595.91761
77.70510	2597.13835
77.73110	2605.89356
77.75710	2621.74388
77.78310	2643.33618
77.80910	2668.69004
77.83510	2695.50791
77.86110	2721.48688
77.88710	2744.64527
77.91310	2763.64636
77.93910	2777.98215
77.96510	2787.84054
77.99110	2793.73253
78.01710	2796.25538
78.04310	2796.22182
78.06910	2794.93608
78.09510	2794.22735
78.12110	2796.14618
78.14710	2802.57462
78.17310	2814.97598
78.19910	2834.23521
78.22510	2860.43971
78.25110	2892.62691
78.27710	2928.68169
78.30310	2965.51453
78.32910	2999.48350
78.35510	3026.99373
78.38110	3045.31191
78.40710	3053.57769
78.43310	3053.60326
78.45910	3049.74531
78.48510	3047.59738
78.51110	3052.21333
78.53710	3066.83282
78.56310	3092.41412
78.58910	3127.70619
78.61510	3169.56240
78.64110	3213.45222
78.66710	3254.27261
78.69310	3287.41123
78.71910	3309.77469
78.74510	3320.44465
78.77110	3320.85400
78.79710	3314.56355
78.82310	3306.51409
78.84910	3301.58562
78.87510	3302.95494
78.90110	3311.08388
78.92710	3323.63347
78.95310	3336.11938
78.97910	3343.14754
79.00510	3340.10123
79.03110	3324.83737
79.05710	3298.59440
79.08310	3265.57076
79.10910	3231.52500
79.13510	3202.24042
79.16110	3182.33036
79.18710	3174.47472
79.21310	3179.12980
79.23910	3194.70102
79.26510	3218.08434
79.29110	3245.43019
79.31710	3272.92074
79.34310	3297.32224
79.36910	3316.22654
79.39510	3328.18277
79.42110	3332.95616
79.44710	3331.74836
79.47310	3326.89412
79.49910	3320.86026
79.52510	3315.01047
79.55110	3308.81072
79.57710	3299.83371
79.60310	3284.54432
79.62910	3259.61472
79.65510	3223.37472
79.68110	3176.84475
79.70710	3123.78168
79.73310	3069.62672
79.75910	3019.96337
79.78510	2979.28257
79.81110	2950.39292
79.83710	2934.36585
79.86310	2930.78174
79.88910	2938.10255
79.91510	2954.04369
79.94110	2975.85529
79.96710	3000.51736
79.99310	3024.97628
80.01910	3046.55905
80.04510	3063.54619
80.07110	3075.66877
80.09710	3084.16124
80.12310	3091.12120
80.14910	3098.38516
80.17510	3106.58949
80.20110	3115.02232
80.22710	3122.33340
80.25310	3127.65902
80.27910	3131.51305
80.30510	3136.00003
80.33110	3144.40547
80.35710	3160.44577
80.38310	3187.39142
80.40910	3227.30460
80.43510	3280.62859
80.46110	3346.13016
80.48710	3420.95279
80.51310	3500.57034
80.53910	3578.77434
80.56510	3648.13993
80.59110	3701.28448
80.61710	3732.72753
80.64310	3740.59740
80.66910	3727.14207
80.69510	3697.49391
80.72110	3657.31092
80.74710	3610.63992
80.77310	3559.02175
80.79910	3502.03478
80.82510	3438.72821
80.85110	3369.00436
80.87710	3294.23302
80.90310	3217.02911
80.92910	3140.52813
80.95510	3067.51725
80.98110	2999.76690
81.00710	2937.82878
81.03310	2881.32734
81.05910	2829.50663
81.08510	2781.67417
81.11110	2737.31954
81.13710	2695.99905
81.16310	2657.24599
81.18910	2620.64407
81.21510	2585.99583
81.24110	2553.42281
81.26710	2523.29986
81.29310	2496.08177
81.31910	2472.14585
81.34510	2451.70854
81.37110	2434.81117
81.39710	2421.34755
81.42310	2411.10889
81.44910	2403.84126
81.47510	2399.29973
81.50110	2397.28135
81.52710	2397.65026
81.55310	2400.38313
81.57910	2405.65060
81.60510	2413.91023
81.63110	2425.93938
81.65710	2442.71340
81.68310	2465.09854
81.70910	2493.42584
81.73510	2527.08042
81.76110	2564.25186
81.78710	2601.95469
81.81310	2636.38260
81.83910	2663.58369
81.86510	2680.34762
81.89110	2685.07881
81.91710	2678.30480
81.94310	2662.47753
81.96910	2641.06045
81.99510	2617.38305
82.02110	2593.84434
82.04710	2571.69516
82.07310	2551.27165
82.09910	2532.43031
82.12510	2514.97129
82.15110	2498.92873
82.17710	2484.68028
82.20310	2472.86429
82.22910	2464.15080
82.25510	2458.97968
82.28110	2457.38186
82.30710	2458.93764
82.33310	2462.86756
82.35910	2468.23132
82.38510	2474.21256
82.41110	2480.44475
82.43710	2487.26162
82.46310	2495.70514
82.48910	2507.20483
82.51510	2523.03879
82.54110	2543.79557
82.56710	2569.00522
82.59310	2597.04532
82.61910	2625.40277
82.64510	2651.31726
82.67110	2672.69010
82.69710	2688.94886
82.72310	2701.47202
82.74910	2713.35274
82.77510	2728.61140
82.80110	2751.15515
82.82710	2783.75512
82.85310	2827.26926
82.87910	2880.32411
82.90510	2939.55444
82.93110	3000.32763
82.95710	3057.76481
82.98310	3107.80180
83.00910	3148.00402
83.03510	3177.95770
83.06110	3199.28866
83.08710	3215.40145
83.11310	3230.84909
83.13910	3250.31487
83.16510	3277.52551
83.19110	3314.45442
83.21710	3360.88725
83.24310	3414.30585
83.26910	3470.15900
83.29510	3522.59186
83.32110	3565.54121
83.34710	3593.88967
83.37310	3604.28712
83.39910	3595.45900
83.42510	3568.16486
83.45110	3524.98093
83.47710	3469.79055
83.50310	3406.95020
83.52910	3340.53116
83.55510	3274.02082
83.58110	3210.33895
83.60710	3151.77530
83.63310	3099.75827
83.65910	3054.66907
83.68510	3015.87247
83.71110	2981.94608
83.73710	2951.01336
83.76310	2921.13826
83.78910	2890.77489
83.81510	2859.17858
83.84110	2826.56312
83.86710	2793.87799
83.89310	2762.38501
83.91910	2733.34350
83.94510	2707.89961
83.97110	2687.01821
83.99710	2671.31013
84.02310	2660.82911
84.04910	2655.00508
84.07510	2652.76897
84.10110	2652.79863
84.12710	2653.79313
84.15310	2654.70412
84.17910	2654.86954
84.20510	2654.03166
84.23110	2652.27551
84.25710	2649.93539
84.28310	2647.46989
84.30910	2645.26745
84.33510	2643.40578
84.36110	2641.49685
84.38710	2638.74680
84.41310	2634.24411
84.43910	2627.35599
84.46510	2618.03154
84.49110	2606.85033
84.51710	2594.81661
84.54310	2583.04051
84.56910	2572.45515
84.59510	2563.66684
84.62110	2556.99600
84.64710	2552.71291
84.67310	2551.38823
84.69910	2554.20380
84.72510	2563.04721
84.75110	2580.29549
84.77710	2608.33284
84.80310	2648.94466
84.82910	2702.72566
84.85510	2768.59890
84.88110	2843.53807
84.90710	2922.59611
84.93310	2999.33333
84.95910	3066.67913
84.98510	3118.14254
85.01110	3149.13500
85.03710	3158.06748
85.06310	3146.88118
85.08910	3120.76512
85.11510	3087.01672
85.14110	3053.34391
85.16710	3026.18655
85.19310	3009.56694
85.21910	3004.64556
85.24510	3009.87573
85.27110	3021.56951
85.29710	3034.70378
85.32310	3043.83266
85.34910	3044.00101
85.37510	3031.57367
85.40110	3004.89303
85.42710	2964.62150
85.45310	2913.60681
85.47910	2856.21209
85.50510	2797.25136
85.53110	2740.88629
85.55710	2689.87979
85.58310	2645.37548
85.60910	2607.11098
85.63510	2573.88502
85.66110	2544.11644
85.68710	2516.36222
85.71310	2489.69286
85.73910	2463.85896
85.76510	2439.24043
85.79110	2416.62935
85.81710	2396.93604
85.84310	2380.91083
85.86910	2368.94655
85.89510	2360.98590
85.92110	2356.53192
85.94710	2354.75131
85.97310	2354.65323
85.99910	2355.31741
86.02510	2356.12218
86.05110	2356.89178
86.07710	2357.88235
86.10310	2359.59641
86.12910	2362.52057
86.15510	2366.92024
86.18110	2372.75144
86.20710	2379.66533
86.23310	2387.07330
86.25910	2394.26947
86.28510	2400.61758
86.31110	2405.77316
86.33710	2409.84953
86.36310	2413.42366
86.38910	2417.35956
86.41510	2422.54138
86.44110	2429.62287
86.46710	2438.83787
86.49310	2449.88477
86.51910	2461.91782
86.54510	2473.68016
86.57110	2483.76629
86.59710	2490.94864
86.62310	2494.48398
86.64910	2494.31257
86.67510	2491.07633
86.70110	2485.91668
86.72710	2480.09856
86.75310	2474.61436
86.77910	2469.93124
86.80510	2465.96059
86.83110	2462.23579
86.85710	2458.22766
86.88310	2453.68996
86.90910	2448.89854
86.93510	2444.68959
86.96110	2442.31560
86.98710	2443.21951
87.01310	2448.80778
87.03910	2460.23998
87.06510	2478.23239
87.09110	2502.89312
87.11710	2533.62357
87.14310	2569.10571
87.16910	2607.36609
87.19510	2645.89905
87.22110	2681.85516
87.24710	2712.33471
87.27310	2734.80360
87.29910	2747.55154
87.32510	2750.02229
87.35110	2742.86918
87.37710	2727.71285
87.40310	2706.70963
87.42910	2682.09929
87.45510	2655.84929
87.48110	2629.42020
87.50710	2603.65912
87.53310	2578.85629
87.55910	2554.96736
87.58510	2531.91567
87.61110	2509.83659
87.63710	2489.17309
87.66310	2470.62104
87.68910	2454.98111
87.71510	2442.98475
87.74110	2435.13984
87.76710	2431.62253
87.79310	2432.23493
87.81910	2436.43497
87.84510	2443.44099
87.87110	2452.40384
87.89710	2462.60534
87.92310	2473.60999
87.94910	2485.28566
87.97510	2497.66660
88.00110	2510.73849
88.02710	2524.27578
88.05310	2537.80991
88.07910	2550.71418
88.10510	2562.35102
88.13110	2572.23732
88.15710	2580.18141
88.18310	2586.31769
88.20910	2590.98284
88.23510	2594.50270
88.26110	2597.04391
88.28710	2598.63020
88.31310	2599.29755
88.33910	2599.26064
88.36510	2598.93012
88.39110	2598.72301
88.41710	2598.77522
88.44310	2598.73070
88.46910	2597.70997
88.49510	2594.46766
88.52110	2587.69362
88.54710	2576.37137
88.57310	2560.10924
88.59910	2539.36716
88.62510	2515.48806
88.65110	2490.47301
88.67710	2466.58288
88.70310	2445.95318
88.72910	2430.35556
88.75510	2421.11017
88.78110	2419.07507
88.80710	2424.62335
88.83310	2437.54126
88.85910	2456.85760
88.88510	2480.72357
88.91110	2506.51525
88.93710	2531.28195
88.96310	2552.50082
88.98910	2568.85982
89.01510	2580.66647
89.04110	2589.61241
89.06710	2597.97379
89.09310	2607.66040
89.11910	2619.59591
89.14510	2633.67488
89.17110	2649.17157
89.19710	2665.23895
89.22310	2681.20450
89.24910	2696.62695
89.27510	2711.23916
89.30110	2724.85227
89.32710	2737.21295
89.35310	2747.83725
89.37910	2755.93052
89.40510	2760.51721
89.43110	2760.79888
89.45710	2756.59199
89.48310	2748.59092
89.50910	2738.26617
89.53510	2727.43477
89.56110	2717.72588
89.58710	2710.15149
89.61310	2704.85762
89.63910	2701.05236
89.66510	2697.12297
89.69110	2690.96349
89.71710	2680.49472
89.74310	2664.27210
89.76910	2641.98764
89.79510	2614.64101
89.82110	2584.28571
89.84710	2553.48806
89.87310	2524.75675
89.89910	2500.12062
89.92510	2480.89837
89.95110	2467.63675
89.97710	2460.18109
90.00310	2457.84206
90.02910	2459.61673
90.05510	2464.41398
90.08110	2471.23496
90.10710	2479.28217
90.13310	2487.99822
90.15910	2497.05253
90.18510	2506.30656
90.21110	2515.78855
90.23710	2525.67769
90.26310	2536.27129
90.28910	2547.93884
90.31510	2561.11355
90.34110	2576.35899
90.36710	2594.47290
90.39310	2616.51597
90.41910	2643.66250
90.44510	2676.87449
90.47110	2716.51644
90.49710	2762.03870
90.52310	2811.79774
90.54910	2863.02647
90.57510	2911.98303
90.60110	2954.33718
90.62710	2985.83073
90.65310	3003.15766
90.67910	3004.85161
90.70510	2991.80808
90.73110	2967.09281
90.75710	2935.04081
90.78310	2900.06976
90.80910	2865.71408
90.83510	2834.12011
90.86110	2805.98430
90.88710	2780.83295
90.91310	2757.52069
90.93910	2734.79702
90.96510	2711.75951
90.99110	2688.06696
91.01710	2663.90436
91.04310	2639.78683
91.06910	2616.31471
91.09510	2593.96233
91.12110	2572.95640
91.14710	2553.27277
91.17310	2534.74553
91.19910	2517.22626
91.22510	2500.69460
91.25110	2485.24808
91.27710	2470.98210
91.30310	2457.85557
91.32910	2445.63740
91.35510	2433.96253
91.38110	2422.47161
91.40710	2410.97996
91.43310	2399.60625
91.45910	2388.80547
91.48510	2379.30406
91.51110	2371.97803
91.53710	2367.71731
91.56310	2367.29770
91.58910	2371.27396
91.61510	2379.90947
91.64110	2393.14790
91.66710	2410.62234
91.69310	2431.69472
91.71910	2455.51400
91.74510	2481.07537
91.77110	2507.26346
91.79710	2532.87711
91.82310	2556.66693
91.84910	2577.42766
91.87510	2594.15302
91.90110	2606.19908
91.92710	2613.36724
91.95310	2615.85075
91.97910	2614.07056
92.00510	2608.49332
92.03110	2599.52534
92.05710	2587.51586
92.08310	2572.82894
92.10910	2555.90556
92.13510	2537.26537
92.16110	2517.46159
92.18710	2497.03958
92.21310	2476.51946
92.23910	2456.38067
92.26510	2437.02606
92.29110	2418.73870
92.31710	2401.66504
92.34310	2385.83995
92.36910	2371.24970
92.39510	2357.91308
92.42110	2345.95724
92.44710	2335.66500
92.47310	2327.47238
92.49910	2321.90649
92.52510	2319.47758
92.55110	2320.56319
92.57710	2325.31809
92.60310	2333.62108
92.62910	2345.06477
92.65510	2358.98978
92.68110	2374.55544
92.70710	2390.82624
92.73310	2406.84569
92.75910	2421.68755
92.78510	2434.50978
92.81110	2444.64505
92.83710	2451.71825
92.86310	2455.73440
92.88910	2457.07723
92.91510	2456.40350
92.94110	2454.47630
92.96710	2452.00063
92.99310	2449.50699
93.01910	2447.31051
93.04510	2445.55337
93.07110	2444.30635
93.09710	2443.68804
93.12310	2443.95270
93.14910	2445.51155
93.17510	2448.89056
93.20110	2454.64465
93.22710	2463.24603
93.25310	2474.95802
93.27910	2489.70787
93.30510	2506.98297
93.33110	2525.78306
93.35710	2544.65305
93.38310	2561.80744
93.40910	2575.34207
93.43510	2583.50714
93.46110	2584.99915
93.48710	2579.21910
93.51310	2566.43499
93.53910	2547.77791
93.56510	2525.02960
93.59110	2500.24904
93.61710	2475.36764
93.64310	2451.88245
93.66910	2430.70435
93.69510	2412.15103
93.72110	2396.04800
93.74710	2381.90010
93.77310	2369.09516
93.79910	2357.10343
93.82510	2345.63705
93.85110	2334.73927
93.87710	2324.78612
93.90310	2316.40457
93.92910	2310.33337
93.95510	2307.26794
93.98110	2307.72641
94.00710	2311.96127
94.03310	2319.92047
94.05910	2331.24979
94.08510	2345.33405
94.11110	2361.37087
94.13710	2378.47207
94.16310	2395.78779
94.18910	2412.64207
94.21510	2428.64121
94.24110	2443.69783
94.26710	2457.93828
94.29310	2471.53077
94.31910	2484.52720
94.34510	2496.79324
94.37110	2508.04753
94.39710	2517.97342
94.42310	2526.32849
94.44910	2532.99253
94.47510	2537.94501
94.50110	2541.21598
94.52710	2542.86760
94.55310	2543.02542
94.57910	2541.93947
94.60510	2540.03234
94.63110	2537.89565
94.65710	2536.21400
94.68310	2535.63344
94.70910	2536.61799
94.73510	2539.32962
94.76110	2543.55398
94.78710	2548.68878
94.81310	2553.81004
94.83910	2557.82227
94.86510	2559.67804
94.89110	2558.62044
94.91710	2554.37512
94.94310	2547.23275
94.96910	2538.01192
94.99510	2527.93256
95.02110	2518.43422
95.04710	2510.95011
95.07310	2506.62747
95.09910	2506.00256
95.12510	2508.69863
95.15110	2513.28342
95.17710	2517.44424
95.20310	2518.55857
95.22910	2514.53758
95.25510	2504.60100
95.28110	2489.59882
95.30710	2471.69900
95.33310	2453.60075
95.35910	2437.66648
95.38510	2425.32716
95.41110	2416.89354
95.43710	2411.69453
95.46310	2408.38784
95.48910	2405.32704
95.51510	2400.93228
95.54110	2394.03071
95.56710	2384.11014
95.59310	2371.41478
95.61910	2356.84712
95.64510	2341.71401
95.67110	2327.41667
95.69710	2315.19026
95.72310	2305.95224
95.74910	2300.26183
95.77510	2298.36171
95.80110	2300.26067
95.82710	2305.81944
95.85310	2314.81344
95.87910	2326.96020
95.90510	2341.91412
95.93110	2359.24082
95.95710	2378.39005
95.98310	2398.68606
96.00910	2419.35091
96.03510	2439.56963
96.06110	2458.58999
96.08710	2475.83364
96.11310	2490.99120
96.13910	2504.08744
96.16510	2515.50857
96.19110	2525.96987
96.21710	2536.39018
96.24310	2547.66987
96.26910	2560.43054
96.29510	2574.80933
96.32110	2590.36946
96.34710	2606.13586
96.37310	2620.73909
96.39910	2632.65188
96.42510	2640.49195
96.45110	2643.33591
96.47710	2640.96034
96.50310	2633.92107
96.52910	2623.43553
96.55510	2611.11131
96.58110	2598.61700
96.60710	2587.38538
96.63310	2578.40123
96.65910	2572.09558
96.68510	2568.35007
96.71110	2566.60430
96.73710	2566.04618
96.76310	2565.84755
96.78910	2565.38861
96.81510	2564.41470
96.84110	2563.08834
96.86710	2561.93117
96.89310	2561.68168
96.91910	2563.10897
96.94510	2566.82834
96.97110	2573.15882
96.99710	2582.05083
97.02310	2593.09093
97.04910	2605.56508
97.07510	2618.54693
97.10110	2630.97830
97.12710	2641.74271
97.15310	2649.75593
97.17910	2654.08763
97.20510	2654.09348
97.23110	2649.50896
97.25710	2640.47071
97.28310	2627.46924
97.30910	2611.26195
97.33510	2592.76899
97.36110	2572.95537
97.38710	2552.70067
97.41310	2532.68031
97.43910	2513.29017
97.46510	2494.63768
97.49110	2476.60041
97.51710	2458.93033
97.54310	2441.37154
97.56910	2423.75590
97.59510	2406.05548
97.62110	2388.39066
97.64710	2371.00806
97.67310	2354.24607
97.69910	2338.49799
97.72510	2324.17341
97.75110	2311.65534
97.77710	2301.25621
97.80310	2293.18060
97.82910	2287.50241
97.85510	2284.15891
97.88110	2282.95766
97.90710	2283.59254
97.93310	2285.66700
97.95910	2288.72081
97.98510	2292.25603
98.01110	2295.76353
98.03710	2298.76013
98.06310	2300.84224
98.08910	2301.75625
98.11510	2301.47097
98.14110	2300.22036
98.16710	2298.48385
98.19310	2296.90119
98.21910	2296.15419
98.24510	2296.85928
98.27110	2299.49460
98.29710	2304.36169
98.32310	2311.57517
98.34910	2321.07465
98.37510	2332.65430
98.40110	2346.00633
98.42710	2360.77077
98.45310	2376.57937
98.47910	2393.07765
98.50510	2409.91473
98.53110	2426.70619
98.55710	2442.99455
98.58310	2458.23843
98.60910	2471.84988
98.63510	2483.27546
98.66110	2492.09727
98.68710	2498.12778
98.71310	2501.47151
98.73910	2502.52624
98.76510	2501.91218
98.79110	2500.34856
98.81710	2498.51376
98.84310	2496.92301
98.86910	2495.85310
98.89510	2495.33072
98.92110	2495.18912
98.94710	2495.17892
98.97310	2495.10313
98.99910	2494.93685
99.02510	2494.89853
99.05110	2495.46373
99.07710	2497.33440
99.10310	2501.37921
99.12910	2508.54371
99.15510	2519.72956
99.18110	2535.65670
99.20710	2556.72837
99.23310	2582.91511
99.25910	2613.66913
99.28510	2647.87950
99.31110	2683.88433
99.33710	2719.55901
99.36310	2752.48577
99.38910	2780.19659
99.41510	2800.46828
99.44110	2811.63659
99.46710	2812.87050
99.49310	2804.32901
99.51910	2787.13665
99.54510	2763.16761
99.57110	2734.71000
99.59710	2704.11542
99.62310	2673.50733
99.64910	2644.57614
99.67510	2618.46737
99.70110	2595.76236
99.72710	2576.53875
99.75310	2560.48829
99.77910	2547.06230
99.80510	2535.61040
99.83110	2525.48316
99.85710	2516.08438
99.88310	2506.88390
99.90910	2497.42693
99.93510	2487.38159
99.96110	2476.63450
99.98710	2465.39560
100.01310	2454.24290
100.03910	2444.05713
100.06510	2435.85939
100.09110	2430.61870
100.11710	2429.09918
100.14310	2431.77514
100.16910	2438.79980
100.19510	2450.00274
100.22110	2464.90128
100.24710	2482.72422
100.27310	2502.45858
100.29910	2522.92597
100.32510	2542.87997
100.35110	2561.10431
100.37710	2576.50083
100.40310	2588.16904
100.42910	2595.48640
100.45510	2598.17998
100.48110	2596.35946
100.50710	2590.48667
100.53310	2581.28262
100.55910	2569.60633
100.58510	2556.34686
100.61110	2542.34472
100.63710	2528.33446
100.66310	2514.90043
100.68910	2502.44822
100.71510	2491.19729
100.74110	2481.19608
100.76710	2472.35606
100.79310	2464.49750
100.81910	2457.39865
100.84510	2450.84038
100.87110	2444.64406
100.89710	2438.69956
100.92310	2432.97557
100.94910	2427.51005
100.97510	2422.38962
101.00110	2417.72786
101.02710	2413.64457
101.05310	2410.24768
101.07910	2407.61381
101.10510	2405.76821
101.13110	2404.67491
101.15710	2404.24522
101.18310	2404.36379
101.20910	2404.92287
101.23510	2405.85736
101.26110	2407.18019
101.28710	2409.01534
101.31310	2411.62007
101.33910	2415.38349
101.36510	2420.78623
101.39110	2428.29755
101.41710	2438.18021
101.44310	2450.20208
101.46910	2463.34235
101.49510	2475.69613
101.52110	2484.80771
101.54710	2488.47240
101.57310	2485.69132
101.59910	2477.23217
101.62510	2465.41276
101.65110	2453.22233
101.67710	2443.31028
101.70310	2437.35669
101.72910	2435.97321
101.75510	2438.92896
101.78110	2445.42422
101.80710	2454.27890
101.83310	2464.06850
101.85910	2473.29435
101.88510	2480.62149
101.91110	2485.13235
101.93710	2486.49594
101.96310	2484.97579
101.98910	2481.27223
102.01510	2476.26552
102.04110	2470.75986
102.06710	2465.31307
102.09310	2460.18618
102.11910	2455.39217
102.14510	2450.78925
102.17110	2446.16611
102.19710	2441.29244
102.22310	2435.94041
102.24910	2429.90180
102.27510	2423.01596
102.30110	2415.20726
102.32710	2406.52073
102.35310	2397.13785
102.37910	2387.36129
102.40510	2377.57561
102.43110	2368.19917
102.45710	2359.64324
102.48310	2352.28288
102.50910	2346.43583
102.53510	2342.34305
102.56110	2340.14981
102.58710	2339.89043
102.61310	2341.47989
102.63910	2344.71527
102.66510	2349.28776
102.69110	2354.79986
102.71710	2360.78481
102.74310	2366.72980
102.76910	2372.10524
102.79510	2376.40370
102.82110	2379.19154
102.84710	2380.16863
102.87310	2379.22075
102.89910	2376.44534
102.92510	2372.14192
102.95110	2366.77217
102.97710	2360.90323
103.00310	2355.14623
103.02910	2350.09963
103.05510	2346.30245
103.08110	2344.20029
103.10710	2344.12654
103.13310	2346.29817
103.15910	2350.82212
103.18510	2357.70686
103.21110	2366.87422
103.23710	2378.16722
103.26310	2391.35266
103.28910	2406.12285
103.31510	2422.09803
103.34110	2438.83216
103.36710	2455.82496
103.39310	2472.53662
103.41910	2488.40689
103.44510	2502.88177
103.47110	2515.45206
103.49710	2525.70176
103.52310	2533.35227
103.54910	2538.28359
103.57510	2540.52509
103.60110	2540.22271
103.62710	2537.59525
103.65310	2532.89060
103.67910	2526.35010
103.70510	2518.18955
103.73110	2508.60162
103.75710	2497.77421
103.78310	2485.90989
103.80910	2473.23298
103.83510	2459.98172
103.86110	2446.39327
103.88710	2432.69015
103.91310	2419.07100
103.93910	2405.70523
103.96510	2392.72837
103.99110	2380.23846
104.01710	2368.29596
104.04310	2356.92934
104.06910	2346.14772
104.09510	2335.95923
104.12110	2326.39213
104.14710	2317.51247
104.17310	2309.43202
104.19910	2302.30308
104.22510	2296.29996
104.25110	2291.59212
104.27710	2288.31588
104.30310	2286.55038
104.32910	2286.29997
104.35510	2287.48425
104.38110	2289.93786
104.40710	2293.42104
104.43310	2297.64116
104.45910	2302.28371
104.48510	2307.04831
104.51110	2311.68426
104.53710	2316.02147
104.56310	2319.99402
104.58910	2323.65126
104.61510	2327.14973
104.64110	2330.72135
104.66710	2334.62153
104.69310	2339.07048
104.71910	2344.20123
104.74510	2350.02585
104.77110	2356.42379
104.79710	2363.14921
104.82310	2369.85558
104.84910	2376.13721
104.87510	2381.58426
104.90110	2385.84209
104.92710	2388.66204
104.95310	2389.93120
104.97910	2389.67872
105.00510	2388.06359
105.03110	2385.35141
105.05710	2381.88214
105.08310	2378.02909
105.10910	2374.15432
105.13510	2370.56710
105.16110	2367.49492
105.18710	2365.07470
105.21310	2363.36218
105.23910	2362.35340
105.26510	2362.01011
105.29110	2362.28172
105.31710	2363.11763
105.34310	2364.46677
105.36910	2366.27147
105.39510	2368.46352
105.42110	2370.96559
105.44710	2373.69993
105.47310	2376.60279
105.49910	2379.64102
105.52510	2382.82686
105.55110	2386.22397
105.57710	2389.93870
105.60310	2394.09426
105.62910	2398.79451
105.65510	2404.08810
105.68110	2409.94140
105.70710	2416.22382
105.73310	2422.70363
105.75910	2429.05459
105.78510	2434.87741
105.81110	2439.73943
105.83710	2443.23379
105.86310	2445.05047
105.88910	2445.04277
105.91510	2443.26725
105.94110	2439.98204
105.96710	2435.60435
105.99310	2430.64407
106.01910	2425.63529
106.04510	2421.07927
106.07110	2417.40558
106.09710	2414.95038
106.12310	2413.94471
106.14910	2414.50982
106.17510	2416.65936
106.20110	2420.31030
106.22710	2425.30298
106.25310	2431.42681
106.27910	2438.45040
106.30510	2446.15225
106.33110	2454.34405
106.35710	2462.88097
106.38310	2471.65682
106.40910	2480.58696
106.43510	2489.58669
106.46110	2498.55818
106.48710	2507.39427
106.51310	2515.99661
106.53910	2524.29961
106.56510	2532.28294
106.59110	2539.95688
106.61710	2547.32150
106.64310	2554.31617
106.66910	2560.78315
106.69510	2566.46252
106.72110	2571.02097
106.74710	2574.10485
106.77310	2575.40555
106.79910	2574.72644
106.82510	2572.04036
106.85110	2567.52452
106.87710	2561.55732
106.90310	2554.67099
106.92910	2547.47164
106.95510	2540.54897
106.98110	2534.39531
107.00710	2529.34553
107.03310	2525.54291
107.05910	2522.93148
107.08510	2521.27451
107.11110	2520.19875
107.13710	2519.25791
107.16310	2518.00978
107.18910	2516.09760
107.21510	2513.31564
107.24110	2509.64187
107.26710	2505.22851
107.29310	2500.35801
107.31910	2495.38466
107.34510	2490.67865
107.37110	2486.58452
107.39710	2483.39520
107.42310	2481.33483
107.44910	2480.54601
107.47510	2481.07929
107.50110	2482.88621
107.52710	2485.81941
107.55310	2489.64233
107.57910	2494.04801
107.60510	2498.68175
107.63110	2503.16189
107.65710	2507.09838
107.68310	2510.11347
107.70910	2511.86987
107.73510	2512.10665
107.76110	2510.67551
107.78710	2507.56842
107.81310	2502.93430
107.83910	2497.08387
107.86510	2490.47889
107.89110	2483.68566
107.91710	2477.24886
107.94310	2471.44570
107.96910	2465.97976
107.99510	2459.86941
108.02110	2451.83721
108.04710	2441.12493
108.07310	2428.10382
108.09910	2414.08711
108.12510	2400.52835
108.15110	2388.35528
108.17710	2377.87300
108.20310	2369.03864
108.22910	2361.73464
108.25510	2355.89208
108.28110	2351.50339
108.30710	2348.57768
108.33310	2347.06185
108.35910	2346.76557
108.38510	2347.35627
108.41110	2348.46750
108.43710	2349.88238
108.46310	2351.67146
108.48910	2354.17620
108.51510	2357.84422
108.54110	2363.03186
108.56710	2369.89181
108.59310	2378.37930
108.61910	2388.33058
108.64510	2399.54946
108.67110	2411.86427
108.69710	2425.14695
108.72310	2439.30198
108.74910	2454.23649
108.77510	2469.82425
108.80110	2485.87579
108.82710	2502.12393
108.85310	2518.23027
108.87910	2533.81215
108.90510	2548.48423
108.93110	2561.90497
108.95710	2573.81538
108.98310	2584.06100
109.00910	2592.59576
109.03510	2599.47362
109.06110	2604.83103
109.08710	2608.85844
109.11310	2611.76336
109.13910	2613.73263
109.16510	2614.90305
109.19110	2615.34950
109.21710	2615.09259
109.24310	2614.12210
109.26910	2612.42968
109.29510	2610.04001
109.32110	2607.03182
109.34710	2603.54165
109.37310	2599.74665
109.39910	2595.83337
109.42510	2591.96327
109.45110	2588.24397
109.47710	2584.71154
109.50310	2581.32560
109.52910	2577.97599
109.55510	2574.50169
109.58110	2570.72059
109.60710	2566.46712
109.63310	2561.63004
109.65910	2556.17772
109.68510	2550.16366
109.71110	2543.71154
109.73710	2536.98600
109.76310	2530.15795
109.78910	2523.37543
109.81510	2516.74685
109.84110	2510.33677
109.86710	2504.17391
109.89310	2498.26632
109.91910	2492.61832
109.94510	2487.24381
109.97110	2482.17137
109.99710	2477.44113
