2.60250	3452.20000
2.61090	3469.01000
2.61930	3460.75000
2.62770	3459.31000
2.63610	3499.06000
2.64450	3468.50000
2.65290	3505.63000
2.66130	3512.47000
2.66970	3483.65000
2.67810	3519.44000
2.68650	3514.09000
2.69490	3536.00000
2.70330	3542.66000
2.71170	3538.00000
2.72010	3555.47000
2.72850	3574.61000
2.73690	3551.15000
2.74530	3597.12000
2.75370	3592.61000
2.76210	3589.73000
2.77050	3629.23000
2.77890	3608.94000
2.78730	3632.84000
2.79570	3644.32000
2.80410	3648.56000
2.81250	3678.75000
2.82090	3696.91000
2.82930	3665.92000
2.83770	3737.80000
2.84610	3725.05000
2.85450	3748.08000
2.86290	3793.67000
2.87130	3795.16000
2.87970	3841.37000
2.88810	3879.20000
2.89650	3892.91000
2.90490	3937.43000
2.91330	3977.70000
2.92170	4008.21000
2.93010	4078.26000
2.93850	4119.44000
2.94690	4187.12000
2.95530	4253.74000
2.96370	4322.43000
2.97210	4410.11000
2.98050	4517.13000
2.98890	4593.36000
2.99730	4727.14000
3.00570	4836.33000
3.01410	4975.47000
3.02250	5182.54000
3.03090	5339.46000
3.03930	5538.30000
3.04770	5797.52000
3.05610	6092.35000
3.06450	6395.09000
3.07290	6827.20000
3.08130	7224.55000
3.08970	7817.55000
3.09810	8455.32000
3.10650	9320.46000
3.11490	10273.70000
3.12330	11572.40000
3.13170	13262.20000
3.14010	15356.40000
3.14850	18580.10000
3.15690	22897.10000
3.16530	28929.10000
3.17370	37887.10000
3.18210	50175.20000
3.19050	66164.60000
3.19890	87389.10000
3.20730	112876.00000
3.21570	135209.00000
3.22410	158835.00000
3.23250	168555.00000
3.24090	167174.00000
3.24930	152195.00000
3.25770	133454.00000
3.26610	110172.00000
3.27450	88818.40000
3.28290	67572.60000
3.29130	55114.40000
3.29970	41945.80000
3.30810	32958.80000
3.31650	26778.00000
3.32490	21653.70000
3.33330	17872.00000
3.34170	15180.70000
3.35010	12739.90000
3.35850	11117.70000
3.36690	9713.67000
3.37530	8690.88000
3.38370	7796.25000
3.39210	7178.69000
3.40050	6507.59000
3.40890	6063.04000
3.41730	5656.36000
3.42570	5322.98000
3.43410	5047.08000
3.44250	4804.87000
3.45090	4599.72000
3.45930	4403.92000
3.46770	4231.84000
3.47610	4096.53000
3.48450	3955.54000
3.49290	3825.48000
3.50130	3746.05000
3.50970	3632.46000
3.51810	3537.20000
3.52650	3474.51000
3.53490	3371.32000
3.54330	3321.67000
3.55170	3259.50000
3.56010	3193.34000
3.56850	3146.79000
3.57690	3096.29000
3.58530	3030.92000
3.59370	3013.07000
3.60210	2948.26000
3.61050	2923.47000
3.61890	2897.55000
3.62730	2843.93000
3.63570	2835.32000
3.64410	2791.98000
3.65250	2765.00000
3.66090	2756.82000
3.66930	2716.59000
3.67770	2704.00000
3.68610	2689.10000
3.69450	2659.32000
3.70290	2649.77000
3.71130	2650.29000
3.71970	2586.65000
3.72810	2584.58000
3.73650	2571.69000
3.74490	2554.51000
3.75330	2550.10000
3.76170	2515.70000
3.77010	2502.64000
3.77850	2506.94000
3.78690	2470.61000
3.79530	2479.49000
3.80370	2454.99000
3.81210	2441.26000
3.82050	2434.87000
3.82890	2417.37000
3.83730	2406.78000
3.84570	2421.00000
3.85410	2378.31000
3.86250	2402.02000
3.87090	2379.66000
3.87930	2372.43000
3.88770	2366.14000
3.89610	2354.69000
3.90450	2338.36000
3.91290	2350.19000
3.92130	2323.00000
3.92970	2327.05000
3.93810	2312.32000
3.94650	2296.89000
3.95490	2301.18000
3.96330	2299.02000
3.97170	2279.84000
3.98010	2285.40000
3.98850	2282.20000
3.99690	2277.80000
4.00530	2280.88000
4.01370	2261.17000
4.02210	2254.44000
4.03050	2253.49000
4.03890	2236.19000
4.04730	2240.69000
4.05570	2229.06000
4.06410	2222.34000
4.07250	2246.18000
4.08090	2218.69000
4.08930	2223.14000
4.09770	2233.29000
4.10610	2204.11000
4.11450	2212.29000
4.12290	2211.93000
4.13130	2195.06000
4.13970	2211.85000
4.14810	2201.48000
4.15650	2190.39000
4.16490	2199.70000
4.17330	2185.73000
4.18170	2188.97000
4.19010	2185.85000
4.19850	2165.73000
4.20690	2183.43000
4.21530	2179.26000
4.22370	2167.31000
4.23210	2178.81000
4.24050	2157.14000
4.24890	2160.01000
4.25730	2168.33000
4.26570	2154.22000
4.27410	2162.09000
4.28250	2158.62000
4.29090	2150.54000
4.29930	2158.97000
4.30770	2141.60000
4.31610	2141.68000
4.32450	2160.26000
4.33290	2134.84000
4.34130	2139.76000
4.34970	2140.82000
4.35810	2133.91000
4.36650	2133.81000
4.37490	2132.10000
4.38330	2129.38000
4.39170	2137.10000
4.40010	2119.54000
4.40850	2129.10000
4.41690	2135.50000
4.42530	2123.28000
4.43370	2127.40000
4.44210	2118.66000
4.45050	2112.39000
4.45890	2114.19000
4.46730	2120.56000
4.47570	2120.04000
4.48410	2127.66000
4.49250	2108.46000
4.50090	2109.91000
4.50930	2110.38000
4.51770	2104.66000
4.52610	2112.67000
4.53450	2111.02000
4.54290	2107.91000
4.55130	2127.28000
4.55970	2111.90000
4.56810	2110.23000
4.57650	2115.22000
4.58490	2099.36000
4.59330	2114.04000
4.60170	2103.32000
4.61010	2096.64000
4.61850	2103.59000
4.62690	2100.79000
4.63530	2103.84000
4.64370	2106.61000
4.65210	2101.79000
4.66050	2098.96000
4.66890	2100.14000
4.67730	2099.09000
4.68570	2094.47000
4.69410	2088.83000
4.70250	2092.46000
4.71090	2104.03000
4.71930	2090.60000
4.72770	2102.69000
4.73610	2105.17000
4.74450	2094.26000
4.75290	2107.36000
4.76130	2097.57000
4.76970	2096.49000
4.77810	2109.97000
4.78650	2100.98000
4.79490	2098.85000
4.80330	2111.44000
4.81170	2106.33000
4.82010	2122.33000
4.82850	2106.08000
4.83690	2106.87000
4.84530	2120.20000
4.85370	2108.84000
4.86210	2113.42000
4.87050	2116.74000
4.87890	2114.00000
4.88730	2123.71000
4.89570	2126.91000
4.90410	2127.25000
4.91250	2129.06000
4.92090	2118.48000
4.92930	2133.94000
4.93770	2142.87000
4.94610	2136.07000
4.95450	2144.66000
4.96290	2137.80000
4.97130	2135.96000
4.97970	2141.11000
4.98810	2144.21000
4.99650	2152.13000
5.00490	2154.37000
5.01330	2158.58000
5.02170	2173.13000
5.03010	2164.37000
5.03850	2162.55000
5.04690	2174.02000
5.05530	2177.15000
5.06370	2182.70000
5.07210	2194.56000
5.08050	2185.28000
5.08890	2199.57000
5.09730	2206.95000
5.10570	2212.24000
5.11410	2212.64000
5.12250	2229.06000
5.13090	2227.54000
5.13930	2256.66000
5.14770	2244.20000
5.15610	2257.60000
5.16450	2272.47000
5.17290	2269.97000
5.18130	2290.98000
5.18970	2305.70000
5.19810	2311.37000
5.20650	2326.75000
5.21490	2347.87000
5.22330	2368.67000
5.23170	2381.05000
5.24010	2393.46000
5.24850	2414.51000
5.25690	2422.69000
5.26530	2441.17000
5.27370	2475.51000
5.28210	2495.02000
5.29050	2521.76000
5.29890	2556.85000
5.30730	2579.49000
5.31570	2623.12000
5.32410	2666.92000
5.33250	2694.84000
5.34090	2747.35000
5.34930	2807.38000
5.35770	2853.24000
5.36610	2933.46000
5.37450	2993.61000
5.38290	3064.57000
5.39130	3186.74000
5.39970	3272.36000
5.40810	3377.69000
5.41650	3515.88000
5.42490	3657.76000
5.43330	3834.43000
5.44170	4055.74000
5.45010	4295.68000
5.45850	4580.25000
5.46690	4936.91000
5.47530	5350.36000
5.48370	5839.93000
5.49210	6500.22000
5.50050	7318.39000
5.50890	8356.79000
5.51730	9752.53000
5.52570	11314.30000
5.53410	13811.20000
5.54250	16708.10000
5.55090	20335.10000
5.55930	25519.00000
5.56770	30694.60000
5.57610	36261.30000
5.58450	42587.40000
5.59290	47103.60000
5.60130	49817.90000
5.60970	49911.90000
5.61810	47856.10000
5.62650	43679.40000
5.63490	38122.60000
5.64330	32846.80000
5.65170	27481.30000
5.66010	23012.10000
5.66850	19088.10000
5.67690	16149.80000
5.68530	13488.60000
5.69370	11549.70000
5.70210	9961.40000
5.71050	8671.63000
5.71890	7660.16000
5.72730	6788.17000
5.73570	6102.98000
5.74410	5542.79000
5.75250	5094.10000
5.76090	4674.92000
5.76930	4360.40000
5.77770	4086.08000
5.78610	3833.59000
5.79450	3647.55000
5.80290	3478.98000
5.81130	3324.19000
5.81970	3212.32000
5.82810	3096.08000
5.83650	2988.93000
5.84490	2923.37000
5.85330	2827.73000
5.86170	2760.12000
5.87010	2715.64000
5.87850	2632.52000
5.88690	2597.17000
5.89530	2545.22000
5.90370	2511.53000
5.91210	2479.67000
5.92050	2436.69000
5.92890	2403.18000
5.93730	2397.06000
5.94570	2349.52000
5.95410	2340.90000
5.96250	2314.10000
5.97090	2299.74000
5.97930	2275.56000
5.98770	2255.56000
5.99610	2247.63000
6.00450	2222.26000
6.01290	2209.35000
6.02130	2203.64000
6.02970	2189.31000
6.03810	2172.69000
6.04650	2179.92000
6.05490	2157.36000
6.06330	2149.54000
6.07170	2148.71000
6.08010	2128.21000
6.08850	2128.81000
6.09690	2124.21000
6.10530	2108.63000
6.11370	2116.48000
6.12210	2109.32000
6.13050	2105.29000
6.13890	2114.23000
6.14730	2104.89000
6.15570	2107.63000
6.16410	2113.75000
6.17250	2102.96000
6.18090	2105.83000
6.18930	2115.19000
6.19770	2113.79000
6.20610	2125.68000
6.21450	2114.73000
6.22290	2133.33000
6.23130	2139.28000
6.23970	2127.19000
6.24810	2138.67000
6.25650	2133.94000
6.26490	2136.21000
6.27330	2148.55000
6.28170	2140.86000
6.29010	2146.88000
6.29850	2158.18000
6.30690	2159.50000
6.31530	2178.17000
6.32370	2195.25000
6.33210	2205.92000
6.34050	2253.83000
6.34890	2271.33000
6.35730	2309.63000
6.36570	2358.80000
6.37410	2430.37000
6.38250	2533.89000
6.39090	2674.67000
6.39930	2892.40000
6.40770	3164.26000
6.41610	3517.04000
6.42450	3901.49000
6.43290	4254.69000
6.44130	4498.21000
6.44970	4630.19000
6.45810	4579.31000
6.46650	4422.65000
6.47490	4184.80000
6.48330	3919.65000
6.49170	3644.64000
6.50010	3380.03000
6.50850	3131.61000
6.51690	2923.87000
6.52530	2742.19000
6.53370	2579.20000
6.54210	2479.93000
6.55050	2379.04000
6.55890	2302.69000
6.56730	2243.15000
6.57570	2195.83000
6.58410	2151.08000
6.59250	2123.87000
6.60090	2089.53000
6.60930	2077.98000
6.61770	2056.38000
6.62610	2037.45000
6.63450	2036.09000
6.64290	2019.63000
6.65130	1992.65000
6.65970	1995.90000
6.66810	1977.28000
6.67650	1986.04000
6.68490	1972.19000
6.69330	1960.16000
6.70170	1965.30000
6.71010	1954.26000
6.71850	1952.54000
6.72690	1954.19000
6.73530	1938.10000
6.74370	1945.74000
6.75210	1945.63000
6.76050	1930.88000
6.76890	1944.73000
6.77730	1929.98000
6.78570	1925.01000
6.79410	1936.99000
6.80250	1932.43000
6.81090	1929.44000
6.81930	1932.60000
6.82770	1917.47000
6.83610	1928.00000
6.84450	1923.86000
6.85290	1926.25000
6.86130	1925.56000
6.86970	1923.25000
6.87810	1924.88000
6.88650	1921.33000
6.89490	1926.07000
6.90330	1917.51000
6.91170	1924.57000
6.92010	1911.21000
6.92850	1919.39000
6.93690	1912.83000
6.94530	1919.78000
6.95370	1919.82000
6.96210	1911.78000
6.97050	1921.36000
6.97890	1929.43000
6.98730	1912.00000
6.99570	1923.57000
7.00410	1915.29000
7.01250	1923.29000
7.02090	1922.68000
7.02930	1921.30000
7.03770	1937.53000
7.04610	1931.19000
7.05450	1929.48000
7.06290	1932.13000
7.07130	1935.24000
7.07970	1945.45000
7.08810	1957.62000
7.09650	1956.91000
7.10490	1975.49000
7.11330	1987.98000
7.12170	1993.52000
7.13010	2030.37000
7.13850	2059.80000
7.14690	2111.90000
7.15530	2188.34000
7.16370	2272.88000
7.17210	2402.13000
7.18050	2560.52000
7.18890	2718.24000
7.19730	2884.54000
7.20570	3001.25000
7.21410	3041.06000
7.22250	3015.99000
7.23090	2897.23000
7.23930	2744.17000
7.24770	2596.70000
7.25610	2445.93000
7.26450	2327.53000
7.27290	2223.74000
7.28130	2157.94000
7.28970	2107.11000
7.29810	2062.61000
7.30650	2031.17000
7.31490	2016.49000
7.32330	2000.10000
7.33170	1987.84000
7.34010	1977.51000
7.34850	1972.66000
7.35690	1971.53000
7.36530	1959.21000
7.37370	1961.18000
7.38210	1957.95000
7.39050	1949.87000
7.39890	1951.62000
7.40730	1954.76000
7.41570	1942.08000
7.42410	1960.69000
7.43250	1949.60000
7.44090	1954.99000
7.44930	1952.10000
7.45770	1945.80000
7.46610	1958.58000
7.47450	1962.13000
7.48290	1946.76000
7.49130	1956.07000
7.49970	1954.65000
7.50810	1959.92000
7.51650	1969.74000
7.52490	1961.32000
7.53330	1964.80000
7.54170	1966.08000
7.55010	1958.88000
7.55850	1976.87000
7.56690	1969.20000
7.57530	1973.92000
7.58370	1984.30000
7.59210	1976.83000
7.60050	1989.03000
7.60890	1986.47000
7.61730	1982.39000
7.62570	1997.18000
7.63410	1995.37000
7.64250	2007.97000
7.65090	2013.90000
7.65930	2001.79000
7.66770	2021.15000
7.67610	2014.37000
7.68450	2016.83000
7.69290	2032.88000
7.70130	2039.68000
7.70970	2053.97000
7.71810	2062.56000
7.72650	2074.30000
7.73490	2089.44000
7.74330	2101.93000
7.75170	2114.42000
7.76010	2154.76000
7.76850	2161.56000
7.77690	2194.64000
7.78530	2225.46000
7.79370	2271.51000
7.80210	2334.99000
7.81050	2394.16000
7.81890	2493.90000
7.82730	2632.96000
7.83570	2811.39000
7.84410	3077.21000
7.85250	3432.56000
7.86090	3981.34000
7.86930	4648.21000
7.87770	5458.77000
7.88610	6383.16000
7.89450	7243.24000
7.90290	7871.83000
7.91130	8038.21000
7.91970	7794.10000
7.92810	7221.50000
7.93650	6358.20000
7.94490	5607.99000
7.95330	4758.95000
7.96170	4152.72000
7.97010	3657.00000
7.97850	3264.42000
7.98690	2986.42000
7.99530	2765.09000
8.00370	2605.04000
8.01210	2502.87000
8.02050	2413.01000
8.02890	2341.01000
8.03730	2284.63000
8.04570	2238.27000
8.05410	2221.83000
8.06250	2181.20000
8.07090	2170.50000
8.07930	2147.21000
8.08770	2127.84000
8.09610	2122.94000
8.10450	2112.94000
8.11290	2108.92000
8.12130	2107.12000
8.12970	2090.16000
8.13810	2097.36000
8.14650	2091.42000
8.15490	2085.09000
8.16330	2085.72000
8.17170	2080.26000
8.18010	2074.46000
8.18850	2083.69000
8.19690	2075.32000
8.20530	2076.17000
8.21370	2086.62000
8.22210	2077.93000
8.23050	2094.13000
8.23890	2087.18000
8.24730	2097.46000
8.25570	2099.72000
8.26410	2106.62000
8.27250	2111.32000
8.28090	2123.67000
8.28930	2119.61000
8.29770	2133.40000
8.30610	2140.40000
8.31450	2154.42000
8.32290	2168.98000
8.33130	2167.39000
8.33970	2197.57000
8.34810	2212.72000
8.35650	2233.15000
8.36490	2266.98000
8.37330	2281.59000
8.38170	2316.50000
8.39010	2353.16000
8.39850	2391.99000
8.40690	2451.68000
8.41530	2511.08000
8.42370	2573.70000
8.43210	2670.97000
8.44050	2766.39000
8.44890	2889.13000
8.45730	3036.73000
8.46570	3223.08000
8.47410	3455.57000
8.48250	3691.85000
8.49090	4052.01000
8.49930	4421.43000
8.50770	4949.54000
8.51610	5464.91000
8.52450	6142.97000
8.53290	6793.44000
8.54130	7509.05000
8.54970	8155.61000
8.55810	8633.99000
8.56650	8944.72000
8.57490	8948.77000
8.58330	8739.49000
8.59170	8316.51000
8.60010	7713.23000
8.60850	7105.06000
8.61690	6479.24000
8.62530	5901.99000
8.63370	5341.99000
8.64210	4905.69000
8.65050	4498.92000
8.65890	4175.30000
8.66730	3866.64000
8.67570	3637.42000
8.68410	3433.99000
8.69250	3244.45000
8.70090	3107.01000
8.70930	2973.36000
8.71770	2866.44000
8.72610	2780.62000
8.73450	2685.36000
8.74290	2619.85000
8.75130	2556.68000
8.75970	2499.77000
8.76810	2451.54000
8.77650	2415.52000
8.78490	2374.71000
8.79330	2352.11000
8.80170	2313.70000
8.81010	2287.96000
8.81850	2267.55000
8.82690	2233.94000
8.83530	2227.47000
8.84370	2211.92000
8.85210	2188.47000
8.86050	2180.71000
8.86890	2159.34000
8.87730	2162.24000
8.88570	2150.45000
8.89410	2126.35000
8.90250	2126.75000
8.91090	2116.20000
8.91930	2108.27000
8.92770	2098.76000
8.93610	2095.06000
8.94450	2089.50000
8.95290	2085.57000
8.96130	2073.64000
8.96970	2076.70000
8.97810	2078.66000
8.98650	2072.94000
8.99490	2073.90000
9.00330	2063.71000
9.01170	2075.51000
9.02010	2077.92000
9.02850	2070.34000
9.03690	2086.74000
9.04530	2083.37000
9.05370	2101.42000
9.06210	2114.19000
9.07050	2128.34000
9.07890	2159.00000
9.08730	2190.77000
9.09570	2220.07000
9.10410	2285.63000
9.11250	2314.93000
9.12090	2370.78000
9.12930	2395.83000
9.13770	2408.09000
9.14610	2415.00000
9.15450	2392.80000
9.16290	2351.84000
9.17130	2313.67000
9.17970	2261.59000
9.18810	2229.64000
9.19650	2183.80000
9.20490	2140.47000
9.21330	2116.91000
9.22170	2087.11000
9.23010	2058.72000
9.23850	2044.36000
9.24690	2028.80000
9.25530	2013.63000
9.26370	2014.52000
9.27210	1996.31000
9.28050	2001.00000
9.28890	1984.88000
9.29730	1984.01000
9.30570	1979.97000
9.31410	1968.64000
9.32250	1966.07000
9.33090	1962.36000
9.33930	1954.37000
9.34770	1961.27000
9.35610	1958.37000
9.36450	1953.48000
9.37290	1952.29000
9.38130	1946.37000
9.38970	1945.17000
9.39810	1952.66000
9.40650	1940.86000
9.41490	1940.73000
9.42330	1940.26000
9.43170	1939.63000
9.44010	1941.36000
9.44850	1935.54000
9.45690	1935.22000
9.46530	1946.54000
9.47370	1930.63000
9.48210	1939.23000
9.49050	1934.66000
9.49890	1941.57000
9.50730	1942.82000
9.51570	1938.81000
9.52410	1943.09000
9.53250	1947.90000
9.54090	1949.28000
9.54930	1951.12000
9.55770	1947.04000
9.56610	1964.09000
9.57450	1971.53000
9.58290	1972.15000
9.59130	1979.60000
9.59970	1996.78000
9.60810	2007.00000
9.61650	2019.20000
9.62490	2044.84000
9.63330	2073.83000
9.64170	2115.17000
9.65010	2147.77000
9.65850	2208.89000
9.66690	2276.18000
9.67530	2342.78000
9.68370	2421.52000
9.69210	2482.28000
9.70050	2522.77000
9.70890	2533.76000
9.71730	2511.67000
9.72570	2478.08000
9.73410	2416.35000
9.74250	2346.64000
9.75090	2286.51000
9.75930	2218.40000
9.76770	2164.43000
9.77610	2125.38000
9.78450	2078.60000
9.79290	2048.71000
9.80130	2018.00000
9.80970	2003.25000
9.81810	1980.72000
9.82650	1976.33000
9.83490	1956.19000
9.84330	1950.14000
9.85170	1933.56000
9.86010	1936.24000
9.86850	1931.86000
9.87690	1915.46000
9.88530	1924.08000
9.89370	1915.79000
9.90210	1920.00000
9.91050	1913.79000
9.91890	1906.71000
9.92730	1914.78000
9.93570	1910.16000
9.94410	1917.16000
9.95250	1921.96000
9.96090	1928.45000
9.96930	1930.28000
9.97770	1926.64000
9.98610	1931.14000
9.99450	1945.56000
10.00290	1950.01000
10.01130	1949.89000
10.01970	1966.68000
10.02810	1972.07000
10.03650	1993.65000
10.04490	1996.17000
10.05330	2014.32000
10.06170	2030.56000
10.07010	2057.68000
10.07850	2083.70000
10.08690	2118.08000
10.09530	2152.26000
10.10370	2206.02000
10.11210	2271.93000
10.12050	2332.30000
10.12890	2438.02000
10.13730	2555.80000
10.14570	2719.74000
10.15410	2908.39000
10.16250	3219.37000
10.17090	3527.06000
10.17930	3979.66000
10.18770	4470.59000
10.19610	5070.47000
10.20450	5668.16000
10.21290	6230.19000
10.22130	6678.52000
10.22970	6860.32000
10.23810	6826.40000
10.24650	6560.18000
10.25490	6140.52000
10.26330	5651.50000
10.27170	5067.18000
10.28010	4605.56000
10.28850	4146.95000
10.29690	3763.40000
10.30530	3453.82000
10.31370	3174.80000
10.32210	2963.86000
10.33050	2792.46000
10.33890	2637.39000
10.34730	2520.21000
10.35570	2428.98000
10.36410	2339.99000
10.37250	2286.78000
10.38090	2213.86000
10.38930	2175.98000
10.39770	2140.16000
10.40610	2083.12000
10.41450	2066.61000
10.42290	2045.73000
10.43130	2021.12000
10.43970	1999.84000
10.44810	1975.78000
10.45650	1966.53000
10.46490	1958.20000
10.47330	1942.47000
10.48170	1933.02000
10.49010	1923.41000
10.49850	1910.04000
10.50690	1905.80000
10.51530	1893.88000
10.52370	1883.09000
10.53210	1884.30000
10.54050	1877.53000
10.54890	1876.16000
10.55730	1871.66000
10.56570	1872.70000
10.57410	1866.45000
10.58250	1864.67000
10.59090	1853.12000
10.59930	1856.18000
10.60770	1851.72000
10.61610	1854.13000
10.62450	1848.15000
10.63290	1843.36000
10.64130	1849.56000
10.64970	1842.21000
10.65810	1839.36000
10.66650	1838.00000
10.67490	1833.32000
10.68330	1830.42000
10.69170	1836.80000
10.70010	1832.47000
10.70850	1832.79000
10.71690	1828.91000
10.72530	1837.93000
10.73370	1836.49000
10.74210	1836.22000
10.75050	1832.97000
10.75890	1835.77000
10.76730	1836.02000
10.77570	1831.84000
10.78410	1842.50000
10.79250	1841.73000
10.80090	1840.77000
10.80930	1849.62000
10.81770	1845.82000
10.82610	1849.64000
10.83450	1850.19000
10.84290	1856.39000
10.85130	1851.44000
10.85970	1858.28000
10.86810	1859.02000
10.87650	1871.61000
10.88490	1876.86000
10.89330	1872.45000
10.90170	1883.53000
10.91010	1888.70000
10.91850	1892.23000
10.92690	1900.43000
10.93530	1910.37000
10.94370	1919.65000
10.95210	1926.57000
10.96050	1940.10000
10.96890	1949.78000
10.97730	1965.58000
10.98570	1980.76000
10.99410	1996.48000
11.00250	2026.83000
11.01090	2041.58000
11.01930	2076.40000
11.02770	2093.69000
11.03610	2129.04000
11.04450	2167.42000
11.05290	2213.08000
11.06130	2253.10000
11.06970	2317.05000
11.07810	2389.62000
11.08650	2465.97000
11.09490	2554.33000
11.10330	2662.69000
11.11170	2796.51000
11.12010	2937.18000
11.12850	3150.22000
11.13690	3318.20000
11.14530	3576.67000
11.15370	3846.41000
11.16210	4172.21000
11.17050	4540.04000
11.17890	4954.31000
11.18730	5337.26000
11.19570	5723.88000
11.20410	6047.57000
11.21250	6296.78000
11.22090	6457.07000
11.22930	6458.12000
11.23770	6322.28000
11.24610	6109.67000
11.25450	5791.20000
11.26290	5431.60000
11.27130	5074.89000
11.27970	4717.74000
11.28810	4345.25000
11.29650	4055.69000
11.30490	3778.12000
11.31330	3545.69000
11.32170	3343.70000
11.33010	3152.09000
11.33850	3005.60000
11.34690	2860.53000
11.35530	2745.83000
11.36370	2658.31000
11.37210	2569.92000
11.38050	2486.81000
11.38890	2434.25000
11.39730	2368.71000
11.40570	2323.59000
11.41410	2278.80000
11.42250	2249.55000
11.43090	2218.94000
11.43930	2191.36000
11.44770	2173.36000
11.45610	2162.87000
11.46450	2143.67000
11.47290	2141.32000
11.48130	2138.61000
11.48970	2132.60000
11.49810	2137.65000
11.50650	2150.35000
11.51490	2168.65000
11.52330	2187.39000
11.53170	2211.39000
11.54010	2244.78000
11.54850	2291.52000
11.55690	2326.24000
11.56530	2400.72000
11.57370	2476.36000
11.58210	2572.45000
11.59050	2690.59000
11.59890	2811.61000
11.60730	2971.44000
11.61570	3155.12000
11.62410	3358.04000
11.63250	3579.80000
11.64090	3849.60000
11.64930	4055.67000
11.65770	4307.74000
11.66610	4443.30000
11.67450	4559.47000
11.68290	4577.68000
11.69130	4509.85000
11.69970	4376.06000
11.70810	4202.68000
11.71650	3997.95000
11.72490	3775.70000
11.73330	3566.88000
11.74170	3372.25000
11.75010	3170.89000
11.75850	3037.20000
11.76690	2875.10000
11.77530	2760.02000
11.78370	2652.57000
11.79210	2554.68000
11.80050	2484.28000
11.80890	2413.84000
11.81730	2357.90000
11.82570	2306.30000
11.83410	2263.53000
11.84250	2233.19000
11.85090	2196.07000
11.85930	2171.15000
11.86770	2151.88000
11.87610	2138.39000
11.88450	2121.21000
11.89290	2125.57000
11.90130	2116.64000
11.90970	2114.54000
11.91810	2133.47000
11.92650	2134.34000
11.93490	2148.95000
11.94330	2170.26000
11.95170	2190.55000
11.96010	2225.73000
11.96850	2272.22000
11.97690	2312.35000
11.98530	2396.26000
11.99370	2468.70000
12.00210	2572.77000
12.01050	2715.54000
12.01890	2848.87000
12.02730	3073.02000
12.03570	3295.17000
12.04410	3646.92000
12.05250	4073.94000
12.06090	4550.30000
12.06930	5127.69000
12.07770	5857.79000
12.08610	6519.85000
12.09450	7308.07000
12.10290	7948.71000
12.11130	8330.10000
12.11970	8495.15000
12.12810	8341.80000
12.13650	7906.19000
12.14490	7386.23000
12.15330	6703.57000
12.16170	6001.17000
12.17010	5352.23000
12.17850	4801.28000
12.18690	4288.34000
12.19530	3913.80000
12.20370	3566.69000
12.21210	3283.61000
12.22050	3058.34000
12.22890	2843.90000
12.23730	2697.13000
12.24570	2556.47000
12.25410	2441.39000
12.26250	2355.07000
12.27090	2274.79000
12.27930	2203.54000
12.28770	2144.59000
12.29610	2099.47000
12.30450	2049.79000
12.31290	2018.91000
12.32130	1982.78000
12.32970	1959.36000
12.33810	1930.39000
12.34650	1907.33000
12.35490	1897.56000
12.36330	1873.88000
12.37170	1863.47000
12.38010	1849.77000
12.38850	1835.34000
12.39690	1826.24000
12.40530	1818.28000
12.41370	1819.63000
12.42210	1811.67000
12.43050	1809.38000
12.43890	1813.33000
12.44730	1824.64000
12.45570	1835.65000
12.46410	1853.24000
12.47250	1860.63000
12.48090	1885.15000
12.48930	1888.53000
12.49770	1882.67000
12.50610	1864.26000
12.51450	1839.14000
12.52290	1807.77000
12.53130	1790.21000
12.53970	1765.69000
12.54810	1749.91000
12.55650	1732.17000
12.56490	1716.94000
12.57330	1707.12000
12.58170	1697.37000
12.59010	1695.09000
12.59850	1694.46000
12.60690	1685.26000
12.61530	1676.46000
12.62370	1671.27000
12.63210	1670.20000
12.64050	1668.08000
12.64890	1666.57000
12.65730	1671.87000
12.66570	1660.69000
12.67410	1661.14000
12.68250	1666.68000
12.69090	1656.67000
12.69930	1658.69000
12.70770	1662.43000
12.71610	1658.26000
12.72450	1675.11000
12.73290	1661.71000
12.74130	1669.51000
12.74970	1673.38000
12.75810	1660.72000
12.76650	1671.10000
12.77490	1678.76000
12.78330	1681.41000
12.79170	1689.81000
12.80010	1687.41000
12.80850	1706.45000
12.81690	1712.03000
12.82530	1723.17000
12.83370	1746.76000
12.84210	1759.34000
12.85050	1789.83000
12.85890	1818.58000
12.86730	1844.41000
12.87570	1902.63000
12.88410	1954.25000
12.89250	2028.73000
12.90090	2102.42000
12.90930	2184.70000
12.91770	2264.52000
12.92610	2351.83000
12.93450	2430.99000
12.94290	2499.86000
12.95130	2555.51000
12.95970	2585.79000
12.96810	2586.45000
12.97650	2560.66000
12.98490	2521.45000
12.99330	2450.16000
13.00170	2373.76000
13.01010	2291.45000
13.01850	2216.49000
13.02690	2148.95000
13.03530	2074.59000
13.04370	2020.22000
13.05210	1961.84000
13.06050	1921.21000
13.06890	1879.42000
13.07730	1847.51000
13.08570	1814.13000
13.09410	1787.87000
13.10250	1763.85000
13.11090	1745.53000
13.11930	1722.79000
13.12770	1708.71000
13.13610	1690.22000
13.14450	1674.44000
13.15290	1682.89000
13.16130	1664.42000
13.16970	1658.01000
13.17810	1643.49000
13.18650	1646.14000
13.19490	1640.87000
13.20330	1643.88000
13.21170	1635.77000
13.22010	1643.32000
13.22850	1650.25000
13.23690	1656.29000
13.24530	1669.07000
13.25370	1687.27000
13.26210	1717.92000
13.27050	1762.60000
13.27890	1797.34000
13.28730	1870.42000
13.29570	1935.97000
13.30410	2001.31000
13.31250	2041.27000
13.32090	2067.54000
13.32930	2051.79000
13.33770	2013.54000
13.34610	1961.99000
13.35450	1900.15000
13.36290	1840.94000
13.37130	1787.21000
13.37970	1744.04000
13.38810	1700.27000
13.39650	1676.63000
13.40490	1643.65000
13.41330	1622.66000
13.42170	1610.42000
13.43010	1596.04000
13.43850	1591.76000
13.44690	1586.97000
13.45530	1574.74000
13.46370	1570.70000
13.47210	1564.65000
13.48050	1564.44000
13.48890	1566.18000
13.49730	1565.49000
13.50570	1566.20000
13.51410	1557.81000
13.52250	1558.81000
13.53090	1564.79000
13.53930	1561.97000
13.54770	1566.07000
13.55610	1568.03000
13.56450	1576.86000
13.57290	1576.97000
13.58130	1583.78000
13.58970	1587.92000
13.59810	1599.95000
13.60650	1605.27000
13.61490	1618.23000
13.62330	1626.83000
13.63170	1650.41000
13.64010	1663.20000
13.64850	1672.18000
13.65690	1699.50000
13.66530	1714.02000
13.67370	1754.12000
13.68210	1779.15000
13.69050	1808.30000
13.69890	1850.29000
13.70730	1890.72000
13.71570	1928.46000
13.72410	1966.57000
13.73250	2009.25000
13.74090	2026.36000
13.74930	2044.48000
13.75770	2037.51000
13.76610	2026.40000
13.77450	2005.30000
13.78290	1970.24000
13.79130	1933.89000
13.79970	1904.83000
13.80810	1865.71000
13.81650	1831.51000
13.82490	1803.45000
13.83330	1771.85000
13.84170	1743.35000
13.85010	1727.54000
13.85850	1710.18000
13.86690	1685.81000
13.87530	1672.43000
13.88370	1664.32000
13.89210	1658.94000
13.90050	1654.54000
13.90890	1645.81000
13.91730	1650.27000
13.92570	1641.04000
13.93410	1652.39000
13.94250	1652.21000
13.95090	1655.23000
13.95930	1668.83000
13.96770	1673.77000
13.97610	1681.33000
13.98450	1699.46000
13.99290	1721.45000
14.00130	1738.08000
14.00970	1759.73000
14.01810	1792.09000
14.02650	1833.49000
14.03490	1868.64000
14.04330	1920.91000
14.05170	1977.84000
14.06010	2039.32000
14.06850	2129.17000
14.07690	2187.35000
14.08530	2270.08000
14.09370	2348.09000
14.10210	2412.93000
14.11050	2477.62000
14.11890	2533.67000
14.12730	2571.17000
14.13570	2608.44000
14.14410	2610.29000
14.15250	2592.30000
14.16090	2559.49000
14.16930	2498.04000
14.17770	2429.04000
14.18610	2352.46000
14.19450	2285.73000
14.20290	2206.50000
14.21130	2137.18000
14.21970	2066.97000
14.22810	2008.20000
14.23650	1966.33000
14.24490	1910.82000
14.25330	1873.88000
14.26170	1835.13000
14.27010	1797.44000
14.27850	1791.20000
14.28690	1757.65000
14.29530	1736.26000
14.30370	1723.26000
14.31210	1716.18000
14.32050	1706.68000
14.32890	1701.07000
14.33730	1697.84000
14.34570	1701.41000
14.35410	1709.12000
14.36250	1719.39000
14.37090	1746.05000
14.37930	1758.07000
14.38770	1797.34000
14.39610	1832.71000
14.40450	1880.59000
14.41290	1949.95000
14.42130	2006.18000
14.42970	2094.96000
14.43810	2176.04000
14.44650	2265.39000
14.45490	2349.01000
14.46330	2415.20000
14.47170	2455.01000
14.48010	2481.08000
14.48850	2479.38000
14.49690	2463.36000
14.50530	2428.41000
14.51370	2384.54000
14.52210	2317.93000
14.53050	2260.03000
14.53890	2183.10000
14.54730	2125.35000
14.55570	2055.77000
14.56410	2000.16000
14.57250	1943.85000
14.58090	1912.57000
14.58930	1866.52000
14.59770	1839.87000
14.60610	1812.02000
14.61450	1791.36000
14.62290	1780.20000
14.63130	1766.34000
14.63970	1754.69000
14.64810	1754.99000
14.65650	1755.05000
14.66490	1762.52000
14.67330	1775.64000
14.68170	1799.44000
14.69010	1831.41000
14.69850	1844.47000
14.70690	1888.01000
14.71530	1927.05000
14.72370	1985.55000
14.73210	2049.40000
14.74050	2138.63000
14.74890	2237.24000
14.75730	2364.51000
14.76570	2514.90000
14.77410	2690.54000
14.78250	2914.21000
14.79090	3163.86000
14.79930	3460.52000
14.80770	3745.85000
14.81610	4082.43000
14.82450	4401.55000
14.83290	4655.60000
14.84130	4930.86000
14.84970	5079.67000
14.85810	5171.92000
14.86650	5142.11000
14.87490	5037.89000
14.88330	4828.41000
14.89170	4598.67000
14.90010	4288.93000
14.90850	4001.12000
14.91690	3706.48000
14.92530	3436.81000
14.93370	3195.63000
14.94210	2979.37000
14.95050	2785.55000
14.95890	2618.05000
14.96730	2469.94000
14.97570	2340.09000
14.98410	2238.99000
14.99250	2142.23000
15.00090	2060.99000
15.00930	1981.77000
15.01770	1918.28000
15.02610	1864.10000
15.03450	1809.76000
15.04290	1770.41000
15.05130	1725.36000
15.05970	1690.29000
15.06810	1665.20000
15.07650	1641.94000
15.08490	1610.60000
15.09330	1585.93000
15.10170	1569.59000
15.11010	1550.02000
15.11850	1532.99000
15.12690	1519.31000
15.13530	1502.78000
15.14370	1487.67000
15.15210	1484.30000
15.16050	1473.33000
15.16890	1459.76000
15.17730	1456.64000
15.18570	1447.79000
15.19410	1436.21000
15.20250	1436.22000
15.21090	1420.86000
15.21930	1420.20000
15.22770	1415.66000
15.23610	1411.60000
15.24450	1404.07000
15.25290	1399.93000
15.26130	1398.45000
15.26970	1392.64000
15.27810	1381.26000
15.28650	1379.98000
15.29490	1382.69000
15.30330	1377.74000
15.31170	1377.58000
15.32010	1377.22000
15.32850	1372.26000
15.33690	1366.58000
15.34530	1371.26000
15.35370	1365.26000
15.36210	1365.23000
15.37050	1363.07000
15.37890	1365.13000
15.38730	1365.29000
15.39570	1357.43000
15.40410	1356.61000
15.41250	1366.29000
15.42090	1360.73000
15.42930	1366.47000
15.43770	1358.73000
15.44610	1358.98000
15.45450	1367.59000
15.46290	1372.18000
15.47130	1374.00000
15.47970	1378.38000
15.48810	1390.75000
15.49650	1398.43000
15.50490	1412.23000
15.51330	1414.48000
15.52170	1425.73000
15.53010	1424.92000
15.53850	1423.03000
15.54690	1417.50000
15.55530	1400.97000
15.56370	1398.81000
15.57210	1393.23000
15.58050	1387.57000
15.58890	1380.23000
15.59730	1382.91000
15.60570	1379.90000
15.61410	1383.92000
15.62250	1381.26000
15.63090	1385.49000
15.63930	1392.77000
15.64770	1388.83000
15.65610	1396.85000
15.66450	1404.78000
15.67290	1411.79000
15.68130	1417.47000
15.68970	1425.99000
15.69810	1435.45000
15.70650	1453.26000
15.71490	1464.51000
15.72330	1477.55000
15.73170	1506.09000
15.74010	1528.89000
15.74850	1555.51000
15.75690	1595.98000
15.76530	1630.82000
15.77370	1687.83000
15.78210	1757.26000
15.79050	1844.37000
15.79890	1959.86000
15.80730	2094.32000
15.81570	2283.05000
15.82410	2489.81000
15.83250	2725.04000
15.84090	2963.02000
15.84930	3187.76000
15.85770	3368.91000
15.86610	3455.78000
15.87450	3470.48000
15.88290	3387.76000
15.89130	3269.51000
15.89970	3116.13000
15.90810	2945.10000
15.91650	2784.69000
15.92490	2624.95000
15.93330	2479.95000
15.94170	2352.62000
15.95010	2238.94000
15.95850	2145.38000
15.96690	2059.24000
15.97530	1995.35000
15.98370	1946.47000
15.99210	1892.32000
16.00050	1863.49000
16.00890	1838.97000
16.01730	1818.76000
16.02570	1809.70000
16.03410	1808.43000
16.04250	1816.09000
16.05090	1828.45000
16.05930	1851.64000
16.06770	1878.64000
16.07610	1922.65000
16.08450	1977.20000
16.09290	2048.25000
16.10130	2131.45000
16.10970	2234.99000
16.11810	2372.62000
16.12650	2514.83000
16.13490	2691.64000
16.14330	2886.55000
16.15170	3122.65000
16.16010	3349.34000
16.16850	3582.16000
16.17690	3778.45000
16.18530	3921.07000
16.19370	4005.32000
16.20210	3991.60000
16.21050	3918.16000
16.21890	3783.16000
16.22730	3613.55000
16.23570	3433.60000
16.24410	3231.39000
16.25250	3049.75000
16.26090	2868.21000
16.26930	2707.03000
16.27770	2563.18000
16.28610	2427.57000
16.29450	2316.87000
16.30290	2214.43000
16.31130	2122.44000
16.31970	2053.69000
16.32810	1980.02000
16.33650	1930.56000
16.34490	1880.89000
16.35330	1837.78000
16.36170	1802.52000
16.37010	1770.87000
16.37850	1746.58000
16.38690	1729.37000
16.39530	1720.10000
16.40370	1713.03000
16.41210	1707.98000
16.42050	1708.58000
16.42890	1714.53000
16.43730	1722.57000
16.44570	1737.77000
16.45410	1749.40000
16.46250	1773.20000
16.47090	1799.94000
16.47930	1822.46000
16.48770	1864.48000
16.49610	1903.20000
16.50450	1941.64000
16.51290	1979.00000
16.52130	2021.35000
16.52970	2057.99000
16.53810	2083.76000
16.54650	2100.83000
16.55490	2096.67000
16.56330	2086.51000
16.57170	2065.19000
16.58010	2033.12000
16.58850	1991.08000
16.59690	1947.17000
16.60530	1906.24000
16.61370	1863.29000
16.62210	1821.28000
16.63050	1785.20000
16.63890	1746.84000
16.64730	1716.85000
16.65570	1689.93000
16.66410	1665.17000
16.67250	1652.56000
16.68090	1627.86000
16.68930	1618.86000
16.69770	1617.88000
16.70610	1608.86000
16.71450	1615.34000
16.72290	1621.68000
16.73130	1630.43000
16.73970	1652.07000
16.74810	1678.82000
16.75650	1713.99000
16.76490	1755.90000
16.77330	1809.52000
16.78170	1881.37000
16.79010	1951.91000
16.79850	2033.56000
16.80690	2118.40000
16.81530	2193.44000
16.82370	2258.69000
16.83210	2285.39000
16.84050	2290.65000
16.84890	2252.06000
16.85730	2197.28000
16.86570	2121.96000
16.87410	2041.99000
16.88250	1956.43000
16.89090	1873.65000
16.89930	1806.85000
16.90770	1744.54000
16.91610	1691.30000
16.92450	1648.99000
16.93290	1610.37000
16.94130	1581.62000
16.94970	1558.03000
16.95810	1543.67000
16.96650	1525.77000
16.97490	1517.04000
16.98330	1508.48000
16.99170	1510.26000
17.00010	1510.79000
17.00850	1517.32000
17.01690	1522.96000
17.02530	1537.48000
17.03370	1551.76000
17.04210	1576.32000
17.05050	1598.46000
17.05890	1626.16000
17.06730	1658.58000
17.07570	1700.78000
17.08410	1749.12000
17.09250	1804.91000
17.10090	1865.76000
17.10930	1933.46000
17.11770	2011.47000
17.12610	2096.16000
17.13450	2198.59000
17.14290	2292.08000
17.15130	2390.24000
17.15970	2482.63000
17.16810	2553.95000
17.17650	2603.52000
17.18490	2624.90000
17.19330	2624.93000
17.20170	2581.71000
17.21010	2522.34000
17.21850	2453.00000
17.22690	2357.35000
17.23530	2274.74000
17.24370	2185.96000
17.25210	2104.44000
17.26050	2031.12000
17.26890	1954.78000
17.27730	1896.62000
17.28570	1839.40000
17.29410	1792.33000
17.30250	1754.34000
17.31090	1719.48000
17.31930	1694.65000
17.32770	1665.22000
17.33610	1648.59000
17.34450	1632.50000
17.35290	1629.58000
17.36130	1624.74000
17.36970	1633.57000
17.37810	1639.92000
17.38650	1666.03000
17.39490	1695.71000
17.40330	1735.40000
17.41170	1787.95000
17.42010	1850.64000
17.42850	1929.04000
17.43690	2000.07000
17.44530	2070.57000
17.45370	2117.43000
17.46210	2140.27000
17.47050	2133.96000
17.47890	2103.34000
17.48730	2059.18000
17.49570	2000.75000
17.50410	1937.08000
17.51250	1864.37000
17.52090	1806.48000
17.52930	1748.59000
17.53770	1694.76000
17.54610	1652.85000
17.55450	1612.09000
17.56290	1582.52000
17.57130	1553.52000
17.57970	1519.86000
17.58810	1505.97000
17.59650	1487.82000
17.60490	1479.77000
17.61330	1471.23000
17.62170	1460.97000
17.63010	1463.28000
17.63850	1463.06000
17.64690	1468.73000
17.65530	1476.45000
17.66370	1486.79000
17.67210	1507.52000
17.68050	1519.45000
17.68890	1543.18000
17.69730	1570.57000
17.70570	1601.75000
17.71410	1637.75000
17.72250	1684.41000
17.73090	1728.60000
17.73930	1776.81000
17.74770	1837.32000
17.75610	1899.57000
17.76450	1948.25000
17.77290	2000.49000
17.78130	2038.69000
17.78970	2065.52000
17.79810	2076.37000
17.80650	2050.47000
17.81490	2028.49000
17.82330	1987.97000
17.83170	1941.46000
17.84010	1900.54000
17.84850	1841.97000
17.85690	1799.13000
17.86530	1751.76000
17.87370	1707.81000
17.88210	1679.08000
17.89050	1647.14000
17.89890	1632.32000
17.90730	1607.22000
17.91570	1601.09000
17.92410	1590.64000
17.93250	1585.88000
17.94090	1590.20000
17.94930	1596.93000
17.95770	1618.99000
17.96610	1647.45000
17.97450	1678.45000
17.98290	1724.36000
17.99130	1776.69000
17.99970	1850.19000
18.00810	1923.77000
18.01650	2015.95000
18.02490	2108.74000
18.03330	2207.61000
18.04170	2297.28000
18.05010	2358.17000
18.05850	2399.90000
18.06690	2416.00000
18.07530	2381.48000
18.08370	2338.81000
18.09210	2273.70000
18.10050	2194.03000
18.10890	2116.17000
18.11730	2039.78000
18.12570	1965.04000
18.13410	1899.06000
18.14250	1839.71000
18.15090	1788.70000
18.15930	1739.96000
18.16770	1702.71000
18.17610	1664.54000
18.18450	1636.53000
18.19290	1610.38000
18.20130	1585.39000
18.20970	1585.78000
18.21810	1571.66000
18.22650	1569.43000
18.23490	1575.31000
18.24330	1585.33000
18.25170	1598.47000
18.26010	1617.23000
18.26850	1650.59000
18.27690	1683.94000
18.28530	1725.48000
18.29370	1775.39000
18.30210	1824.22000
18.31050	1896.15000
18.31890	1948.74000
18.32730	2004.00000
18.33570	2050.24000
18.34410	2075.14000
18.35250	2093.85000
18.36090	2078.71000
18.36930	2052.87000
18.37770	2004.16000
18.38610	1945.91000
18.39450	1893.70000
18.40290	1827.92000
18.41130	1777.94000
18.41970	1718.54000
18.42810	1666.72000
18.43650	1627.98000
18.44490	1577.07000
18.45330	1546.55000
18.46170	1508.43000
18.47010	1479.97000
18.47850	1452.49000
18.48690	1426.79000
18.49530	1407.75000
18.50370	1383.27000
18.51210	1370.94000
18.52050	1363.60000
18.52890	1337.67000
18.53730	1330.24000
18.54570	1324.03000
18.55410	1317.33000
18.56250	1309.25000
18.57090	1302.33000
18.57930	1300.08000
18.58770	1293.60000
18.59610	1287.47000
18.60450	1283.80000
18.61290	1271.68000
18.62130	1267.80000
18.62970	1257.52000
18.63810	1258.08000
18.64650	1260.20000
18.65490	1253.27000
18.66330	1257.17000
18.67170	1248.68000
18.68010	1256.68000
18.68850	1249.47000
18.69690	1254.27000
18.70530	1255.88000
18.71370	1258.75000
18.72210	1267.92000
18.73050	1272.50000
18.73890	1282.98000
18.74730	1287.22000
18.75570	1299.19000
18.76410	1311.74000
18.77250	1326.77000
18.78090	1350.17000
18.78930	1373.90000
18.79770	1411.13000
18.80610	1456.37000
18.81450	1507.78000
18.82290	1584.69000
18.83130	1678.10000
18.83970	1793.89000
18.84810	1914.34000
18.85650	2035.13000
18.86490	2134.10000
18.87330	2182.18000
18.88170	2192.12000
18.89010	2153.00000
18.89850	2082.21000
18.90690	2006.31000
18.91530	1939.79000
18.92370	1881.47000
18.93210	1832.32000
18.94050	1788.44000
18.94890	1760.70000
18.95730	1726.94000
18.96570	1707.77000
18.97410	1683.12000
18.98250	1665.53000
18.99090	1649.91000
18.99930	1642.69000
19.00770	1636.18000
19.01610	1632.21000
19.02450	1637.05000
19.03290	1645.42000
19.04130	1659.97000
19.04970	1679.63000
19.05810	1706.70000
19.06650	1748.40000
19.07490	1790.47000
19.08330	1847.54000
19.09170	1909.68000
19.10010	1983.92000
19.10850	2081.15000
19.11690	2191.19000
19.12530	2315.13000
19.13370	2458.18000
19.14210	2620.06000
19.15050	2808.18000
19.15890	3002.77000
19.16730	3213.84000
19.17570	3411.23000
19.18410	3584.91000
19.19250	3725.17000
19.20090	3783.35000
19.20930	3809.54000
19.21770	3746.03000
19.22610	3628.03000
19.23450	3486.29000
19.24290	3308.98000
19.25130	3139.05000
19.25970	2969.99000
19.26810	2805.40000
19.27650	2668.66000
19.28490	2522.42000
19.29330	2419.92000
19.30170	2318.36000
19.31010	2234.82000
19.31850	2162.25000
19.32690	2107.94000
19.33530	2074.39000
19.34370	2048.41000
19.35210	2048.14000
19.36050	2068.86000
19.36890	2118.60000
19.37730	2189.69000
19.38570	2306.84000
19.39410	2448.48000
19.40250	2613.42000
19.41090	2804.36000
19.41930	2955.99000
19.42770	3069.64000
19.43610	3129.25000
19.44450	3108.07000
19.45290	3079.95000
19.46130	2995.65000
19.46970	2899.58000
19.47810	2809.98000
19.48650	2690.28000
19.49490	2585.22000
19.50330	2465.43000
19.51170	2354.24000
19.52010	2257.47000
19.52850	2153.89000
19.53690	2079.11000
19.54530	2003.69000
19.55370	1945.34000
19.56210	1899.02000
19.57050	1868.23000
19.57890	1838.57000
19.58730	1834.55000
19.59570	1835.05000
19.60410	1850.75000
19.61250	1874.00000
19.62090	1916.35000
19.62930	1990.30000
19.63770	2080.17000
19.64610	2187.90000
19.65450	2348.14000
19.66290	2541.91000
19.67130	2780.29000
19.67970	3036.07000
19.68810	3301.72000
19.69650	3530.98000
19.70490	3719.58000
19.71330	3853.45000
19.72170	3925.60000
19.73010	3960.92000
19.73850	3960.86000
19.74690	3917.99000
19.75530	3846.90000
19.76370	3729.81000
19.77210	3575.95000
19.78050	3417.72000
19.78890	3227.59000
19.79730	3051.16000
19.80570	2867.25000
19.81410	2703.98000
19.82250	2555.09000
19.83090	2419.89000
19.83930	2305.92000
19.84770	2198.65000
19.85610	2107.60000
19.86450	2030.66000
19.87290	1964.95000
19.88130	1913.22000
19.88970	1864.24000
19.89810	1830.95000
19.90650	1793.85000
19.91490	1777.99000
19.92330	1762.95000
19.93170	1750.39000
19.94010	1751.55000
19.94850	1748.23000
19.95690	1759.30000
19.96530	1774.22000
19.97370	1793.31000
19.98210	1817.31000
19.99050	1848.15000
19.99890	1881.14000
20.00730	1916.88000
20.01570	1954.40000
20.02410	1988.63000
20.03250	2018.10000
20.04090	2041.61000
20.04930	2050.69000
20.05770	2059.63000
20.06610	2044.23000
20.07450	2030.82000
20.08290	2007.09000
20.09130	1983.73000
20.09970	1958.07000
20.10810	1939.53000
20.11650	1923.83000
20.12490	1914.75000
20.13330	1904.93000
20.14170	1911.91000
20.15010	1919.46000
20.15850	1935.38000
20.16690	1957.40000
20.17530	1985.62000
20.18370	2033.82000
20.19210	2079.47000
20.20050	2131.82000
20.20890	2189.46000
20.21730	2263.44000
20.22570	2344.58000
20.23410	2432.83000
20.24250	2519.76000
20.25090	2605.55000
20.25930	2686.98000
20.26770	2760.91000
20.27610	2818.68000
20.28450	2842.56000
20.29290	2840.46000
20.30130	2819.72000
20.30970	2768.40000
20.31810	2704.05000
20.32650	2635.35000
20.33490	2559.30000
20.34330	2483.08000
20.35170	2401.25000
20.36010	2338.80000
20.36850	2274.67000
20.37690	2227.11000
20.38530	2178.98000
20.39370	2142.54000
20.40210	2120.78000
20.41050	2108.78000
20.41890	2104.89000
20.42730	2123.92000
20.43570	2160.18000
20.44410	2208.15000
20.45250	2292.54000
20.46090	2400.57000
20.46930	2524.60000
20.47770	2665.23000
20.48610	2803.67000
20.49450	2920.00000
20.50290	3001.54000
20.51130	3042.51000
20.51970	3046.33000
20.52810	3016.74000
20.53650	2966.38000
20.54490	2897.57000
20.55330	2815.25000
20.56170	2721.61000
20.57010	2618.73000
20.57850	2518.86000
20.58690	2414.71000
20.59530	2307.01000
20.60370	2212.23000
20.61210	2122.47000
20.62050	2046.74000
20.62890	1980.52000
20.63730	1917.48000
20.64570	1870.77000
20.65410	1833.96000
20.66250	1799.85000
20.67090	1780.05000
20.67930	1764.32000
20.68770	1754.68000
20.69610	1750.95000
20.70450	1757.33000
20.71290	1767.93000
20.72130	1787.72000
20.72970	1817.93000
20.73810	1852.58000
20.74650	1881.81000
20.75490	1925.54000
20.76330	1967.76000
20.77170	2021.51000
20.78010	2062.57000
20.78850	2091.84000
20.79690	2119.45000
20.80530	2131.72000
20.81370	2120.28000
20.82210	2097.72000
20.83050	2063.55000
20.83890	2019.94000
20.84730	1962.85000
20.85570	1906.33000
20.86410	1852.82000
20.87250	1793.76000
20.88090	1745.20000
20.88930	1700.79000
20.89770	1660.24000
20.90610	1627.89000
20.91450	1599.96000
20.92290	1580.22000
20.93130	1566.66000
20.93970	1571.33000
20.94810	1573.99000
20.95650	1598.07000
20.96490	1631.87000
20.97330	1686.26000
20.98170	1738.00000
20.99010	1802.71000
20.99850	1863.36000
21.00690	1901.72000
21.01530	1919.36000
21.02370	1906.72000
21.03210	1859.53000
21.04050	1796.81000
21.04890	1724.06000
21.05730	1646.37000
21.06570	1572.75000
21.07410	1511.59000
21.08250	1449.50000
21.09090	1397.48000
21.09930	1353.00000
21.10770	1316.19000
21.11610	1284.74000
21.12450	1264.77000
21.13290	1235.14000
21.14130	1213.02000
21.14970	1194.47000
21.15810	1183.29000
21.16650	1165.30000
21.17490	1151.23000
21.18330	1146.43000
21.19170	1139.34000
21.20010	1131.19000
21.20850	1130.26000
21.21690	1125.67000
21.22530	1127.10000
21.23370	1115.69000
21.24210	1119.30000
21.25050	1118.65000
21.25890	1119.75000
21.26730	1118.41000
21.27570	1128.06000
21.28410	1127.40000
21.29250	1131.75000
21.30090	1136.38000
21.30930	1139.54000
21.31770	1141.52000
21.32610	1149.57000
21.33450	1149.20000
21.34290	1153.83000
21.35130	1154.04000
21.35970	1155.00000
21.36810	1159.34000
21.37650	1154.20000
21.38490	1150.94000
21.39330	1151.30000
21.40170	1147.18000
21.41010	1147.06000
21.41850	1142.53000
21.42690	1137.88000
21.43530	1143.58000
21.44370	1140.29000
21.45210	1138.24000
21.46050	1142.56000
21.46890	1145.32000
21.47730	1147.09000
21.48570	1147.74000
21.49410	1149.15000
21.50250	1155.61000
21.51090	1163.94000
21.51930	1170.20000
21.52770	1174.13000
21.53610	1178.23000
21.54450	1191.90000
21.55290	1196.39000
21.56130	1201.61000
21.56970	1213.57000
21.57810	1216.83000
21.58650	1214.78000
21.59490	1220.58000
21.60330	1221.12000
21.61170	1222.93000
21.62010	1218.78000
21.62850	1221.31000
21.63690	1216.30000
21.64530	1213.08000
21.65370	1207.37000
21.66210	1211.72000
21.67050	1210.65000
21.67890	1212.77000
21.68730	1217.21000
21.69570	1228.23000
21.70410	1235.35000
21.71250	1252.27000
21.72090	1268.04000
21.72930	1292.46000
21.73770	1317.80000
21.74610	1346.21000
21.75450	1379.10000
21.76290	1407.00000
21.77130	1439.65000
21.77970	1469.02000
21.78810	1488.03000
21.79650	1512.95000
21.80490	1525.12000
21.81330	1528.03000
21.82170	1523.43000
21.83010	1512.34000
21.83850	1495.44000
21.84690	1471.35000
21.85530	1445.58000
21.86370	1421.23000
21.87210	1397.21000
21.88050	1381.38000
21.88890	1358.32000
21.89730	1345.63000
21.90570	1342.71000
21.91410	1331.99000
21.92250	1333.57000
21.93090	1343.77000
