3.00000	1485.54966
3.01500	1485.26293
3.03000	1484.96971
3.04500	1484.67019
3.06000	1484.36457
3.07500	1484.05311
3.09000	1483.73618
3.10500	1483.41427
3.12000	1483.08824
3.13500	1482.75975
3.15000	1482.43363
3.16500	1482.13171
3.18000	1481.76586
3.19500	1481.39364
3.21000	1481.01510
3.22500	1480.63031
3.24000	1480.23934
3.25500	1479.84224
3.27000	1479.43908
3.28500	1479.02992
3.30000	1478.61483
3.31500	1478.19386
3.33000	1477.76709
3.34500	1477.33457
3.36000	1476.89636
3.37500	1476.45254
3.39000	1476.00315
3.40500	1475.54826
3.42000	1475.08794
3.43500	1474.62224
3.45000	1474.15122
3.46500	1473.67496
3.48000	1473.19350
3.49500	1472.70692
3.51000	1472.21526
3.52500	1471.71860
3.54000	1471.21700
3.55500	1470.71051
3.57000	1470.19919
3.58500	1469.68312
3.60000	1469.16234
3.61500	1468.63692
3.63000	1468.10692
3.64500	1467.57240
3.66000	1467.03343
3.67500	1466.49006
3.69000	1465.94235
3.70500	1465.39041
3.72000	1464.83434
3.73500	1464.27420
3.75000	1463.71007
3.76500	1463.14199
3.78000	1462.57005
3.79500	1461.99431
3.81000	1461.41483
3.82500	1460.83168
3.84000	1460.24494
3.85500	1459.65467
3.87000	1459.06094
3.88500	1458.46382
3.90000	1457.86338
3.91500	1457.25970
3.93000	1456.65286
3.94500	1456.04292
3.96000	1455.42997
3.97500	1454.81409
3.99000	1454.19535
4.00500	1453.57384
4.02000	1452.94966
4.03500	1452.32289
4.05000	1451.69363
4.06500	1451.06197
4.08000	1450.42804
4.09500	1449.79195
4.11000	1449.15382
4.12500	1448.51381
4.14000	1447.87207
4.15500	1447.22882
4.17000	1446.58428
4.18500	1445.93877
4.20000	1445.29272
4.21500	1444.64679
4.23000	1444.00210
4.24500	1443.36115
4.26000	1442.73431
4.27500	1442.11020
4.29000	1441.44300
4.30500	1440.77422
4.32000	1440.10394
4.33500	1439.43225
4.35000	1438.75922
4.36500	1438.08495
4.38000	1437.40952
4.39500	1436.73303
4.41000	1436.05555
4.42500	1435.37718
4.44000	1434.69803
4.45500	1434.01817
4.47000	1433.33771
4.48500	1432.65676
4.50000	1431.97541
4.51500	1431.29377
4.53000	1430.61194
4.54500	1429.93005
4.56000	1429.24819
4.57500	1428.56650
4.59000	1427.88508
4.60500	1427.20406
4.62000	1426.52357
4.63500	1425.84375
4.65000	1425.16472
4.66500	1424.48662
4.68000	1423.80961
4.69500	1423.13382
4.71000	1422.45942
4.72500	1421.78657
4.74000	1421.11542
4.75500	1420.44616
4.77000	1419.77896
4.78500	1419.11401
4.80000	1418.45150
4.81500	1417.79163
4.83000	1417.13462
4.84500	1416.48068
4.86000	1415.83005
4.87500	1415.18296
4.89000	1414.53966
4.90500	1413.90042
4.92000	1413.26551
4.93500	1412.63523
4.95000	1412.00987
4.96500	1411.38976
4.98000	1410.77523
4.99500	1410.16664
5.01000	1409.56437
5.02500	1408.96881
5.04000	1408.38038
5.05500	1407.79953
5.07000	1407.22673
5.08500	1406.66247
5.10000	1406.10730
5.11500	1405.56177
5.13000	1405.02650
5.14500	1404.50213
5.16000	1403.98935
5.17500	1403.48889
5.19000	1403.00157
5.20500	1402.52821
5.22000	1402.06976
5.23500	1401.62718
5.25000	1401.20157
5.26500	1400.79406
5.28000	1400.40593
5.29500	1400.03854
5.31000	1399.69337
5.32500	1399.37205
5.34000	1399.07637
5.35500	1398.80828
5.37000	1398.56995
5.38500	1398.36374
5.40000	1398.19232
5.41500	1398.05861
5.43000	1397.96591
5.44500	1397.91792
5.46000	1397.91878
5.47500	1397.97322
5.49000	1398.08662
5.50500	1398.26515
5.52000	1398.51592
5.53500	1398.84723
5.55000	1399.26880
5.56500	1399.79217
5.58000	1400.43116
5.59500	1401.20253
5.61000	1402.12701
5.62500	1403.23095
5.64000	1404.54950
5.65500	1406.13312
5.67000	1408.06094
5.68500	1410.46496
5.70000	1413.56709
5.71500	1417.72208
5.73000	1423.44714
5.74500	1431.40463
5.76000	1442.29276
5.77500	1456.61354
5.79000	1474.43525
5.80500	1495.40671
5.82000	1518.99604
5.83500	1544.70125
5.85000	1572.14617
5.86500	1601.09564
5.88000	1631.43001
5.89500	1663.10821
5.91000	1696.13679
5.92500	1730.55034
5.94000	1766.40120
5.95500	1803.75503
5.97000	1842.68902
5.98500	1883.29157
6.00000	1925.66252
6.01500	1969.91383
6.03000	2016.17051
6.04500	2064.57203
6.06000	2115.27387
6.07500	2168.44958
6.09000	2224.29318
6.10500	2283.02217
6.12000	2344.88114
6.13500	2410.14642
6.15000	2479.13250
6.16500	2552.20489
6.18000	2629.83357
6.19500	2712.21013
6.21000	2800.03508
6.22500	2893.92057
6.24000	2994.58006
6.25500	3102.85093
6.27000	3219.72372
6.28500	3346.38037
6.30000	3484.24526
6.31500	3635.05466
6.33000	3800.95376
6.34500	3984.63771
6.36000	4189.56715
6.37500	4420.31911
6.39000	4683.18680
6.40500	4987.18980
6.42000	5345.54823
6.43500	5777.02192
6.45000	6304.87607
6.46500	6949.03677
6.48000	7706.80289
6.49500	8522.83406
6.51000	9258.82947
6.52500	9680.16324
6.54000	9495.50101
6.55500	8543.70345
6.57000	7052.68859
6.58500	5492.88967
6.60000	4189.88822
6.61500	3244.21381
6.63000	2623.26321
6.64500	2241.61964
6.66000	2011.80151
6.67500	1868.61533
6.69000	1772.51642
6.70500	1702.66627
6.72000	1648.80183
6.73500	1605.73678
6.75000	1570.55067
6.76500	1541.37740
6.78000	1516.91482
6.79500	1496.21106
6.81000	1478.55410
6.82500	1463.40534
6.84000	1450.35727
6.85500	1439.10738
6.87000	1429.44444
6.88500	1421.24298
6.90000	1414.46055
6.91500	1409.12915
6.93000	1405.32828
6.94500	1403.12526
6.96000	1402.49900
6.97500	1403.31755
6.99000	1405.39197
7.00500	1408.53867
7.02000	1412.61090
7.03500	1417.50548
7.05000	1423.15754
7.06500	1429.53092
7.08000	1436.60932
7.09500	1444.39005
7.11000	1452.88043
7.12500	1462.09601
7.14000	1472.05984
7.15500	1482.80236
7.17000	1494.36160
7.18500	1506.78361
7.20000	1520.12323
7.21500	1534.44500
7.23000	1549.82450
7.24500	1566.34989
7.26000	1584.12397
7.27500	1603.26677
7.29000	1623.91877
7.30500	1646.24500
7.32000	1670.44037
7.33500	1696.73641
7.35000	1725.41029
7.36500	1756.79665
7.38000	1791.30383
7.39500	1829.43644
7.41000	1871.82828
7.42500	1919.29276
7.44000	1972.90479
7.45500	2034.13762
7.47000	2105.07996
7.48500	2188.71369
7.50000	2289.06672
7.51500	2410.72168
7.53000	2556.82715
7.54500	2724.91730
7.56000	2900.90629
7.57500	3052.99130
7.59000	3128.47356
7.60500	3064.22120
7.62000	2834.70962
7.63500	2503.07738
7.65000	2171.10705
7.66500	1899.80657
7.68000	1703.61022
7.69500	1572.90909
7.71000	1489.93723
7.72500	1437.58678
7.74000	1403.26184
7.75500	1379.21006
7.77000	1361.19764
7.78500	1347.02575
7.80000	1335.51527
7.81500	1325.96996
7.83000	1317.93286
7.84500	1311.08105
7.86000	1305.17657
7.87500	1300.03989
7.89000	1295.53336
7.90500	1291.55009
7.92000	1288.00616
7.93500	1284.83505
7.95000	1281.98366
7.96500	1279.40932
7.98000	1277.07779
7.99500	1274.96199
8.01000	1273.04611
8.02500	1271.28775
8.04000	1269.68710
8.05500	1268.23248
8.07000	1266.91494
8.08500	1265.72802
8.10000	1264.66754
8.11500	1263.73160
8.13000	1262.92066
8.14500	1262.23769
8.16000	1261.68865
8.17500	1261.28325
8.19000	1261.03650
8.20500	1260.97149
8.22000	1261.12460
8.23500	1261.55362
8.25000	1262.34894
8.26500	1263.64538
8.28000	1265.62915
8.29500	1268.52915
8.31000	1272.57353
8.32500	1277.90525
8.34000	1284.51965
8.35500	1292.29983
8.37000	1301.09603
8.38500	1310.78469
8.40000	1321.28661
8.41500	1332.56274
8.43000	1344.60772
8.44500	1357.44114
8.46000	1371.10075
8.47500	1385.63851
8.49000	1401.11890
8.50500	1417.61893
8.52000	1435.22899
8.53500	1454.05460
8.55000	1474.21875
8.56500	1495.86497
8.58000	1519.16134
8.59500	1544.30568
8.61000	1571.53214
8.62500	1601.12005
8.64000	1633.40527
8.65500	1668.79583
8.67000	1707.79356
8.68500	1751.02544
8.70000	1799.29106
8.71500	1853.63838
8.73000	1915.48525
8.74500	1986.79728
8.76000	2070.27946
8.77500	2169.38773
8.79000	2287.71593
8.80500	2427.12448
8.82000	2584.16743
8.83500	2745.02246
8.85000	2879.72502
8.86500	2938.22858
8.88000	2862.08178
8.89500	2635.90021
8.91000	2328.61342
8.92500	2032.44790
8.94000	1795.05203
8.95500	1623.59435
8.97000	1507.48828
8.98500	1431.36267
9.00000	1381.28306
9.01500	1347.10241
9.03000	1322.45758
9.04500	1303.72366
9.06000	1288.90272
9.07500	1276.85404
9.09000	1266.87106
9.10500	1258.47771
9.12000	1251.33351
9.13500	1245.18612
9.15000	1239.84437
9.16500	1235.16113
9.18000	1231.02163
9.19500	1227.33532
9.21000	1224.02997
9.22500	1221.04738
9.24000	1218.34027
9.25500	1215.86988
9.27000	1213.60423
9.28500	1211.51670
9.30000	1209.58502
9.31500	1207.79043
9.33000	1206.11706
9.34500	1204.55139
9.36000	1203.08186
9.37500	1201.69857
9.39000	1200.39297
9.40500	1199.15770
9.42000	1197.98643
9.43500	1196.87380
9.45000	1195.81623
9.46500	1194.80764
9.48000	1193.83951
9.49500	1192.91297
9.51000	1192.02509
9.52500	1191.17326
9.54000	1190.35518
9.55500	1189.56882
9.57000	1188.81237
9.58500	1188.08426
9.60000	1187.38307
9.61500	1186.70759
9.63000	1186.05672
9.64500	1185.42952
9.66000	1184.82518
9.67500	1184.24299
9.69000	1183.68236
9.70500	1183.14278
9.72000	1182.62385
9.73500	1182.12526
9.75000	1181.64678
9.76500	1181.18827
9.78000	1180.74966
9.79500	1180.33093
9.81000	1179.93218
9.82500	1179.55381
9.84000	1179.19610
9.85500	1178.85937
9.87000	1178.54404
9.88500	1178.25062
9.90000	1177.97968
9.91500	1177.73193
9.93000	1177.50815
9.94500	1177.30930
9.96000	1177.13648
9.97500	1176.99101
9.99000	1176.87473
10.00500	1176.79269
10.02000	1176.73539
10.03500	1176.71270
10.05000	1176.72543
10.06500	1176.78003
10.08000	1176.89110
10.09500	1177.05210
10.11000	1177.19882
10.12500	1177.38986
10.14000	1177.62823
10.15500	1177.91623
10.17000	1178.25864
10.18500	1178.65976
10.20000	1179.12446
10.21500	1179.65824
10.23000	1180.26733
10.24500	1180.95901
10.26000	1181.74303
10.27500	1182.62607
10.29000	1183.60934
10.30500	1184.71210
10.32000	1185.94759
10.33500	1187.33118
10.35000	1188.88081
10.36500	1190.61756
10.38000	1192.56641
10.39500	1194.75723
10.41000	1197.22611
10.42500	1200.01728
10.44000	1203.18607
10.45500	1206.80752
10.47000	1210.95220
10.48500	1215.75346
10.50000	1221.38128
10.51500	1228.07943
10.53000	1236.19985
10.54500	1246.24142
10.56000	1258.87781
10.57500	1274.93183
10.59000	1295.21538
10.60500	1320.22694
10.62000	1349.96976
10.63500	1384.11720
10.65000	1422.29885
10.66500	1464.25894
10.68000	1509.89482
10.69500	1559.24704
10.71000	1612.48087
10.72500	1669.85378
10.74000	1731.72347
10.75500	1798.55122
10.77000	1870.88789
10.78500	1949.40081
10.80000	2034.90547
10.81500	2128.38306
10.83000	2231.02709
10.84500	2344.28042
10.86000	2470.01043
10.87500	2610.76578
10.89000	2769.40513
10.90500	2949.90909
10.92000	3157.45918
10.93500	3398.40671
10.95000	3679.34161
10.96500	4004.29906
10.98000	4369.00826
10.99500	4751.04304
11.01000	5094.43763
11.02500	5291.41623
11.04000	5193.85376
11.05500	4727.81846
11.07000	4028.27640
11.08500	3326.42833
11.10000	2753.55601
11.11500	2330.88866
11.13000	2033.78854
11.14500	1828.71793
11.16000	1686.31294
11.17500	1584.86125
11.19000	1509.94122
11.20500	1452.59640
11.22000	1407.38927
11.23500	1370.94598
11.25000	1341.06483
11.26500	1316.22846
11.28000	1295.34521
11.29500	1277.60633
11.31000	1262.40030
11.32500	1249.25751
11.34000	1237.81260
11.35500	1227.77853
11.37000	1218.92534
11.38500	1211.06749
11.40000	1204.05601
11.41500	1197.76455
11.43000	1192.09785
11.44500	1186.96907
11.46000	1182.30584
11.47500	1178.05232
11.49000	1174.15861
11.50500	1170.58221
11.52000	1167.28683
11.53500	1164.24144
11.55000	1161.41853
11.56500	1158.79460
11.58000	1156.34963
11.59500	1154.06590
11.61000	1151.92786
11.62500	1149.92178
11.64000	1148.03557
11.65500	1146.25850
11.67000	1144.58108
11.68500	1142.99485
11.70000	1141.49229
11.71500	1140.06672
11.73000	1138.71213
11.74500	1137.42291
11.76000	1136.19458
11.77500	1135.02315
11.79000	1133.90578
11.80500	1132.84668
11.82000	1131.82029
11.83500	1130.82986
11.85000	1129.87830
11.86500	1128.96309
11.88000	1128.08195
11.89500	1127.23282
11.91000	1126.41382
11.92500	1125.62324
11.94000	1124.85965
11.95500	1124.12123
11.97000	1123.40684
11.98500	1122.71456
12.00000	1122.04502
12.01500	1121.39392
12.03000	1120.75711
12.04500	1120.13515
12.06000	1119.52015
12.07500	1118.90986
12.09000	1118.36626
12.10500	1117.84206
12.12000	1117.32470
12.13500	1116.82301
12.15000	1116.33667
12.16500	1115.86547
12.18000	1115.40935
12.19500	1114.96940
12.21000	1114.54185
12.22500	1114.12905
12.24000	1113.73247
12.25500	1113.35140
12.27000	1112.97978
12.28500	1112.62172
12.30000	1112.27858
12.31500	1111.95083
12.33000	1111.63958
12.34500	1111.34399
12.36000	1111.06466
12.37500	1110.80353
12.39000	1110.56172
12.40500	1110.34059
12.42000	1110.14178
12.43500	1109.96721
12.45000	1109.81923
12.46500	1109.70069
12.48000	1109.61503
12.49500	1109.56651
12.51000	1109.56049
12.52500	1109.60386
12.54000	1109.70615
12.55500	1109.88740
12.57000	1110.13798
12.58500	1110.46689
12.60000	1110.91436
12.61500	1111.51269
12.63000	1112.30680
12.64500	1113.35833
12.66000	1114.74658
12.67500	1116.55756
12.69000	1118.85565
12.70500	1121.65896
12.72000	1124.94951
12.73500	1128.70304
12.75000	1132.90760
12.76500	1137.56764
12.78000	1142.70352
12.79500	1148.35063
12.81000	1154.55797
12.82500	1161.38900
12.84000	1168.92332
12.85500	1177.25935
12.87000	1186.51823
12.88500	1196.84903
12.90000	1208.43538
12.91500	1221.50318
12.93000	1236.32761
12.94500	1253.23357
12.96000	1272.57375
12.97500	1294.65119
12.99000	1319.51747
13.00500	1346.48130
13.02000	1373.05056
13.03500	1393.10770
13.05000	1395.87554
13.06500	1371.67913
13.08000	1325.02593
13.09500	1273.34572
13.11000	1229.61526
13.12500	1196.83629
13.14000	1173.26228
13.15500	1156.37731
13.17000	1144.13825
13.18500	1135.10824
13.20000	1128.32816
13.21500	1123.17072
13.23000	1119.22663
13.24500	1116.22296
13.26000	1113.96713
13.27500	1112.31550
13.29000	1111.15854
13.30500	1110.41225
13.32000	1110.02137
13.33500	1109.94592
13.35000	1110.16011
13.36500	1110.64832
13.38000	1111.40609
13.39500	1112.43778
13.41000	1113.76435
13.42500	1115.37516
13.44000	1117.31492
13.45500	1119.62420
13.47000	1122.35241
13.48500	1125.55883
13.50000	1129.30529
13.51500	1133.64029
13.53000	1138.66055
13.54500	1144.20375
13.56000	1149.85321
13.57500	1154.55200
13.59000	1156.29121
13.60500	1152.73949
13.62000	1143.64949
13.63500	1132.03290
13.65000	1121.26307
13.66500	1112.73262
13.68000	1106.38022
13.69500	1101.70410
13.71000	1098.22516
13.72500	1095.58386
13.74000	1093.52948
13.75500	1091.89240
13.77000	1090.55830
13.78500	1089.44968
13.80000	1088.51138
13.81500	1087.70662
13.83000	1087.01242
13.84500	1086.39762
13.86000	1085.84189
13.87500	1085.34205
13.89000	1084.88906
13.90500	1084.47596
13.92000	1084.09781
13.93500	1083.74979
13.95000	1083.42442
13.96500	1083.12193
13.98000	1082.83996
13.99500	1082.57663
14.01000	1082.33038
14.02500	1082.10000
14.04000	1081.88449
14.05500	1081.68305
14.07000	1081.49507
14.08500	1081.32009
14.10000	1081.15782
14.11500	1081.00820
14.13000	1080.87202
14.14500	1080.74749
14.16000	1080.63451
14.17500	1080.53582
14.19000	1080.45022
14.20500	1080.37274
14.22000	1080.30849
14.23500	1080.25801
14.25000	1080.22202
14.26500	1080.20149
14.28000	1080.19810
14.29500	1080.21820
14.31000	1080.25031
14.32500	1080.29094
14.34000	1080.35035
14.35500	1080.42979
14.37000	1080.53070
14.38500	1080.65465
14.40000	1080.80351
14.41500	1080.97960
14.43000	1081.18584
14.44500	1081.42111
14.46000	1081.69203
14.47500	1081.99911
14.49000	1082.34391
14.50500	1082.73316
14.52000	1083.17090
14.53500	1083.66257
14.55000	1084.21402
14.56500	1084.83200
14.58000	1085.52428
14.59500	1086.29991
14.61000	1087.16941
14.62500	1088.14517
14.64000	1089.24183
14.65500	1090.47704
14.67000	1091.87257
14.68500	1093.44877
14.70000	1095.23958
14.71500	1097.28330
14.73000	1099.62830
14.74500	1102.33672
14.76000	1105.48946
14.77500	1109.19294
14.79000	1113.58750
14.80500	1118.85696
14.82000	1125.23730
14.83500	1133.01936
14.85000	1142.52794
14.86500	1154.08486
14.88000	1167.94763
14.89500	1184.26666
14.91000	1203.10636
14.92500	1224.50547
14.94000	1248.53361
14.95500	1275.32434
14.97000	1305.09162
14.98500	1338.14025
15.00000	1374.87775
15.01500	1415.82658
15.03000	1461.63309
15.04500	1513.05914
15.06000	1570.93284
15.07500	1636.01668
15.09000	1708.73861
15.10500	1788.70489
15.12000	1873.87178
15.13500	1959.20935
15.15000	2034.84102
15.16500	2084.61644
15.18000	2088.41431
15.19500	2032.15139
15.21000	1921.23294
15.22500	1781.62375
15.24000	1642.95422
15.25500	1523.02816
15.27000	1426.86634
15.28500	1352.63264
15.30000	1296.26698
15.31500	1253.61047
15.33000	1221.13094
15.34500	1196.07590
15.36000	1176.41179
15.37500	1160.68645
15.39000	1147.88386
15.40500	1137.29674
15.42000	1128.42457
15.43500	1120.90588
15.45000	1114.47283
15.46500	1108.92226
15.48000	1104.09676
15.49500	1099.87272
15.51000	1096.15190
15.52500	1092.85537
15.54000	1089.91913
15.55500	1087.29085
15.57000	1084.92747
15.58500	1082.79328
15.60000	1080.85850
15.61500	1079.09816
15.63000	1077.49117
15.64500	1076.01969
15.66000	1074.66867
15.67500	1073.42470
15.69000	1072.27673
15.70500	1071.21528
15.72000	1070.23211
15.73500	1069.32025
15.75000	1068.47296
15.76500	1067.68516
15.78000	1066.95225
15.79500	1066.27017
15.81000	1065.63541
15.82500	1065.04490
15.84000	1064.49588
15.85500	1063.98576
15.87000	1063.51189
15.88500	1063.07085
15.90000	1062.65656
15.91500	1062.24814
15.93000	1061.83160
15.94500	1061.60026
15.96000	1061.41374
15.97500	1061.27392
15.99000	1061.18477
16.00500	1061.15093
16.02000	1061.17836
16.03500	1061.27497
16.05000	1061.45108
16.06500	1061.72021
16.08000	1062.10006
16.09500	1062.61378
16.11000	1063.29128
16.12500	1064.17065
16.14000	1065.29908
16.15500	1066.73236
16.17000	1068.53227
16.18500	1070.75617
16.20000	1073.45300
16.21500	1076.65655
16.23000	1080.39219
16.24500	1084.68337
16.26000	1089.56156
16.27500	1095.07238
16.29000	1101.27950
16.30500	1108.26660
16.32000	1116.12287
16.33500	1124.96107
16.35000	1134.87957
16.36500	1145.93753
16.38000	1158.10542
16.39500	1171.18991
16.41000	1184.72237
16.42500	1197.79913
16.44000	1208.88902
16.45500	1215.74118
16.47000	1215.76921
16.48500	1207.31319
16.50000	1191.19282
16.51500	1170.70121
16.53000	1149.64961
16.54500	1130.58235
16.56000	1114.54741
16.57500	1101.61953
16.59000	1091.44256
16.60500	1083.52818
16.62000	1077.39883
16.63500	1072.63728
16.65000	1068.90518
16.66500	1065.94199
16.68000	1063.55470
16.69500	1061.60405
16.71000	1059.99084
16.72500	1058.64428
16.74000	1057.51323
16.75500	1056.55986
16.77000	1055.75555
16.78500	1055.07845
16.80000	1054.51139
16.81500	1054.04083
16.83000	1053.65601
16.84500	1053.34840
16.86000	1053.11135
16.87500	1052.93980
16.89000	1052.82795
16.90500	1052.77372
16.92000	1052.77482
16.93500	1052.82965
16.95000	1052.93733
16.96500	1053.09776
16.98000	1053.31106
16.99500	1053.57660
17.01000	1053.89644
17.02500	1054.27408
17.04000	1054.70686
17.05500	1055.19883
17.07000	1055.75396
17.08500	1056.37582
17.10000	1057.06838
17.11500	1057.83637
17.13000	1058.68521
17.14500	1059.62103
17.16000	1060.65052
17.17500	1061.78164
17.19000	1063.02338
17.20500	1064.38594
17.22000	1065.88091
17.23500	1067.52157
17.25000	1069.32305
17.26500	1071.30282
17.28000	1073.48112
17.29500	1075.88149
17.31000	1078.53194
17.32500	1081.46225
17.34000	1084.71263
17.35500	1088.32983
17.37000	1092.36851
17.38500	1096.89234
17.40000	1101.98607
17.41500	1107.74953
17.43000	1114.30448
17.44500	1121.79877
17.46000	1130.41009
17.47500	1140.34870
17.49000	1151.86105
17.50500	1165.22965
17.52000	1180.78473
17.53500	1198.92140
17.55000	1220.12022
17.56500	1244.96666
17.58000	1274.16215
17.59500	1308.51608
17.61000	1348.90554
17.62500	1396.19507
17.64000	1451.13134
17.65500	1514.25937
17.67000	1585.88853
17.68500	1666.08090
17.70000	1754.61893
17.71500	1850.92234
17.73000	1953.98096
17.74500	2062.49952
17.76000	2175.46631
17.77500	2292.90583
17.79000	2415.86848
17.80500	2545.07178
17.82000	2678.96876
17.83500	2812.12055
17.85000	2933.81607
17.86500	3027.11737
17.88000	3069.96806
17.89500	3041.14647
17.91000	2931.54791
17.92500	2753.43650
17.94000	2536.71270
17.95500	2313.91961
17.97000	2108.00485
17.98500	1930.00173
18.00000	1782.30752
18.01500	1662.80804
18.03000	1567.49450
18.04500	1491.94273
18.06000	1432.15533
18.07500	1384.97253
18.09000	1348.07659
18.10500	1319.74820
18.12000	1298.63607
18.13500	1283.67182
18.15000	1274.01055
18.16500	1269.00888
18.18000	1268.19637
18.19500	1271.21848
18.21000	1277.77743
18.22500	1287.56440
18.24000	1300.17888
18.25500	1315.02919
18.27000	1331.20271
18.28500	1347.30780
18.30000	1361.31002
18.31500	1370.46808
18.33000	1371.65278
18.34500	1362.34609
18.36000	1342.12583
18.37500	1313.43551
18.39000	1280.60259
18.40500	1247.86790
18.42000	1218.09684
18.43500	1192.67074
18.45000	1171.95820
18.46500	1155.79675
18.48000	1143.80450
18.49500	1135.54571
18.51000	1130.61052
18.52500	1128.64704
18.54000	1129.36925
18.55500	1132.55955
18.57000	1138.06750
18.58500	1145.80046
18.60000	1155.72151
18.61500	1167.82109
18.63000	1182.08767
18.64500	1198.46265
18.66000	1216.78346
18.67500	1236.70208
18.69000	1257.59752
18.70500	1278.44198
18.72000	1297.65466
18.73500	1312.99531
18.75000	1321.66204
18.76500	1320.87951
18.78000	1309.08713
18.79500	1287.12459
18.81000	1258.24625
18.82500	1226.68373
18.84000	1195.99208
18.85500	1168.32409
18.87000	1144.59071
18.88500	1124.91853
18.90000	1109.02378
18.91500	1096.45711
18.93000	1086.72985
18.94500	1079.38171
18.96000	1074.01592
18.97500	1070.31562
18.99000	1068.04853
19.00500	1067.06449
19.02000	1067.28893
19.03500	1068.71493
19.05000	1071.39513
19.06500	1075.43334
19.08000	1080.97478
19.09500	1088.19550
19.11000	1097.28305
19.12500	1108.44049
19.14000	1121.87311
19.15500	1137.79042
19.17000	1156.40056
19.18500	1177.89426
19.20000	1202.41446
19.21500	1230.01674
19.23000	1260.61800
19.24500	1293.92629
19.26000	1329.34405
19.27500	1365.83776
19.29000	1401.78430
19.30500	1434.85429
19.32000	1462.08845
19.33500	1480.40945
19.35000	1487.65690
19.36500	1483.59103
19.38000	1469.90263
19.39500	1448.97378
19.41000	1422.53156
19.42500	1391.42113
19.44000	1356.47493
19.45500	1319.37339
19.47000	1282.57611
19.48500	1248.47808
19.50000	1218.66661
19.51500	1193.74580
19.53000	1173.54453
19.54500	1157.39987
19.56000	1144.35760
19.57500	1133.29980
19.59000	1123.06899
19.60500	1112.65788
19.62000	1101.47161
19.63500	1089.49524
19.65000	1077.20852
19.66500	1065.26835
19.68000	1054.21253
19.69500	1044.34294
19.71000	1035.75429
19.72500	1028.41225
19.74000	1022.21686
19.75500	1017.04287
19.77000	1012.76241
19.78500	1009.25604
19.80000	1006.41736
19.81500	1004.15462
19.83000	1002.39270
19.84500	1001.07053
19.86000	1000.13869
19.87500	999.55250
19.89000	999.27357
19.90500	999.26051
19.92000	999.46237
19.93500	999.81206
19.95000	1000.21767
19.96500	1000.55458
19.98000	1000.66164
19.99500	1000.35231
20.01000	999.45106
20.02500	997.86173
20.04000	995.62961
20.05500	992.94178
20.07000	990.05592
20.08500	987.20630
20.10000	984.55299
20.11500	982.18050
20.13000	980.11269
20.14500	978.34634
20.16000	976.86014
20.17500	975.62614
20.19000	974.61401
20.20500	973.79556
20.22000	973.14739
20.23500	972.64997
20.25000	972.28854
20.26500	972.05304
20.28000	971.93778
20.29500	971.94106
20.31000	972.06494
20.32500	972.31450
20.34000	972.69877
20.35500	973.23015
20.37000	973.92499
20.38500	974.80515
20.40000	975.89807
20.41500	977.23895
20.43000	978.86865
20.44500	980.84254
20.46000	983.22733
20.47500	986.10371
20.49000	989.57082
20.50500	993.74668
20.52000	998.76588
20.53500	1004.77582
20.55000	1011.94898
20.56500	1020.46301
20.58000	1030.49933
20.59500	1042.23509
20.61000	1055.83259
20.62500	1071.42599
20.64000	1089.10438
20.65500	1108.88853
20.67000	1130.69791
20.68500	1154.30735
20.70000	1179.28878
20.71500	1204.95820
20.73000	1230.33714
20.74500	1254.17414
20.76000	1275.06651
20.77500	1291.67810
20.79000	1302.95968
20.80500	1308.25087
20.82000	1307.32258
20.83500	1300.44332
20.85000	1288.36657
20.86500	1272.06506
20.88000	1252.34458
20.89500	1229.71663
20.91000	1204.66926
20.92500	1178.04184
20.94000	1151.09752
20.95500	1125.21933
20.97000	1101.52168
20.98500	1080.65663
21.00000	1062.84251
21.01500	1047.99473
21.03000	1035.85584
21.04500	1026.08623
21.06000	1018.31662
21.07500	1012.16972
21.09000	1007.27759
21.10500	1003.28264
21.12000	999.84659
21.13500	996.67475
21.15000	993.55966
21.16500	990.41724
21.18000	987.29391
21.19500	984.32376
21.21000	981.66215
21.22500	979.43658
21.24000	977.73046
21.25500	976.59100
21.27000	976.04505
21.28500	976.10978
21.30000	976.80783
21.31500	978.17143
21.33000	980.24477
21.34500	983.09564
21.36000	986.81461
21.37500	991.51877
21.39000	997.35912
21.40500	1004.52101
21.42000	1013.22429
21.43500	1023.72024
21.45000	1036.28488
21.46500	1051.20495
21.48000	1068.76597
21.49500	1089.18848
21.51000	1112.62062
21.52500	1139.13569
21.54000	1168.71129
21.55500	1201.21238
21.57000	1236.35226
21.58500	1273.61892
21.60000	1312.16899
21.61500	1350.70207
21.63000	1387.33558
21.64500	1419.52055
21.66000	1444.09422
21.67500	1457.63192
21.69000	1457.23798
21.70500	1441.65252
21.72000	1412.09674
21.73500	1372.14962
21.75000	1326.60419
21.76500	1279.99821
21.78000	1235.70551
21.79500	1195.77618
21.81000	1161.19370
21.82500	1132.23937
21.84000	1108.78415
21.85500	1090.48560
21.87000	1076.90835
21.88500	1067.59390
21.90000	1062.09807
21.91500	1060.00994
21.93000	1060.95310
21.94500	1064.57805
21.96000	1070.54810
21.97500	1078.52305
21.99000	1088.14562
22.00500	1099.03585
22.02000	1110.79513
22.03500	1123.01205
22.05000	1135.25652
22.06500	1147.05692
22.08000	1157.88382
22.09500	1167.15782
22.11000	1174.32578
22.12500	1179.03120
22.14000	1181.35171
22.15500	1181.96100
22.17000	1182.04552
22.18500	1182.97897
22.20000	1185.93946
22.21500	1191.66957
22.23000	1200.41221
22.24500	1211.94441
22.26000	1225.62533
22.27500	1240.42056
22.29000	1254.91169
22.30500	1267.33805
22.32000	1275.75278
22.33500	1278.37133
22.35000	1274.11182
22.36500	1263.10007
22.38000	1246.80241
22.39500	1227.60747
22.41000	1208.09238
22.42500	1190.40250
22.44000	1175.97773
22.45500	1165.56836
22.47000	1159.37469
22.48500	1157.19091
22.50000	1158.51440
22.51500	1162.62606
22.53000	1168.66912
22.54500	1175.74285
22.56000	1182.99444
22.57500	1189.66132
22.59000	1195.01654
22.60500	1198.25813
22.62000	1198.46322
22.63500	1194.72073
22.65000	1186.44022
22.66500	1173.68141
22.68000	1157.26424
22.69500	1138.57099
22.71000	1119.14235
22.72500	1100.31668
22.74000	1083.03454
22.75500	1067.80749
22.77000	1054.77542
22.78500	1043.79655
22.80000	1034.53420
22.81500	1026.54303
22.83000	1019.35890
22.84500	1012.60404
22.86000	1006.08244
22.87500	999.82131
22.89000	994.03069
22.90500	989.00573
22.92000	985.03297
22.93500	982.34449
22.95000	981.11506
22.96500	981.48699
22.98000	983.59567
22.99500	987.59876
23.01000	993.68514
23.02500	1002.10124
23.04000	1013.15114
23.05500	1027.20227
23.07000	1044.68281
23.08500	1066.06926
23.10000	1091.85940
23.11500	1122.53473
23.13000	1158.50481
23.14500	1200.04543
23.16000	1247.23570
23.17500	1299.89496
23.19000	1357.51941
23.20500	1419.20683
23.22000	1483.56330
23.23500	1548.58338
23.25000	1611.51885
23.26500	1668.77575
23.28000	1715.93988
23.29500	1748.09908
23.31000	1760.62090
23.32500	1750.38488
23.34000	1717.04953
23.35500	1663.59788
23.37000	1595.64727
23.38500	1519.83373
23.40000	1442.19253
23.41500	1367.23406
23.43000	1297.79347
23.44500	1235.32713
23.46000	1180.32698
23.47500	1132.67776
23.49000	1091.91101
23.50500	1057.37248
23.52000	1028.32777
23.53500	1004.03648
23.55000	983.78631
23.56500	966.92056
23.58000	952.85864
23.59500	941.09845
23.61000	931.21420
23.62500	922.84932
23.64000	915.70481
23.65500	909.52912
23.67000	904.10453
23.68500	899.23791
23.70000	894.75495
23.71500	890.50162
23.73000	886.35386
23.74500	882.23254
23.76000	878.11411
23.77500	874.02946
23.79000	870.04483
23.80500	866.23674
23.82000	862.67151
23.83500	859.39648
23.85000	856.44024
23.86500	853.81715
23.88000	851.53433
23.89500	849.59446
23.91000	847.99902
23.92500	846.74927
23.94000	845.84617
23.95500	845.28939
23.97000	845.07543
23.98500	845.19541
24.00000	845.63260
24.01500	846.35968
24.03000	847.33644
24.04500	848.50636
24.06000	849.79273
24.07500	851.09433
24.09000	852.28189
24.10500	853.19795
24.12000	853.66466
24.13500	853.50691
24.15000	852.58902
24.16500	850.85893
24.18000	848.37679
24.19500	845.30765
24.21000	841.87749
24.22500	838.31522
24.24000	834.81014
24.25500	831.49608
24.27000	828.45359
24.28500	825.72033
24.30000	823.30864
24.31500	821.21290
24.33000	819.41755
24.34500	817.90213
24.36000	816.64454
24.37500	815.62321
24.39000	814.81844
24.40500	814.21375
24.42000	813.79661
24.43500	813.55884
24.45000	813.49690
24.46500	813.61221
24.48000	813.91132
24.49500	814.40619
24.51000	815.11444
24.52500	816.06010
24.54000	817.27256
24.55500	818.78660
24.57000	820.64676
24.58500	822.90376
24.60000	825.61443
24.61500	828.84089
24.63000	832.64818
24.64500	837.10099
24.66000	842.26048
24.67500	848.17673
24.69000	854.88571
24.70500	862.40269
24.72000	870.71766
24.73500	879.79008
24.75000	889.54337
24.76500	899.85860
24.78000	910.56882
24.79500	921.45869
24.81000	932.27782
24.82500	942.77938
24.84000	952.79173
24.85500	962.31398
24.87000	971.59837
24.88500	981.16906
24.90000	991.74781
24.91500	1004.11241
24.93000	1018.94862
24.94500	1036.74305
24.96000	1057.72863
24.97500	1081.86800
24.99000	1108.85482
25.00500	1138.11704
25.02000	1168.80967
25.03500	1199.78973
25.05000	1229.57597
25.06500	1256.32663
25.08000	1277.88012
25.09500	1291.93575
25.11000	1296.41810
25.12500	1289.98677
25.14000	1272.51397
25.15500	1245.27052
25.17000	1210.66038
25.18500	1171.61252
25.20000	1130.93268
25.21500	1090.87582
25.23000	1053.00617
25.24500	1018.26031
25.26000	987.09477
25.27500	959.63432
25.29000	935.79528
25.30500	915.36951
25.32000	898.08160
25.33500	883.62796
25.35000	871.70320
25.36500	862.01833
25.38000	854.31304
25.39500	848.36257
25.41000	843.98134
25.42500	841.02437
25.44000	839.38338
25.45500	838.98252
25.47000	839.77069
25.48500	841.71356
25.50000	844.78400
25.51500	848.94586
25.53000	854.15127
25.54500	860.33378
25.56000	867.38742
25.57500	875.16138
25.59000	883.45802
25.60500	892.02454
25.62000	900.55146
25.63500	908.67310
25.65000	915.99614
25.66500	922.15169
25.68000	926.87983
25.69500	930.12951
25.71000	932.13262
25.72500	933.40482
25.74000	934.66976
25.75500	936.84394
25.77000	940.63717
25.78500	946.70181
25.80000	955.53084
25.81500	967.45266
25.83000	982.63417
25.84500	1001.08042
25.86000	1022.62502
25.87500	1046.91790
25.89000	1073.41565
25.90500	1101.36981
25.92000	1129.81613
25.93500	1157.56220
25.95000	1183.18289
25.96500	1205.04862
25.98000	1221.43109
25.99500	1230.73194
26.01000	1231.82212
26.02500	1224.39253
26.04000	1209.15147
26.05500	1187.72057
26.07000	1162.25087
26.08500	1134.93040
26.10000	1107.59232
26.11500	1081.51531
26.13000	1057.40002
26.14500	1035.45002
26.16000	1015.49343
26.17500	997.11210
26.19000	979.77760
26.20500	962.99066
26.22000	946.40795
26.23500	929.92182
26.25000	913.66182
26.26500	897.91996
26.28000	883.04269
26.29500	869.33898
26.31000	857.03173
26.32500	846.25215
26.34000	837.05752
26.35500	829.45622
26.37000	823.43058
26.38500	818.95378
26.40000	816.00035
26.41500	814.55280
26.43000	814.60433
26.44500	816.15689
26.46000	819.23248
26.47500	823.85103
26.49000	830.02758
26.50500	837.76732
26.52000	847.06460
26.53500	857.88159
26.55000	870.13820
26.56500	883.69654
26.58000	898.34818
26.59500	913.80562
26.61000	929.70504
26.62500	945.62595
26.64000	961.12896
26.65500	975.80125
26.67000	989.29301
26.68500	1001.32819
26.70000	1011.69333
26.71500	1020.23891
26.73000	1026.92178
26.74500	1031.89406
26.76000	1035.59110
26.77500	1038.75490
26.79000	1042.35579
26.80500	1047.41583
26.82000	1054.83008
26.83500	1065.22764
26.85000	1078.89788
26.86500	1095.76790
26.88000	1115.40416
26.89500	1137.02039
26.91000	1159.48491
26.92500	1181.33474
26.94000	1200.82118
26.95500	1216.02143
26.97000	1225.05158
26.98500	1226.38424
27.00000	1219.20892
27.01500	1203.70106
27.03000	1181.05502
27.04500	1153.23407
27.06000	1122.53552
27.07500	1091.15870
27.09000	1060.91566
27.10500	1033.11881
27.12000	1008.59788
27.13500	987.80026
27.15000	970.83443
27.16500	957.58010
27.18000	947.72945
27.19500	940.82277
27.21000	936.27592
27.22500	933.41006
27.24000	931.49203
27.25500	929.78452
27.27000	927.60230
27.28500	924.35645
27.30000	919.58092
27.31500	912.94510
27.33000	904.26553
27.34500	893.53387
27.36000	880.94307
27.37500	866.88161
27.39000	851.87831
27.40500	836.51306
27.42000	821.32954
27.43500	806.77906
27.45000	793.20034
27.46500	780.82491
27.48000	769.79484
27.49500	760.18367
27.51000	752.01430
27.52500	745.27341
27.54000	739.92305
27.55500	735.90790
27.57000	733.15958
27.58500	731.59600
27.60000	731.12285
27.61500	731.62813
27.63000	732.97822
27.64500	735.01105
27.66000	737.53336
27.67500	740.31521
27.69000	743.08725
27.70500	745.54504
27.72000	747.36397
27.73500	748.22953
27.75000	747.88377
27.76500	746.18180
27.78000	743.13415
27.79500	738.91846
27.81000	733.84773
27.82500	728.30794
27.84000	722.68914
27.85500	717.33477
27.87000	712.51715
27.88500	708.43498
27.90000	705.22279
27.91500	702.96352
27.93000	701.69941
27.94500	701.43782
27.96000	702.15473
27.97500	703.79348
27.99000	706.26095
28.00500	709.42509
28.02000	713.12440
28.03500	717.12485
28.05000	721.15145
28.06500	724.88009
28.08000	727.94919
28.09500	729.98567
28.11000	730.64580
28.12500	729.68364
28.14000	727.00861
28.15500	722.69810
28.17000	717.00749
28.18500	710.31032
28.20000	703.02263
28.21500	695.53357
28.23000	688.16224
28.24500	681.14297
28.26000	674.63064
28.27500	668.71525
28.29000	663.43807
28.30500	658.80588
28.32000	654.80438
28.33500	651.40365
28.35000	648.56535
28.36500	646.24739
28.38000	644.40872
28.39500	643.01031
28.41000	642.02308
28.42500	641.43408
28.44000	641.23460
28.45500	641.42958
28.47000	642.03389
28.48500	643.07217
28.50000	644.57561
28.51500	646.58732
28.53000	649.16058
28.54500	652.35976
28.56000	656.25843
28.57500	660.93298
28.59000	666.45571
28.60500	672.88780
28.62000	680.26722
28.63500	688.59931
28.65000	697.84604
28.66500	707.91564
28.68000	718.65211
28.69500	729.82535
28.71000	741.12424
28.72500	752.15585
28.74000	762.45690
28.75500	771.52350
28.77000	778.86436
28.78500	784.07307
28.80000	786.89953
28.81500	787.29510
28.83000	785.40762
28.84500	781.51821
28.86000	775.95302
28.87500	769.00745
28.89000	760.91257
28.90500	751.84891
28.92000	741.99075
28.93500	731.55046
28.95000	720.79886
28.96500	710.05223
28.98000	699.63546
28.99500	689.84155
29.01000	680.90221
29.02500	672.97521
29.04000	666.14639
29.05500	660.44131
29.07000	655.83348
29.08500	652.25374
29.10000	649.59766
29.11500	647.72820
29.13000	646.47779
29.14500	645.65035
29.16000	645.02486
29.17500	644.36124
29.19000	643.41642
29.20500	641.96732
29.22000	639.83685
29.23500	636.92221
29.25000	633.21336
29.26500	628.79279
29.28000	623.81659
29.29500	618.47744
29.31000	612.97469
29.32500	607.48361
29.34000	602.14176
29.35500	597.04612
29.37000	592.25822
29.38500	587.81073
29.40000	583.71557
29.41500	579.97006
29.43000	576.56154
29.44500	573.47119
29.46000	570.67667
29.47500	568.15453
29.49000	565.88082
29.50500	563.83205
29.52000	561.98655
29.53500	560.32460
29.55000	558.82886
29.56500	557.48452
29.58000	556.27928
29.59500	555.20339
29.61000	554.24853
29.62500	553.40922
29.64000	552.68104
29.65500	552.06045
29.67000	551.54431
29.68500	551.12933
29.70000	550.81155
29.71500	550.58303
29.73000	550.43506
29.74500	550.35534
29.76000	550.32731
29.77500	550.32992
29.79000	550.33791
29.80500	550.32285
29.82000	550.25516
29.83500	550.10778
29.85000	549.85984
29.86500	549.50010
29.88000	549.02770
29.89500	548.45114
29.91000	547.78345
29.92500	547.03682
29.94000	546.21714
29.95500	545.32510
29.97000	544.35519
29.98500	543.30048
30.00000	542.15684
30.01500	540.92902
30.03000	539.63136
30.04500	538.28700
30.06000	536.92459
30.07500	535.57344
30.09000	534.26020
30.10500	533.00650
30.12000	531.82822
30.13500	530.73646
30.15000	529.73814
30.16500	528.83729
30.18000	528.03559
30.19500	527.33346
30.21000	526.73379
30.22500	526.23723
30.24000	525.84218
30.25500	525.54822
30.27000	525.35292
30.28500	525.25939
30.30000	525.26865
30.31500	525.37452
30.33000	525.57157
30.34500	525.85295
30.36000	526.20812
30.37500	526.62239
30.39000	527.07587
30.40500	527.54902
30.42000	528.01509
30.43500	528.44208
30.45000	528.80049
30.46500	529.06537
30.48000	529.22041
30.49500	529.26251
30.51000	529.20387
30.52500	529.07123
30.54000	528.90234
30.55500	528.74132
30.57000	528.63447
30.58500	528.62731
30.60000	528.76395
30.61500	529.08648
30.63000	529.63513
30.64500	530.44879
30.66000	531.56437
30.67500	533.01704
30.69000	534.84050
30.70500	537.06582
30.72000	539.72152
30.73500	542.83160
30.75000	546.41357
30.76500	550.47665
30.78000	555.01812
30.79500	560.02051
30.81000	565.44636
30.82500	571.23431
30.84000	577.29632
30.85500	583.51642
30.87000	589.74980
30.88500	595.83412
30.90000	601.59913
30.91500	606.88705
30.93000	611.57716
30.94500	615.60943
30.96000	619.00283
30.97500	621.86060
30.99000	624.35952
31.00500	626.72419
31.02000	629.19145
31.03500	631.97351
31.05000	635.22386
31.06500	639.01671
31.08000	643.33171
31.09500	648.04929
31.11000	652.95223
31.12500	657.73375
31.14000	662.01526
31.15500	665.37594
31.17000	667.39789
31.18500	667.72429
31.20000	666.12248
31.21500	662.53483
31.23000	657.09714
31.24500	650.12213
31.26000	642.04186
31.27500	633.33729
31.29000	624.47372
31.30500	615.85697
31.32000	607.81381
31.33500	600.59139
31.35000	594.36761
31.36500	589.26521
31.38000	585.36505
31.39500	582.71773
31.41000	581.35021
31.42500	581.27035
31.44000	582.47064
31.45500	584.92767
31.47000	588.60140
31.48500	593.43417
31.50000	599.34810
31.51500	606.24245
31.53000	613.99039
31.54500	622.43383
31.56000	631.37740
31.57500	640.57926
31.59000	649.74235
31.60500	658.50682
31.62000	666.45946
31.63500	673.16965
31.65000	678.17134
31.66500	681.06952
31.68000	681.58632
31.69500	679.61180
31.71000	675.22549
31.72500	668.67813
31.74000	660.33692
31.75500	650.61773
31.77000	639.92622
31.78500	628.61992
31.80000	616.99796
31.81500	605.30688
31.83000	593.75416
31.84500	582.51715
31.86000	571.74588
31.87500	561.56167
31.89000	552.05435
31.90500	543.28197
31.92000	535.27285
31.93500	528.02983
31.95000	521.53599
31.96500	515.75956
31.98000	510.65895
31.99500	506.18657
32.01000	502.29186
32.02500	498.92338
32.04000	496.03066
32.05500	493.56578
32.07000	491.48406
32.08500	489.74470
32.10000	488.31291
32.11500	487.15978
32.13000	486.26496
32.14500	485.61563
32.16000	485.20653
32.17500	485.03891
32.19000	485.11846
32.20500	485.45390
32.22000	486.05253
32.23500	486.91835
32.25000	488.05057
32.26500	489.44110
32.28000	491.07318
32.29500	492.92643
32.31000	494.96790
32.32500	497.15370
32.34000	499.43569
32.35500	501.76708
32.37000	504.10759
32.38500	506.43286
32.40000	508.74267
32.41500	511.06571
32.43000	513.45822
32.44500	515.99710
32.46000	518.76675
32.47500	521.84483
32.49000	525.28829
32.50500	529.12442
32.52000	533.34426
32.53500	537.90009
32.55000	542.70618
32.56500	547.64202
32.58000	552.55998
32.59500	557.29380
32.61000	561.66860
32.62500	565.50629
32.64000	568.66116
32.65500	570.96628
32.67000	572.27880
32.68500	572.47402
32.70000	571.45438
32.71500	569.17046
32.73000	565.64084
32.74500	560.96268
32.76000	555.31020
32.77500	548.91609
32.79000	542.04157
32.80500	534.94460
32.82000	527.85427
32.83500	520.95586
32.85000	514.38653
32.86500	508.23921
32.88000	502.56923
32.89500	497.40299
32.91000	492.74566
32.92500	488.58768
32.94000	484.91218
32.95500	481.69838
32.97000	478.92421
32.98500	476.57368
33.00000	474.63633
33.01500	473.11060
33.03000	472.00201
33.04500	471.32210
33.06000	471.08639
33.07500	471.31083
33.09000	472.02548
33.10500	473.24074
33.12000	474.97116
33.13500	477.22705
33.15000	480.01363
33.16500	483.32651
33.18000	487.15196
33.19500	491.46334
33.21000	496.21797
33.22500	501.35403
33.24000	506.78804
33.25500	512.41385
33.27000	518.10389
33.28500	523.71303
33.30000	529.08505
33.31500	534.06029
33.33000	538.48245
33.34500	542.20239
33.36000	545.07829
33.37500	546.97411
33.39000	547.76147
33.40500	547.32979
33.42000	545.59794
33.43500	542.54100
33.45000	538.20761
33.46500	532.72726
33.48000	526.30136
33.49500	519.17966
33.51000	511.62955
33.52500	503.90692
33.54000	496.23521
33.55500	488.79476
33.57000	481.72112
33.58500	475.10928
33.60000	469.02066
33.61500	463.49073
33.63000	458.53583
33.64500	454.15885
33.66000	450.35342
33.67500	447.10732
33.69000	444.40474
33.70500	442.22782
33.72000	440.55778
33.73500	439.37543
33.75000	438.66145
33.76500	438.39613
33.78000	438.55880
33.79500	439.12687
33.81000	440.07434
33.82500	441.36994
33.84000	442.97473
33.85500	444.83948
33.87000	446.90197
33.88500	449.08457
33.90000	451.29287
33.91500	453.41601
33.93000	455.32954
33.94500	456.90204
33.96000	458.00506
33.97500	458.52599
33.99000	458.38192
34.00500	457.53162
34.02000	455.98252
34.03500	453.79043
34.05000	451.05182
34.06500	447.89046
34.08000	444.44159
34.09500	440.83711
34.11000	437.19232
34.12500	433.60238
34.14000	430.18860
34.15500	426.98001
34.17000	424.01838
34.18500	421.33167
34.20000	418.93724
34.21500	416.84461
34.23000	415.05765
34.24500	413.57623
34.26000	412.39746
34.27500	411.51660
34.29000	410.92760
34.30500	410.62346
34.32000	410.59616
34.33500	410.83635
34.35000	411.33256
34.36500	412.07017
34.38000	413.02987
34.39500	414.18602
34.41000	415.50467
34.42500	416.94172
34.44000	418.44132
34.45500	419.93508
34.47000	421.34263
34.48500	422.57430
34.50000	423.53625
34.51500	424.13856
34.53000	424.30520
34.54500	423.98461
34.56000	423.15812
34.57500	421.84372
34.59000	420.09366
34.60500	417.98631
34.62000	415.61460
34.63500	413.07412
34.65000	410.45360
34.66500	407.82887
34.68000	405.26043
34.69500	402.79368
34.71000	400.46064
34.72500	398.28238
34.74000	396.27149
34.75500	394.43399
34.77000	392.77225
34.78500	391.28422
34.80000	389.96618
34.81500	388.81317
34.83000	387.81959
34.84500	386.97978
34.86000	386.28847
34.87500	385.74115
34.89000	385.33440
34.90500	385.06617
34.92000	384.93601
34.93500	384.94524
34.95000	385.09706
34.96500	385.39664
34.98000	385.85118
34.99500	386.46982
35.01000	387.26363
35.02500	388.24538
35.04000	389.42941
35.05500	390.83131
35.07000	392.46754
35.08500	394.35497
35.10000	396.51028
35.11500	398.94912
35.13000	401.68517
35.14500	404.72889
35.16000	408.08588
35.17500	411.75492
35.19000	415.72563
35.20500	419.97579
35.22000	424.46864
35.23500	429.15036
35.25000	433.94854
35.26500	438.77218
35.28000	443.51409
35.29500	448.05635
35.31000	452.27879
35.32500	456.06968
35.34000	459.33663
35.35500	462.01485
35.37000	464.06999
35.38500	465.49411
35.40000	466.29823
35.41500	466.49830
35.43000	466.10633
35.44500	465.12786
35.46000	463.56481
35.47500	461.42447
35.49000	458.73082
35.50500	455.53402
35.52000	451.91442
35.53500	447.98001
35.55000	443.85782
35.56500	439.68247
35.58000	435.58463
35.59500	431.68222
35.61000	428.07515
35.62500	424.84356
35.64000	422.04878
35.65500	419.73570
35.67000	417.93578
35.68500	416.66957
35.70000	415.94936
35.71500	415.78071
35.73000	416.16332
35.74500	417.09135
35.76000	418.55284
35.77500	420.52880
35.79000	422.99173
35.80500	425.90397
35.82000	429.21598
35.83500	432.86500
35.85000	436.77435
35.86500	440.85367
35.88000	445.00064
35.89500	449.10400
35.91000	453.04803
35.92500	456.71806
35.94000	460.00682
35.95500	462.82121
35.97000	465.08929
35.98500	466.76673
36.00000	467.84161
36.01500	468.33601
36.03000	468.30304
36.04500	467.81898
36.06000	466.97170
36.07500	465.84754
36.09000	464.51849
36.10500	463.03262
36.12000	461.40873
36.13500	459.63616
36.15000	457.67969
36.16500	455.48909
36.18000	453.01148
36.19500	450.20443
36.21000	447.04678
36.22500	443.54482
36.24000	439.73267
36.25500	435.66728
36.27000	431.42051
36.28500	427.07049
36.30000	422.69460
36.31500	418.36451
36.33000	414.14319
36.34500	410.08307
36.36000	406.22486
36.37500	402.59678
36.39000	399.21416
36.40500	396.07974
36.42000	393.18452
36.43500	390.50947
36.45000	388.02702
36.46500	385.70898
36.48000	383.52363
36.49500	381.44008
36.51000	379.43481
36.52500	377.49257
36.54000	375.60725
36.55500	373.78131
36.57000	372.02398
36.58500	370.34861
36.60000	368.77020
36.61500	367.30329
36.63000	365.96072
36.64500	364.75309
36.66000	363.68881
36.67500	362.77447
36.69000	362.01521
36.70500	361.41597
36.72000	360.98114
36.73500	360.71495
36.75000	360.62219
36.76500	360.70810
36.78000	360.97837
36.79500	361.43909
36.81000	362.09652
36.82500	362.95678
36.84000	364.02537
36.85500	365.30593
36.87000	366.79341
36.88500	368.52221
36.90000	370.47161
36.91500	372.63761
36.93000	375.01163
36.94500	377.57929
36.96000	380.31890
36.97500	383.19975
36.99000	386.18039
37.00500	389.20700
37.02000	392.21231
37.03500	395.11573
37.05000	397.82520
37.06500	400.24149
37.08000	402.26532
37.09500	403.80683
37.11000	404.79650
37.12500	405.19548
37.14000	405.00289
37.15500	404.25806
37.17000	403.03688
37.18500	401.44295
37.20000	399.59587
37.21500	397.61934
37.23000	395.63132
37.24500	393.73744
37.26000	392.02786
37.27500	390.57635
37.29000	389.44156
37.30500	388.66885
37.32000	388.29245
37.33500	388.33717
37.35000	388.81978
37.36500	389.74981
37.38000	391.12981
37.39500	392.95501
37.41000	395.21244
37.42500	397.87959
37.44000	400.92254
37.45500	404.29389
37.47000	407.93067
37.48500	411.75280
37.50000	415.66272
37.51500	419.54698
37.53000	423.28064
37.54500	426.73490
37.56000	429.78786
37.57500	432.33743
37.59000	434.31414
37.60500	435.69107
37.62000	436.48789
37.63500	436.76799
37.65000	436.62848
37.66500	436.18551
37.68000	435.55808
37.69500	434.85386
37.71000	434.15842
37.72500	433.52777
37.74000	432.99110
37.75500	432.54951
37.77000	432.17644
37.78500	431.83070
37.80000	431.46173
37.81500	431.01732
37.83000	430.45076
37.84500	429.72681
37.86000	428.82574
37.87500	427.74539
37.89000	426.50076
37.90500	425.12128
37.92000	423.64598
37.93500	422.11738
37.95000	420.57537
37.96500	419.05235
37.98000	417.57066
37.99500	416.14262
38.01000	414.77284
38.02500	413.46173
38.04000	412.20890
38.05500	411.01528
38.07000	409.88326
38.08500	408.81522
38.10000	407.81149
38.11500	406.86500
38.13000	405.96172
38.14500	405.08017
38.16000	404.19365
38.17500	403.27417
38.19000	402.29708
38.20500	401.24474
38.22000	400.11165
38.23500	398.91002
38.25000	397.66942
38.26500	396.41149
38.28000	395.17444
38.29500	393.99977
38.31000	392.92830
38.32500	391.99670
38.34000	391.23470
38.35500	390.66347
38.37000	390.29508
38.38500	390.13316
38.40000	390.17419
38.41500	390.40943
38.43000	390.82691
38.44500	391.41335
38.46000	392.15562
38.47500	393.04187
38.49000	394.06216
38.50500	395.20886
38.52000	396.47555
38.53500	397.86263
38.55000	399.36834
38.56500	400.98883
38.58000	402.71980
38.59500	404.55328
38.61000	406.47609
38.62500	408.46887
38.64000	410.50550
38.65500	412.55298
38.67000	414.57149
38.68500	416.51496
38.70000	418.33242
38.71500	419.97068
38.73000	421.37888
38.74500	422.51450
38.76000	423.35035
38.77500	423.88101
38.79000	424.12705
38.80500	424.13575
38.82000	423.97797
38.83500	423.74153
38.85000	423.52274
38.86500	423.41763
38.88000	423.51424
38.89500	423.88688
38.91000	424.59226
38.92500	425.66730
38.94000	427.12797
38.95500	428.96883
38.97000	431.16279
38.98500	433.66136
39.00000	436.39566
39.01500	439.27851
39.03000	442.20839
39.04500	445.07534
39.06000	447.76875
39.07500	450.18651
39.09000	452.24442
39.10500	453.88350
39.12000	455.07504
39.13500	455.82185
39.15000	456.15551
39.16500	456.13020
39.18000	455.81374
39.19500	455.27705
39.21000	454.58668
39.22500	453.79203
39.24000	452.91917
39.25500	451.97082
39.27000	450.92653
39.28500	449.74772
39.30000	448.38560
39.31500	446.79052
39.33000	444.91964
39.34500	442.75260
39.36000	440.28483
39.37500	437.52605
39.39000	434.50427
39.40500	431.25723
39.42000	427.82706
39.43500	424.25675
39.45000	420.58879
39.46500	416.86583
39.48000	413.13224
39.49500	409.43573
39.51000	405.82722
39.52500	402.35977
39.54000	399.08637
39.55500	396.05709
39.57000	393.31660
39.58500	390.90254
39.60000	388.84441
39.61500	387.16344
39.63000	385.87289
39.64500	384.97876
39.66000	384.48062
39.67500	384.37248
39.69000	384.64360
39.70500	385.27910
39.72000	386.25802
39.73500	387.57645
39.75000	389.21914
39.76500	391.16253
39.78000	393.39331
39.79500	395.90126
39.81000	398.67945
39.82500	401.72376
39.84000	405.03190
39.85500	408.60170
39.87000	412.42915
39.88500	416.50639
39.90000	420.82028
39.91500	425.35179
39.93000	430.07657
39.94500	434.96655
39.96000	439.99196
39.97500	445.12305
39.99000	450.33066
40.00500	455.58491
40.02000	460.85167
40.03500	466.08741
40.05000	471.23307
40.06500	476.20831
40.08000	480.90745
40.09500	485.19832
40.11000	488.92517
40.12500	491.91583
40.14000	493.99677
40.15500	495.00823
40.17000	494.81964
40.18500	493.35229
40.20000	490.59091
40.21500	486.58905
40.23000	481.46514
40.24500	475.38978
40.26000	468.57221
40.27500	461.23416
40.29000	453.59124
40.30500	445.84387
40.32000	438.16650
40.33500	430.70380
40.35000	423.57056
40.36500	416.85444
40.38000	410.61913
40.39500	404.90828
40.41000	399.74965
40.42500	395.15815
40.44000	391.13845
40.45500	387.68705
40.47000	384.79366
40.48500	382.44223
40.50000	380.61153
40.51500	379.27535
40.53000	378.40249
40.54500	377.95647
40.56000	377.89513
40.57500	378.17012
40.59000	378.72648
40.60500	379.50244
40.62000	380.42967
40.63500	381.43409
40.65000	382.43754
40.66500	383.36037
40.68000	384.12493
40.69500	384.65964
40.71000	384.90335
40.72500	384.80917
40.74000	384.34719
40.75500	383.50576
40.77000	382.29098
40.78500	380.72486
40.80000	378.84260
40.81500	376.68961
40.83000	374.31841
40.84500	371.78590
40.86000	369.15062
40.87500	366.47032
40.89000	363.79961
40.90500	361.19100
40.92000	358.68988
40.93500	356.33340
40.95000	354.15370
40.96500	352.17685
40.98000	350.42356
40.99500	348.90995
41.01000	347.64841
41.02500	346.64834
41.04000	345.91682
41.05500	345.45911
41.07000	345.27908
41.08500	345.37941
41.10000	345.76178
41.11500	346.42680
41.13000	347.37400
41.14500	348.60151
41.16000	350.10567
41.17500	351.88059
41.19000	353.91735
41.20500	356.20318
41.22000	358.72048
41.23500	361.44567
41.25000	364.34809
41.26500	367.38908
41.28000	370.52135
41.29500	373.68903
41.31000	376.82860
41.32500	379.87084
41.34000	382.74391
41.35500	385.37727
41.37000	387.70598
41.38500	389.67477
41.40000	391.24113
41.41500	392.37708
41.43000	393.06950
41.44500	393.31892
41.46000	393.13911
41.47500	392.55985
41.49000	391.61446
41.50500	390.34983
41.52000	388.82255
41.53500	387.09769
41.55000	385.24649
41.56500	383.34336
41.58000	381.46234
41.59500	379.67371
41.61000	378.04121
41.62500	376.62009
41.64000	375.45605
41.65500	374.58489
41.67000	374.03272
41.68500	373.81632
41.70000	373.94364
41.71500	374.41420
41.73000	375.21941
41.74500	376.34282
41.76000	377.76049
41.77500	379.44145
41.79000	381.34853
41.80500	383.43960
41.82000	385.66916
41.83500	387.99032
41.85000	390.35679
41.86500	392.72467
41.88000	395.05424
41.89500	397.31076
41.91000	399.46504
41.92500	401.49407
41.94000	403.38117
41.95500	405.11634
41.97000	406.69645
41.98500	408.12522
42.00000	409.41287
42.01500	410.57550
42.03000	411.63413
42.04500	412.61340
42.06000	413.54039
42.07500	414.44236
42.09000	415.34458
42.10500	416.26785
42.12000	417.22563
42.13500	418.22156
42.15000	419.24731
42.16500	420.28120
42.18000	421.28774
42.19500	422.21794
42.21000	423.01066
42.22500	423.59499
42.24000	423.89375
42.25500	423.82829
42.27000	423.32446
42.28500	422.31951
42.30000	420.76903
42.31500	418.65286
42.33000	415.97893
42.34500	412.78381
42.36000	409.12993
42.37500	405.09972
42.39000	400.78795
42.40500	396.29370
42.42000	391.71309
42.43500	387.13383
42.45000	382.63140
42.46500	378.26796
42.48000	374.10098
42.49500	370.16388
42.51000	366.48510
42.52500	363.08489
42.54000	359.97704
42.55500	357.17029
42.57000	354.66942
42.58500	352.47595
42.60000	350.58856
42.61500	349.00331
42.63000	347.71348
42.64500	346.70950
42.66000	345.98407
42.67500	345.52013
42.69000	345.30067
42.70500	345.30587
42.72000	345.51322
42.73500	345.89780
42.75000	346.43281
42.76500	347.09033
42.78000	347.84224
42.79500	348.66123
42.81000	349.52166
42.82500	350.40013
42.84000	351.27556
42.85500	352.12873
42.87000	352.94145
42.88500	353.69536
42.90000	354.37092
42.91500	354.94663
42.93000	355.39897
42.94500	355.70307
42.96000	355.83417
42.97500	355.76982
42.99000	355.49241
43.00500	354.99170
43.02000	354.26674
43.03500	353.32685
43.05000	352.19124
43.06500	350.88752
43.08000	349.44914
43.09500	347.91237
43.11000	346.31341
43.12500	344.68702
43.14000	343.06196
43.15500	341.46568
43.17000	339.91701
43.18500	338.43217
43.20000	337.02423
43.21500	335.70418
43.23000	334.48186
43.24500	333.36661
43.26000	332.36755
43.27500	331.49346
43.29000	330.75254
43.30500	330.15184
43.32000	329.69684
43.33500	329.39090
43.35000	329.23491
43.36500	329.22692
43.38000	329.36187
43.39500	329.63131
43.41000	330.02321
43.42500	330.52174
43.44000	331.10727
43.45500	331.75647
43.47000	332.44275
43.48500	333.13706
43.50000	333.80918
43.51500	334.42930
43.53000	334.97004
43.54500	335.40847
43.56000	335.72795
43.57500	335.91939
43.59000	335.98175
43.60500	335.92153
43.62000	335.75138
43.63500	335.48804
43.65000	335.14995
43.66500	334.75492
43.68000	334.31817
43.69500	333.85098
43.71000	333.36011
43.72500	332.84784
43.74000	332.31272
43.75500	331.75079
43.77000	331.15721
43.78500	330.52791
43.80000	329.86120
43.81500	329.15894
43.83000	328.42728
43.84500	327.67657
43.86000	326.92079
43.87500	326.17648
43.89000	325.46138
43.90500	324.79308
43.92000	324.18787
43.93500	323.65980
43.95000	323.22004
43.96500	322.87654
43.98000	322.63381
43.99500	322.49284
44.01000	322.45108
44.02500	322.50236
44.04000	322.63690
44.05500	322.84125
44.07000	323.09837
44.08500	323.38825
44.10000	323.68799
44.11500	323.97248
44.13000	324.21611
44.14500	324.39416
44.16000	324.48452
44.17500	324.46954
44.19000	324.33742
44.20500	324.08317
44.22000	323.70887
44.23500	323.22308
44.25000	322.63971
44.26500	321.97649
44.28000	321.25329
44.29500	320.49051
44.31000	319.70883
44.32500	318.92658
44.34000	318.16055
44.35500	317.42535
44.37000	316.73338
44.38500	316.09480
44.40000	315.51772
44.41500	315.00841
44.43000	314.57153
44.44500	314.21051
44.46000	313.92782
44.47500	313.72543
44.49000	313.60509
44.50500	313.56868
44.52000	313.61840
44.53500	313.75688
44.55000	313.98721
44.56500	314.31281
44.58000	314.73725
44.59500	315.26408
44.61000	315.89657
44.62500	316.63761
44.64000	317.48955
44.65500	318.45413
44.67000	319.53247
44.68500	320.72500
44.70000	322.03143
44.71500	323.45058
44.73000	324.98013
44.74500	326.61627
44.76000	328.35320
44.77500	330.18259
44.79000	332.09298
44.80500	334.06925
44.82000	336.09229
44.83500	338.13886
44.85000	340.18189
44.86500	342.19115
44.88000	344.13447
44.89500	345.97941
44.91000	347.69531
44.92500	349.25548
44.94000	350.63935
44.95500	351.83414
44.97000	352.83584
44.98500	353.64931
45.00000	354.28739
45.01500	354.76935
45.03000	355.11877
45.04500	355.36157
45.06000	355.52452
45.07500	355.63257
45.09000	355.70897
45.10500	355.77439
45.12000	355.84657
45.13500	355.94015
45.15000	356.06667
45.16500	356.23460
45.18000	356.44981
45.19500	356.71592
45.21000	357.03535
45.22500	357.41034
45.24000	357.84411
45.25500	358.34177
45.27000	358.91109
45.28500	359.56273
45.30000	360.31002
45.31500	361.16831
45.33000	362.15394
45.34500	363.28294
45.36000	364.56972
45.37500	366.02580
45.39000	367.65874
45.40500	369.47143
45.42000	371.46173
45.43500	373.62250
45.45000	375.94187
45.46500	378.40381
45.48000	380.98862
45.49500	383.67346
45.51000	386.43248
45.52500	389.23675
45.54000	392.05392
45.55500	394.84773
45.57000	397.57764
45.58500	400.19877
45.60000	402.66243
45.61500	404.91745
45.63000	406.91224
45.64500	408.59767
45.66000	409.93051
45.67500	410.87694
45.69000	411.41577
45.70500	411.54055
45.72000	411.26201
45.73500	410.60623
45.75000	409.61123
45.76500	408.32497
45.78000	406.80248
45.79500	405.09834
45.81000	403.26188
45.82500	401.33637
45.84000	399.35606
45.85500	397.34577
45.87000	395.32155
45.88500	393.29245
45.90000	391.26272
45.91500	389.23428
45.93000	387.20894
45.94500	385.19023
45.96000	383.18462
45.97500	381.20200
45.99000	379.25555
46.00500	377.36105
46.02000	375.53572
46.03500	373.79690
46.05000	372.16049
46.06500	370.63972
46.08000	369.24406
46.09500	367.97851
46.11000	366.84319
46.12500	365.83267
46.14000	364.93790
46.15500	364.15171
46.17000	363.45141
46.18500	362.81523
46.20000	362.21778
46.21500	361.63068
46.23000	361.02361
46.24500	360.36575
46.26000	359.62769
46.27500	358.78366
46.29000	357.81375
46.30500	356.70581
46.32000	355.45669
46.33500	354.07255
46.35000	352.56814
46.36500	350.96526
46.38000	349.29048
46.39500	347.57271
46.41000	345.84075
46.42500	344.12121
46.44000	342.43704
46.45500	340.80655
46.47000	339.24314
46.48500	337.75539
46.50000	336.34775
46.51500	335.02128
46.53000	333.77470
46.54500	332.60533
46.56000	331.50996
46.57500	330.48551
46.59000	329.52930
46.60500	328.63916
46.62000	327.81314
46.63500	327.04913
46.65000	326.34419
46.66500	325.69471
46.68000	325.09511
46.69500	324.53761
46.71000	324.01277
46.72500	323.50948
46.74000	323.01544
46.75500	322.51801
46.77000	322.00510
46.78500	321.46609
46.80000	320.89277
46.81500	320.27995
46.83000	319.62581
46.84500	318.93181
46.86000	318.20143
46.87500	317.44379
46.89000	316.67354
46.90500	315.89614
46.92000	315.12199
46.93500	314.36097
46.95000	313.62182
46.96500	312.91163
46.98000	312.23552
46.99500	311.59644
47.01000	310.99503
47.02500	310.42971
47.04000	309.89671
47.05500	309.39194
47.07000	308.90950
47.08500	308.44224
47.10000	307.98385
47.11500	307.52894
47.13000	307.07361
47.14500	306.61585
47.16000	306.15577
47.17500	305.69557
47.19000	305.23918
47.20500	304.79190
47.22000	304.35983
47.23500	303.94925
47.25000	303.56604
47.26500	303.21524
47.28000	302.90062
47.29500	302.62446
47.31000	302.38744
47.32500	302.18862
47.34000	302.02559
47.35500	301.89470
47.37000	301.79137
47.38500	301.71048
47.40000	301.64675
47.41500	301.59510
47.43000	301.55094
47.44500	301.51029
47.46000	301.46983
47.47500	301.42676
47.49000	301.37853
47.50500	301.32252
47.52000	301.25570
47.53500	301.17441
47.55000	301.07415
47.56500	300.95007
47.58000	300.79645
47.59500	300.60770
47.61000	300.37881
47.62500	300.10592
47.64000	299.78689
47.65500	299.42170
47.67000	299.01264
47.68500	298.56431
47.70000	298.08329
47.71500	297.57774
47.73000	297.05686
47.74500	296.53029
47.76000	296.00759
47.77500	295.49780
47.79000	295.00911
47.80500	294.54861
47.82000	294.12218
47.83500	293.73447
47.85000	293.38887
47.86500	293.08765
47.88000	292.83205
47.89500	292.62236
47.91000	292.45818
47.92500	292.33848
47.94000	292.26186
47.95500	292.22627
47.97000	292.23225
47.98500	292.27740
48.00000	292.36095
48.01500	292.48259
48.03000	292.64252
48.04500	292.84138
48.06000	293.08013
48.07500	293.35984
48.09000	293.68148
48.10500	294.04577
48.12000	294.45292
48.13500	294.90266
48.15000	295.39414
48.16500	295.92604
48.18000	296.49678
48.19500	297.10472
48.21000	297.74842
48.22500	298.42684
48.24000	299.13955
48.25500	299.88666
48.27000	300.66874
48.28500	301.48628
48.30000	302.34254
48.31500	303.23657
48.33000	304.16794
48.34500	305.13488
48.36000	306.13469
48.37500	307.16199
48.39000	308.20973
48.40500	309.26887
48.42000	310.32837
48.43500	311.37529
48.45000	312.39500
48.46500	313.37454
48.48000	314.29903
48.49500	315.15127
48.51000	315.91625
48.52500	316.58004
48.54000	317.13034
48.55500	317.55692
48.57000	317.85215
48.58500	318.01145
48.60000	318.03382
48.61500	317.92215
48.63000	317.68353
48.64500	317.32927
48.66000	316.87453
48.67500	316.33792
48.69000	315.74050
48.70500	315.10464
48.72000	314.45314
48.73500	313.80817
48.75000	313.19041
48.76500	312.61846
48.78000	312.10853
48.79500	311.67430
48.81000	311.32704
48.82500	311.07584
48.84000	310.92819
48.85500	310.89016
48.87000	310.96672
48.88500	311.16235
48.90000	311.48121
48.91500	311.92728
48.93000	312.50449
48.94500	313.21623
48.96000	314.06538
48.97500	315.05386
48.99000	316.18220
49.00500	317.44901
49.02000	318.85045
49.03500	320.37971
49.05000	322.02647
49.06500	323.77639
49.08000	325.61066
49.09500	327.50574
49.11000	329.43325
49.12500	331.36016
49.14000	333.24934
49.15500	335.06075
49.17000	336.75280
49.18500	338.28444
49.20000	339.61748
49.21500	340.71905
49.23000	341.56384
49.24500	342.13578
49.26000	342.42907
49.27500	342.44829
49.29000	342.20722
49.30500	341.72732
49.32000	341.03530
49.33500	340.16064
49.35000	339.13303
49.36500	337.97996
49.38000	336.72725
49.39500	335.39521
49.41000	333.99830
49.42500	332.54696
49.44000	331.04736
49.45500	329.50221
49.47000	327.91166
49.48500	326.27435
49.50000	324.58836
49.51500	322.85206
49.53000	321.06459
49.54500	319.22680
49.56000	317.34760
49.57500	315.42946
49.59000	313.48083
49.60500	311.51221
49.62000	309.53573
49.63500	307.56460
49.65000	305.61239
49.66500	303.69250
49.68000	301.81753
49.69500	299.99889
49.71000	298.24644
49.72500	296.56835
49.74000	294.97100
49.75500	293.45904
49.77000	292.03546
49.78500	290.70176
49.80000	289.45809
49.81500	288.30343
49.83000	287.23572
49.84500	286.25205
49.86000	285.34874
49.87500	284.52152
49.89000	283.76561
49.90500	283.07592
49.92000	282.44714
49.93500	281.87395
49.95000	281.35116
49.96500	280.87394
49.98000	280.43799
49.99500	280.03967
50.01000	279.67616
50.02500	279.34546
50.04000	279.04648
50.05500	278.77891
50.07000	278.54311
50.08500	278.33999
50.10000	278.17081
50.11500	278.03701
50.13000	277.94001
50.14500	277.88111
50.16000	277.86130
50.17500	277.88114
50.19000	277.94068
50.20500	278.03933
50.22000	278.17579
50.23500	278.34794
50.25000	278.55279
50.26500	278.78639
50.28000	279.04386
50.29500	279.31940
50.31000	279.60640
50.32500	279.89757
50.34000	280.18530
50.35500	280.46190
50.37000	280.71991
50.38500	280.95381
50.40000	281.15919
50.41500	281.33232
50.43000	281.47178
50.44500	281.58092
50.46000	281.66175
50.47500	281.71939
50.49000	281.76030
50.50500	281.79186
50.52000	281.82188
50.53500	281.85817
50.55000	281.90827
50.56500	281.97923
50.58000	282.07752
50.59500	282.20910
50.61000	282.37941
50.62500	282.59351
50.64000	282.85613
50.65500	283.17170
50.67000	283.54434
50.68500	283.97775
50.70000	284.47511
50.71500	285.03889
50.73000	285.67065
50.74500	286.37085
50.76000	287.13864
50.77500	287.97164
50.79000	288.86585
50.80500	289.81546
50.82000	290.81284
50.83500	291.84858
50.85000	292.91167
50.86500	293.98976
50.88000	295.06981
50.89500	296.13861
50.91000	297.18369
50.92500	298.19421
50.94000	299.16183
50.95500	300.08154
50.97000	300.95218
50.98500	301.77666
51.00000	302.56185
51.01500	303.31809
51.03000	304.05831
51.04500	304.79710
51.06000	305.54952
51.07500	306.33002
51.09000	307.15147
51.10500	308.02428
51.12000	308.95588
51.13500	309.95027
51.15000	311.00800
51.16500	312.12622
51.18000	313.29902
51.19500	314.51794
51.21000	315.77263
51.22500	317.05155
51.24000	318.34241
51.25500	319.63499
51.27000	320.91891
51.28500	322.18401
51.30000	323.42210
51.31500	324.62592
51.33000	325.78860
51.34500	326.90293
51.36000	327.96046
51.37500	328.95062
51.39000	329.86000
51.40500	330.67185
51.42000	331.36596
51.43500	331.91906
51.45000	332.30569
51.46500	332.49955
51.48000	332.47533
51.49500	332.21066
51.51000	331.68810
51.52500	330.89693
51.54000	329.83430
51.55500	328.50586
51.57000	326.92552
51.58500	325.11458
51.60000	323.10030
51.61500	320.91406
51.63000	318.58953
51.64500	316.16077
51.66000	313.66082
51.67500	311.12041
51.69000	308.56730
51.70500	306.02576
51.72000	303.51646
51.73500	301.05656
51.75000	298.65987
51.76500	296.33712
51.78000	294.09623
51.79500	291.94261
51.81000	289.87937
51.82500	287.90762
51.84000	286.02675
51.85500	284.23472
51.87000	282.52835
51.88500	280.90374
51.90000	279.35655
51.91500	277.88243
51.93000	276.47727
51.94500	275.13747
51.96000	273.86015
51.97500	272.64317
51.99000	271.48517
52.00500	270.38548
52.02000	269.34398
52.03500	268.36094
52.05000	267.43690
52.06500	266.57249
52.08000	265.76835
52.09500	265.02504
52.11000	264.34305
52.12500	263.72270
52.14000	263.16426
52.15500	262.66786
52.17000	262.23359
52.18500	261.86154
52.20000	261.55174
52.21500	261.30431
52.23000	261.11936
52.24500	260.99710
52.26000	260.93774
52.27500	260.94158
52.29000	261.00894
52.30500	261.14014
52.32000	261.33549
52.33500	261.59524
52.35000	261.91953
52.36500	262.30835
52.38000	262.76153
52.39500	263.27870
52.41000	263.85921
52.42500	264.50215
52.44000	265.20624
52.45500	265.96978
52.47000	266.79180
52.48500	267.67205
52.50000	268.60708
52.51500	269.59474
52.53000	270.63264
52.54500	271.71813
52.56000	272.84810
52.57500	274.01892
52.59000	275.22622
52.60500	276.46473
52.62000	277.72816
52.63500	279.00908
52.65000	280.29886
52.66500	281.58769
52.68000	282.86608
52.69500	284.12329
52.71000	285.34729
52.72500	286.52755
52.74000	287.65255
52.75500	288.71191
52.77000	289.69601
52.78500	290.59604
52.80000	291.40406
52.81500	292.11287
52.83000	292.71605
52.84500	293.20788
52.86000	293.58349
52.87500	293.83902
52.89000	293.97191
52.90500	293.98117
52.92000	293.86772
52.93500	293.63454
52.95000	293.28678
52.96500	292.83167
52.98000	292.27831
52.99500	291.63728
53.01000	290.92031
53.02500	290.13969
53.04000	289.30798
53.05500	288.43735
53.07000	287.53938
53.08500	286.62461
53.10000	285.70230
53.11500	284.78033
53.13000	283.86504
53.14500	282.96137
53.16000	282.07301
53.17500	281.20267
53.19000	280.35239
53.20500	279.52395
53.22000	278.71918
53.23500	277.94024
53.25000	277.18982
53.26500	276.47118
53.28000	275.78809
53.29500	275.14473
53.31000	274.54534
53.32500	273.99448
53.34000	273.49617
53.35500	273.05416
53.37000	272.67166
53.38500	272.35108
53.40000	272.09460
53.41500	271.90403
53.43000	271.78096
53.44500	271.72790
53.46000	271.74546
53.47500	271.83884
53.49000	272.00876
53.50500	272.25797
53.52000	272.58933
53.53500	273.00557
53.55000	273.50900
53.56500	274.10240
53.58000	274.78661
53.59500	275.56212
53.61000	276.42849
53.62500	277.38423
53.64000	278.42676
53.65500	279.55235
53.67000	280.75609
53.68500	282.03178
53.70000	283.37183
53.71500	284.76701
53.73000	286.20626
53.74500	287.67637
53.76000	289.16138
53.77500	290.64435
53.79000	292.10611
53.80500	293.52256
53.82000	294.86889
53.83500	296.11889
53.85000	297.24585
53.86500	298.22361
53.88000	299.02795
53.89500	299.63786
53.91000	300.03684
53.92500	300.21448
53.94000	300.16655
53.95500	299.89514
53.97000	299.40909
53.98500	298.72302
54.00000	297.85638
54.01500	296.83213
54.03000	295.67551
54.04500	294.41270
54.06000	293.06974
54.07500	291.67162
54.09000	290.24163
54.10500	288.80092
54.12000	287.36817
54.13500	285.95951
54.15000	284.58847
54.16500	283.26599
54.18000	282.00059
54.19500	280.79840
54.21000	279.66339
54.22500	278.59744
54.24000	277.60052
54.25500	276.67138
54.27000	275.80715
54.28500	275.00319
54.30000	274.25403
54.31500	273.55327
54.33000	272.89377
54.34500	272.26788
54.36000	271.66769
54.37500	271.08525
54.39000	270.51284
54.40500	269.94320
54.42000	269.36976
54.43500	268.78675
54.45000	268.18933
54.46500	267.57362
54.48000	266.93672
54.49500	266.27665
54.51000	265.59236
54.52500	264.88367
54.54000	264.15126
54.55500	263.39666
54.57000	262.62222
54.58500	261.83107
54.60000	261.02703
54.61500	260.21447
54.63000	259.39813
54.64500	258.58295
54.66000	257.77388
54.67500	256.97563
54.69000	256.19260
54.70500	255.42865
54.72000	254.68709
54.73500	253.97062
54.75000	253.28129
54.76500	252.62055
54.78000	251.98931
54.79500	251.38800
54.81000	250.81665
54.82500	250.27502
54.84000	249.76262
54.85500	249.27887
54.87000	248.82311
54.88500	248.39468
54.90000	247.99297
54.91500	247.61737
54.93000	247.26734
54.94500	246.94232
54.96000	246.64176
54.97500	246.36506
54.99000	246.11155
55.00500	245.88039
55.02000	245.67061
55.03500	245.48109
55.05000	245.31051
55.06500	245.15741
55.08000	245.02009
55.09500	244.89686
55.11000	244.78580
55.12500	244.68509
55.14000	244.59299
55.15500	244.50800
55.17000	244.42895
55.18500	244.35463
55.20000	244.28721
55.21500	244.22792
55.23000	244.17747
55.24500	244.13842
55.26000	244.11391
55.27500	244.10757
55.29000	244.12325
55.30500	244.16481
55.32000	244.23588
55.33500	244.33965
55.35000	244.47869
55.36500	244.65483
55.38000	244.86907
55.39500	245.12153
55.41000	245.41150
55.42500	245.73744
55.44000	246.09713
55.45500	246.48775
55.47000	246.90604
55.48500	247.34848
55.50000	247.81142
55.51500	248.29124
55.53000	248.78452
55.54500	249.28809
55.56000	249.79914
55.57500	250.31523
55.59000	250.83427
55.60500	251.35443
55.62000	251.87411
55.63500	252.39172
55.65000	252.90560
55.66500	253.41386
55.68000	253.91417
55.69500	254.40368
55.71000	254.87888
55.72500	255.33551
55.74000	255.76859
55.75500	256.17240
55.77000	256.54068
55.78500	256.86682
55.80000	257.14417
55.81500	257.36643
55.83000	257.52815
55.84500	257.62519
55.86000	257.65518
55.87500	257.61782
55.89000	257.51508
55.90500	257.35050
55.92000	257.13342
55.93500	256.87341
55.95000	256.57960
55.96500	256.26376
55.98000	255.93826
55.99500	255.61549
56.01000	255.30738
56.02500	255.02496
56.04000	254.77806
56.05500	254.57505
56.07000	254.42270
56.08500	254.32607
56.10000	254.28856
56.11500	254.31185
56.13000	254.39600
56.14500	254.53951
56.16000	254.73942
56.17500	254.99140
56.19000	255.28987
56.20500	255.62815
56.22000	255.99856
56.23500	256.39232
56.25000	256.80235
56.26500	257.21874
56.28000	257.63281
56.29500	258.03645
56.31000	258.42251
56.32500	258.78508
56.34000	259.11919
56.35500	259.42508
56.37000	259.70062
56.38500	259.94705
56.40000	260.16715
56.41500	260.36492
56.43000	260.54510
56.44500	260.71274
56.46000	260.87268
56.47500	261.02912
56.49000	261.18525
56.50500	261.34299
56.52000	261.50286
56.53500	261.66390
56.55000	261.82377
56.56500	261.97888
56.58000	262.12450
56.59500	262.25685
56.61000	262.36937
56.62500	262.45622
56.64000	262.51158
56.65500	262.52975
56.67000	262.50529
56.68500	262.43311
56.70000	262.30856
56.71500	262.12753
56.73000	261.88657
56.74500	261.58310
56.76000	261.21558
56.77500	260.78368
56.79000	260.28840
56.80500	259.73207
56.82000	259.11831
56.83500	258.45263
56.85000	257.74114
56.86500	256.98983
56.88000	256.20538
56.89500	255.39430
56.91000	254.56258
56.92500	253.71541
56.94000	252.85816
56.95500	251.99400
56.97000	251.12588
56.98500	250.25620
57.00000	249.38706
57.01500	248.52044
57.03000	247.65850
57.04500	246.80372
57.06000	245.95905
57.07500	245.12790
57.09000	244.31414
57.10500	243.52197
57.12000	242.75582
57.13500	242.02015
57.15000	241.31934
57.16500	240.65750
57.18000	240.03837
57.19500	239.46597
57.21000	238.94303
57.22500	238.47223
57.24000	238.05586
57.25500	237.69577
57.27000	237.39370
57.28500	237.15073
57.30000	236.96772
57.31500	236.84513
57.33000	236.78365
57.34500	236.78292
57.36000	236.84281
57.37500	236.96300
57.39000	237.14265
57.40500	237.38100
57.42000	237.67723
57.43500	238.03052
57.45000	238.44015
57.46500	238.90550
57.48000	239.42611
57.49500	240.00198
57.51000	240.63304
57.52500	241.31954
57.54000	242.06239
57.55500	242.86258
57.57000	243.72093
57.58500	244.63856
57.60000	245.61663
57.61500	246.65612
57.63000	247.75775
57.64500	248.92174
57.66000	250.14771
57.67500	251.43440
57.69000	252.77950
57.70500	254.18012
57.72000	255.63146
57.73500	257.12764
57.75000	258.66218
57.76500	260.22490
57.78000	261.80475
57.79500	263.38902
57.81000	264.96330
57.82500	266.51164
57.84000	268.01684
57.85500	269.46082
57.87000	270.82527
57.88500	272.09207
57.90000	273.24425
57.91500	274.26675
57.93000	275.14722
57.94500	275.87669
57.96000	276.45016
57.97500	276.86688
57.99000	277.13055
58.00500	277.24899
58.02000	277.23369
58.03500	277.09926
58.05000	276.86269
58.06500	276.54248
58.08000	276.15796
58.09500	275.72851
58.11000	275.27302
58.12500	274.80948
58.14000	274.35458
58.15500	273.92354
58.17000	273.52990
58.18500	273.18530
58.20000	272.89877
58.21500	272.68201
58.23000	272.53893
58.24500	272.47362
58.26000	272.48798
58.27500	272.58169
58.29000	272.75198
58.30500	272.99541
58.32000	273.30569
58.33500	273.67368
58.35000	274.08941
58.36500	274.54174
58.38000	275.01878
58.39500	275.50847
58.41000	275.99905
58.42500	276.47969
58.44000	276.94094
58.45500	277.37518
58.47000	277.77685
58.48500	278.14254
58.50000	278.47102
58.51500	278.76289
58.53000	279.02033
58.54500	279.24651
58.56000	279.44504
58.57500	279.61917
58.59000	279.77390
58.60500	279.91225
58.62000	280.03470
58.63500	280.14172
58.65000	280.23273
58.66500	280.30628
58.68000	280.36041
58.69500	280.39273
58.71000	280.40097
58.72500	280.38319
58.74000	280.33801
58.75500	280.26463
58.77000	280.16284
58.78500	280.03241
58.80000	279.87628
58.81500	279.69408
58.83000	279.48668
58.84500	279.25478
58.86000	278.99877
58.87500	278.71872
58.89000	278.41441
58.90500	278.08545
58.92000	277.73141
58.93500	277.35197
58.95000	276.94704
58.96500	276.51685
58.98000	276.06202
58.99500	275.58348
59.01000	275.08242
59.02500	274.56006
59.04000	274.01750
59.05500	273.45546
59.07000	272.87406
59.08500	272.27271
59.10000	271.64995
59.11500	271.00353
59.13000	270.33054
59.14500	269.62764
59.16000	268.89145
59.17500	268.11890
59.19000	267.30774
59.20500	266.45684
59.22000	265.56653
59.23500	264.63934
59.25000	263.67897
59.26500	262.69111
59.28000	261.68306
59.29500	260.66334
59.31000	259.64134
59.32500	258.62702
59.34000	257.63034
59.35500	256.66195
59.37000	255.73090
59.38500	254.84605
59.40000	254.01539
59.41500	253.24600
59.43000	252.54397
59.44500	251.91434
59.46000	251.36112
59.47500	250.88722
59.49000	250.49449
59.50500	250.18367
59.52000	249.95456
59.53500	249.80555
59.55000	249.73394
59.56500	249.73544
59.58000	249.80610
59.59500	249.93977
59.61000	250.12832
59.62500	250.36296
59.64000	250.63367
59.65500	250.92928
59.67000	251.23758
59.68500	251.54546
59.70000	251.83911
59.71500	252.10415
59.73000	252.32732
59.74500	252.49442
59.76000	252.59268
59.77500	252.61069
59.79000	252.53895
59.80500	252.37014
59.82000	252.09959
59.83500	251.72542
59.85000	251.24853
59.86500	250.67271
59.88000	250.00464
59.89500	249.24992
59.91000	248.42628
59.92500	247.54306
59.94000	246.61128
59.95500	245.64384
59.97000	244.65357
59.98500	243.65293
60.00000	242.65373
60.01500	241.66694
60.03000	240.70262
60.04500	239.76984
60.06000	238.87666
60.07500	238.03022
60.09000	237.23669
60.10500	236.50143
60.12000	235.82896
60.13500	235.22307
60.15000	234.68682
60.16500	234.22263
60.18000	233.83227
60.19500	233.51686
60.21000	233.27696
60.22500	233.11251
60.24000	233.02288
60.25500	233.00689
60.27000	233.06282
60.28500	233.18845
60.30000	233.38111
60.31500	233.63774
60.33000	233.95498
60.34500	234.32923
60.36000	234.75682
60.37500	235.23406
60.39000	235.75738
60.40500	236.32344
60.42000	236.92921
60.43500	237.57203
60.45000	238.24965
60.46500	238.96023
60.48000	239.70227
60.49500	240.47457
60.51000	241.27612
60.52500	242.10595
60.54000	242.96302
60.55500	243.84604
60.57000	244.75329
60.58500	245.68248
60.60000	246.63053
60.61500	247.59361
60.63000	248.56679
60.64500	249.54400
60.66000	250.51817
60.67500	251.48122
60.69000	252.42417
60.70500	253.33730
60.72000	254.20968
60.73500	255.03452
60.75000	255.80040
60.76500	256.49863
60.78000	257.12174
60.79500	257.66390
60.81000	258.12117
60.82500	258.49164
60.84000	258.77556
60.85500	258.97577
60.87000	259.09598
60.88500	259.14177
60.90000	259.12040
60.91500	259.03870
60.93000	258.90400
60.94500	258.72328
60.96000	258.50276
60.97500	258.24764
60.99000	257.96185
61.00500	257.64801
61.02000	257.30749
61.03500	256.94049
61.05000	256.54631
61.06500	256.12365
61.08000	255.67093
61.09500	255.18665
61.11000	254.66966
61.12500	254.11946
61.14000	253.53639
61.15500	252.92172
61.17000	252.27769
61.18500	251.60743
61.20000	250.91482
61.21500	250.20434
61.23000	249.48081
61.24500	248.74921
61.26000	248.01448
61.27500	247.28130
61.29000	246.55396
61.30500	245.83621
61.32000	245.13120
61.33500	244.44138
61.35000	243.76847
61.36500	243.11346
61.38000	242.47656
61.39500	241.85730
61.41000	241.25457
61.42500	240.66671
61.44000	240.09161
61.45500	239.52691
61.47000	238.97016
61.48500	238.41897
61.50000	237.87121
61.51500	237.32519
61.53000	236.77979
61.54500	236.23456
61.56000	235.68977
61.57500	235.14644
61.59000	234.60626
61.60500	234.07158
61.62000	233.54522
61.63500	233.03039
61.65000	232.53053
61.66500	232.04920
61.68000	231.58996
61.69500	231.15623
61.71000	230.75119
61.72500	230.37758
61.74000	230.03765
61.75500	229.73593
61.77000	229.47266
61.78500	229.24905
61.80000	229.06625
61.81500	228.92464
61.83000	228.82394
61.84500	228.76353
61.86000	228.74236
61.87500	228.75899
61.89000	228.81162
61.90500	228.89809
61.92000	229.01552
61.93500	229.16430
61.95000	229.34052
61.96500	229.54197
61.98000	229.76651
61.99500	230.01213
62.01000	230.27691
62.02500	230.55898
62.04000	230.85643
62.05500	231.16727
62.07000	231.48927
62.08500	231.81991
62.10000	232.15622
62.11500	232.49475
62.13000	232.83151
62.14500	233.16196
62.16000	233.48103
62.17500	233.78324
62.19000	234.06283
62.20500	234.31392
62.22000	234.53079
62.23500	234.70813
62.25000	234.84131
62.26500	234.92667
62.28000	234.96174
62.29500	234.94542
62.31000	234.87815
62.32500	234.76188
62.34000	234.60004
62.35500	234.39742
62.37000	234.15994
62.38500	233.89442
62.40000	233.60827
62.41500	233.30924
62.43000	233.00514
62.44500	232.70358
62.46000	232.41173
62.47500	232.13588
62.49000	231.88376
62.50500	231.65971
62.52000	231.46837
62.53500	231.31359
62.55000	231.19844
62.56500	231.12531
62.58000	231.09586
62.59500	231.11108
62.61000	231.17122
62.62500	231.27560
62.64000	231.42548
62.65500	231.61826
62.67000	231.85214
62.68500	232.12478
62.70000	232.43339
62.71500	232.77476
62.73000	233.14523
62.74500	233.54070
62.76000	233.95619
62.77500	234.38883
62.79000	234.83251
62.80500	235.28190
62.82000	235.73152
62.83500	236.17596
62.85000	236.60937
62.86500	237.02609
62.88000	237.42057
62.89500	237.78748
62.91000	238.12179
62.92500	238.41884
62.94000	238.67463
62.95500	238.88560
62.97000	239.04869
62.98500	239.16159
63.00000	239.22261
63.01500	239.23099
63.03000	239.18701
63.04500	239.09098
63.06000	238.94459
63.07500	238.75012
63.09000	238.51035
63.10500	238.22874
63.12000	237.90927
63.13500	237.55623
63.15000	237.17405
63.16500	236.76734
63.18000	236.33845
63.19500	235.89786
63.21000	235.44578
63.22500	234.98573
63.24000	234.52077
63.25500	234.05355
63.27000	233.58628
63.28500	233.12083
63.30000	232.65880
63.31500	232.20159
63.33000	231.75050
63.34500	231.30678
63.36000	230.87169
63.37500	230.44659
63.39000	230.03288
63.40500	229.63207
63.42000	229.24574
63.43500	228.87551
63.45000	228.52295
63.46500	228.18961
63.48000	227.87689
63.49500	227.58602
63.51000	227.31814
63.52500	227.07407
63.54000	226.85433
63.55500	226.65922
63.57000	226.48872
63.58500	226.34256
63.60000	226.22016
63.61500	226.12066
63.63000	226.04288
63.64500	225.98536
63.66000	225.94634
63.67500	225.92377
63.69000	225.91531
63.70500	225.91838
63.72000	225.93019
63.73500	225.94782
63.75000	225.96824
63.76500	225.98844
63.78000	226.00551
63.79500	226.01669
63.81000	226.01950
63.82500	226.01178
63.84000	225.99173
63.85500	225.95795
63.87000	225.90946
63.88500	225.84566
63.90000	225.76633
63.91500	225.67160
63.93000	225.56190
63.94500	225.43782
63.96000	225.30064
63.97500	225.15200
63.99000	224.99307
64.00500	224.82566
64.02000	224.65181
64.03500	224.47376
64.05000	224.29398
64.06500	224.11515
64.08000	223.93992
64.09500	223.77098
64.11000	223.61095
64.12500	223.46252
64.14000	223.32807
64.15500	223.20960
64.17000	223.10888
64.18500	223.02731
64.20000	222.96597
64.21500	222.92547
64.23000	222.90606
64.24500	222.90732
64.26000	222.92962
64.27500	222.97232
64.29000	223.03365
64.30500	223.11293
64.32000	223.20811
64.33500	223.31733
64.35000	223.43857
64.36500	223.56964
64.38000	223.70830
64.39500	223.85227
64.41000	223.99935
64.42500	224.14743
64.44000	224.29460
64.45500	224.43926
64.47000	224.58015
64.48500	224.71642
64.50000	224.84769
64.51500	224.97405
64.53000	225.09611
64.54500	225.21491
64.56000	225.33191
64.57500	225.44896
64.59000	225.56864
64.60500	225.69305
64.62000	225.82473
64.63500	225.96619
64.65000	226.11992
64.66500	226.28820
64.68000	226.47309
64.69500	226.67632
64.71000	226.89927
64.72500	227.14286
64.74000	227.40756
64.75500	227.69332
64.77000	227.99959
64.78500	228.32526
64.80000	228.66865
64.81500	229.02755
64.83000	229.39917
64.84500	229.78020
64.86000	230.16682
64.87500	230.55478
64.89000	230.93944
64.90500	231.31588
64.92000	231.67901
64.93500	232.02370
64.95000	232.34493
64.96500	232.63793
64.98000	232.89834
64.99500	233.12236
65.01000	233.30690
65.02500	233.44965
65.04000	233.54914
65.05500	233.60478
65.07000	233.61712
65.08500	233.58746
65.10000	233.51776
65.11500	233.41065
65.13000	233.26974
65.14500	233.09969
65.16000	232.90414
65.17500	232.68757
65.19000	232.45449
65.20500	232.20941
65.22000	231.95673
65.23500	231.70064
65.25000	231.44505
65.26500	231.19355
65.28000	230.94937
65.29500	230.71531
65.31000	230.49373
65.32500	230.28652
65.34000	230.09505
65.35500	229.92022
65.37000	229.76234
65.38500	229.62115
65.40000	229.49582
65.41500	229.38499
65.43000	229.28674
65.44500	229.19871
65.46000	229.11807
65.47500	229.04159
65.49000	228.96592
65.50500	228.88837
65.52000	228.80496
65.53500	228.71243
65.55000	228.60789
65.56500	228.48886
65.58000	228.35337
65.59500	228.20009
65.61000	228.02840
65.62500	227.83836
65.64000	227.63067
65.65500	227.40669
65.67000	227.16826
65.68500	226.91766
65.70000	226.65749
65.71500	226.39051
65.73000	226.11958
65.74500	225.84754
65.76000	225.57709
65.77500	225.31077
65.79000	225.05088
65.80500	224.79943
65.82000	224.55813
65.83500	224.32835
65.85000	224.11112
65.86500	223.90710
65.88000	223.71661
65.89500	223.53962
65.91000	223.37575
65.92500	223.22429
65.94000	223.08423
65.95500	222.95429
65.97000	222.83296
65.98500	222.71857
66.00000	222.60933
66.01500	222.50339
66.03000	222.39897
66.04500	222.29439
66.06000	222.18814
66.07500	222.07879
66.09000	221.96582
66.10500	221.84929
66.12000	221.72864
66.13500	221.60415
66.15000	221.47659
66.16500	221.34707
66.18000	221.21708
66.19500	221.08834
66.21000	220.96282
66.22500	220.84255
66.24000	220.72964
66.25500	220.62610
66.27000	220.53393
66.28500	220.45493
66.30000	220.39055
66.31500	220.34199
66.33000	220.31016
66.34500	220.29557
66.36000	220.29836
66.37500	220.31828
66.39000	220.35465
66.40500	220.40637
66.42000	220.47193
66.43500	220.54939
66.45000	220.63641
66.46500	220.73026
66.48000	220.82786
66.49500	220.92579
66.51000	221.02041
66.52500	221.10787
66.54000	221.18424
66.55500	221.24557
66.57000	221.28801
66.58500	221.30797
66.60000	221.30234
66.61500	221.26826
66.63000	221.20355
66.64500	221.10673
66.66000	220.97705
66.67500	220.81457
66.69000	220.62016
66.70500	220.39544
66.72000	220.14278
66.73500	219.86516
66.75000	219.56608
66.76500	219.24942
66.78000	218.91931
66.79500	218.57995
66.81000	218.23554
66.82500	217.89010
66.84000	217.54741
66.85500	217.21090
66.87000	216.88357
66.88500	216.56795
66.90000	216.26617
66.91500	215.97984
66.93000	215.70998
66.94500	215.45718
66.96000	215.22157
66.97500	215.00282
66.99000	214.80024
67.00500	214.61274
67.02000	214.43895
67.03500	214.27722
67.05000	214.12571
67.06500	213.98240
67.08000	213.84520
67.09500	213.71196
67.11000	213.58055
67.12500	213.44891
67.14000	213.31509
67.15500	213.17733
67.17000	213.03404
67.18500	212.88380
67.20000	212.72603
67.21500	212.55973
67.23000	212.38450
67.24500	212.20029
67.26000	212.00729
67.27500	211.80561
67.29000	211.59728
67.30500	211.38370
67.32000	211.16556
67.33500	210.94440
67.35000	210.72186
67.36500	210.49966
67.38000	210.27951
67.39500	210.06311
67.41000	209.85205
67.42500	209.64784
67.44000	209.45184
67.45500	209.26527
67.47000	209.08916
67.48500	208.92425
67.50000	208.77160
67.51500	208.63183
67.53000	208.50513
67.54500	208.39172
67.56000	208.29172
67.57500	208.20517
67.59000	208.13201
67.60500	208.07215
67.62000	208.02547
67.63500	207.99189
67.65000	207.97134
67.66500	207.96384
67.68000	207.96947
67.69500	207.98840
67.71000	208.02057
67.72500	208.06752
67.74000	208.12909
67.75500	208.20587
67.77000	208.29851
67.78500	208.40761
67.80000	208.53420
67.81500	208.67874
67.83000	208.84184
67.84500	209.02443
67.86000	209.22676
67.87500	209.44918
67.89000	209.69188
67.90500	209.95487
67.92000	210.23795
67.93500	210.54069
67.95000	210.86242
67.96500	211.20219
67.98000	211.55879
67.99500	211.93072
68.01000	212.31620
68.02500	212.71316
68.04000	213.11923
68.05500	213.53182
68.07000	213.94806
68.08500	214.36489
68.10000	214.77886
68.11500	215.18709
68.13000	215.58621
68.14500	215.97244
68.16000	216.34229
68.17500	216.69230
68.19000	217.01917
68.20500	217.31969
68.22000	217.59119
68.23500	217.83120
68.25000	218.03738
68.26500	218.20796
68.28000	218.34158
68.29500	218.43739
68.31000	218.49496
68.32500	218.51425
68.34000	218.49589
68.35500	218.44092
68.37000	218.35063
68.38500	218.22661
68.40000	218.07020
68.41500	217.88320
68.43000	217.66743
68.44500	217.42419
68.46000	217.15658
68.47500	216.86834
68.49000	216.56002
68.50500	216.23361
68.52000	215.89121
68.53500	215.53487
68.55000	215.16664
68.56500	214.78850
68.58000	214.40237
68.59500	214.01009
68.61000	213.61335
68.62500	213.21374
68.64000	212.81267
68.65500	212.41139
68.67000	212.01095
68.68500	211.61223
68.70000	211.21595
68.71500	210.82268
68.73000	210.43278
68.74500	210.04650
68.76000	209.66523
68.77500	209.28860
68.79000	208.91695
68.80500	208.55053
68.82000	208.19035
68.83500	207.83663
68.85000	207.48997
68.86500	207.15095
68.88000	206.82041
68.89500	206.49990
68.91000	206.18972
68.92500	205.89070
68.94000	205.60365
68.95500	205.32931
68.97000	205.06834
68.98500	204.82128
69.00000	204.58857
69.01500	204.37052
69.03000	204.16730
69.04500	203.97895
69.06000	203.80540
69.07500	203.64648
69.09000	203.50190
69.10500	203.37123
69.12000	203.25420
69.13500	203.15058
69.15000	203.05965
69.16500	202.98086
69.18000	202.91363
69.19500	202.85737
69.21000	202.81152
69.22500	202.77548
69.24000	202.74858
69.25500	202.73020
69.27000	202.71973
69.28500	202.71656
69.30000	202.72015
69.31500	202.72995
69.33000	202.74548
69.34500	202.76635
69.36000	202.79201
69.37500	202.82211
69.39000	202.85854
69.40500	202.89997
69.42000	202.94645
69.43500	202.99828
69.45000	203.05591
69.46500	203.11946
69.48000	203.18925
69.49500	203.26556
69.51000	203.34864
69.52500	203.43868
69.54000	203.53576
69.55500	203.63989
69.57000	203.75096
69.58500	203.86875
69.60000	203.99296
69.61500	204.12320
69.63000	204.25901
69.64500	204.39990
69.66000	204.54535
69.67500	204.69482
69.69000	204.84781
69.70500	205.00379
69.72000	205.16231
69.73500	205.32291
69.75000	205.48514
69.76500	205.64851
69.78000	205.81292
69.79500	205.97807
69.81000	206.14341
69.82500	206.30855
69.84000	206.47311
69.85500	206.63671
69.87000	206.79896
69.88500	206.95946
69.90000	207.11803
69.91500	207.27423
69.93000	207.42778
69.94500	207.57842
69.96000	207.72595
69.97500	207.87019
69.99000	208.01100
70.00500	208.14827
70.02000	208.28190
70.03500	208.41183
70.05000	208.53798
70.06500	208.66027
70.08000	208.77870
70.09500	208.89333
70.11000	209.00411
70.12500	209.11111
70.14000	209.21449
70.15500	209.31443
70.17000	209.41133
70.18500	209.50650
70.20000	209.60012
70.21500	209.69303
70.23000	209.78622
70.24500	209.88079
70.26000	209.97788
70.27500	210.07866
70.29000	210.18424
70.30500	210.29564
70.32000	210.41377
70.33500	210.53944
70.35000	210.67298
70.36500	210.81455
70.38000	210.96402
70.39500	211.12095
70.41000	211.28459
70.42500	211.45391
70.44000	211.62760
70.45500	211.80415
70.47000	211.98186
70.48500	212.15888
70.50000	212.33330
70.51500	212.50318
70.53000	212.66659
70.54500	212.82173
70.56000	212.96690
70.57500	213.10057
70.59000	213.22152
70.60500	213.32873
70.62000	213.42151
70.63500	213.49947
70.65000	213.56259
70.66500	213.61114
70.68000	213.64609
70.69500	213.66859
70.71000	213.67989
70.72500	213.68167
70.74000	213.67590
70.75500	213.66477
70.77000	213.65061
70.78500	213.63596
70.80000	213.62327
70.81500	213.61504
70.83000	213.61371
70.84500	213.62165
70.86000	213.64107
70.87500	213.67406
70.89000	213.72249
70.90500	213.78811
70.92000	213.87245
70.93500	213.97686
70.95000	214.10252
70.96500	214.25045
70.98000	214.42147
70.99500	214.61626
71.01000	214.83529
71.02500	215.07886
71.04000	215.34704
71.05500	215.63969
71.07000	215.95641
71.08500	216.29650
71.10000	216.65902
71.11500	217.04256
71.13000	217.44564
71.14500	217.86628
71.16000	218.30201
71.17500	218.75003
71.19000	219.20721
71.20500	219.67011
71.22000	220.13490
71.23500	220.59739
71.25000	221.05316
71.26500	221.49761
71.28000	221.92596
71.29500	222.33342
71.31000	222.71518
71.32500	223.06661
71.34000	223.38330
71.35500	223.66122
71.37000	223.89677
71.38500	224.08695
71.40000	224.22940
71.41500	224.32252
71.43000	224.36548
71.44500	224.35828
71.46000	224.30152
71.47500	224.19772
71.49000	224.04876
71.50500	223.85771
71.52000	223.62819
71.53500	223.36428
71.55000	223.07038
71.56500	222.75108
71.58000	222.41123
71.59500	222.05543
71.61000	221.68827
71.62500	221.31418
71.64000	220.93729
71.65500	220.56149
71.67000	220.19031
71.68500	219.82695
71.70000	219.47429
71.71500	219.13480
71.73000	218.81068
71.74500	218.50376
71.76000	218.21558
71.77500	217.94739
71.79000	217.70020
71.80500	217.47475
71.82000	217.27160
71.83500	217.09112
71.85000	216.93352
71.86500	216.79888
71.88000	216.68718
71.89500	216.59831
71.91000	216.53213
71.92500	216.48841
71.94000	216.46693
71.95500	216.46744
71.97000	216.48972
71.98500	216.53348
72.00000	216.59845
72.01500	216.68438
72.03000	216.79097
72.04500	216.91789
72.06000	217.06503
72.07500	217.23190
72.09000	217.41813
72.10500	217.62329
72.12000	217.84687
72.13500	218.08832
72.15000	218.34700
72.16500	218.62221
72.18000	218.91314
72.19500	219.21889
72.21000	219.53851
72.22500	219.87091
72.24000	220.21498
72.25500	220.56948
72.27000	220.93315
72.28500	221.30467
72.30000	221.68269
72.31500	222.06584
72.33000	222.45275
72.34500	222.84210
