3.00000	142029.25956
3.01500	142102.26943
3.03000	142174.04612
3.04500	142244.59718
3.06000	142313.93014
3.07500	142382.05251
3.09000	142448.97183
3.10500	142514.69562
3.12000	142579.23139
3.13500	142642.58666
3.15000	142704.76894
3.16500	142765.78576
3.18000	142825.64462
3.19500	142884.35304
3.21000	142941.91854
3.22500	142998.34863
3.24000	143053.65083
3.25500	143107.83268
3.27000	143160.90169
3.28500	143212.86834
3.30000	143263.74412
3.31500	143313.53697
3.33000	143362.25487
3.34500	143409.90583
3.36000	143456.49792
3.37500	143502.03927
3.39000	143546.53807
3.40500	143590.00258
3.42000	143632.44117
3.43500	143673.86226
3.45000	143714.27444
3.46500	143753.68638
3.48000	143792.10693
3.49500	143829.54512
3.51000	143866.01020
3.52500	143901.51167
3.54000	143936.05938
3.55500	143969.66354
3.57000	144002.33491
3.58500	144034.08490
3.60000	144064.92577
3.61500	144094.87099
3.63000	144123.93568
3.64500	144152.13742
3.66000	144179.49752
3.67500	144206.04349
3.69000	144231.81400
3.70500	144256.87061
3.72000	144281.33327
3.73500	144305.55752
3.75000	144330.72099
3.76500	144351.44852
3.78000	144371.32959
3.79500	144390.37264
3.81000	144408.58616
3.82500	144425.97871
3.84000	144442.55892
3.85500	144458.33551
3.87000	144473.31724
3.88500	144487.51298
3.90000	144500.93167
3.91500	144513.58234
3.93000	144525.47413
3.94500	144536.61624
3.96000	144547.01801
3.97500	144556.68887
3.99000	144565.63837
4.00500	144573.87618
4.02000	144581.41208
4.03500	144588.25600
4.05000	144594.41801
4.06500	144599.90831
4.08000	144604.73726
4.09500	144608.91539
4.11000	144612.45339
4.12500	144615.36213
4.14000	144617.65267
4.15500	144619.33627
4.17000	144620.42439
4.18500	144620.92870
4.20000	144620.86114
4.21500	144620.23385
4.23000	144619.05924
4.24500	144617.34999
4.26000	144615.11908
4.27500	144612.37977
4.29000	144609.14563
4.30500	144605.43058
4.32000	144601.24888
4.33500	144596.61519
4.35000	144591.54451
4.36500	144586.05230
4.38000	144580.15445
4.39500	144573.86729
4.41000	144567.20766
4.42500	144560.19291
4.44000	144552.84096
4.45500	144545.17028
4.47000	144537.19998
4.48500	144528.94982
4.50000	144520.44025
4.51500	144511.69246
4.53000	144502.72842
4.54500	144493.57093
4.56000	144484.24369
4.57500	144474.77132
4.59000	144465.17947
4.60500	144455.49483
4.62000	144445.74526
4.63500	144435.95980
4.65000	144426.16883
4.66500	144416.40410
4.68000	144406.69883
4.69500	144397.08786
4.71000	144387.60772
4.72500	144378.29676
4.74000	144369.19532
4.75500	144360.34581
4.77000	144351.79293
4.78500	144343.58383
4.80000	144335.76826
4.81500	144328.39885
4.83000	144321.53127
4.84500	144315.22450
4.86000	144309.54114
4.87500	144304.54766
4.89000	144300.31477
4.90500	144296.91777
4.92000	144294.43699
4.93500	144292.95820
4.95000	144292.57313
4.96500	144293.38006
4.98000	144295.48441
4.99500	144298.99947
5.01000	144304.04717
5.02500	144310.75898
5.04000	144319.27691
5.05500	144329.75464
5.07000	144342.35883
5.08500	144357.27872
5.10000	144374.72918
5.11500	144394.92794
5.13000	144418.11251
5.14500	144444.54345
5.16000	144474.50742
5.17500	144508.32067
5.19000	144546.33324
5.20500	144588.93385
5.22000	144636.55575
5.23500	144689.68371
5.25000	144748.86244
5.26500	144814.70687
5.28000	144887.91468
5.29500	144969.28189
5.31000	145059.72227
5.32500	145160.29203
5.34000	145272.22135
5.35500	145396.95558
5.37000	145536.20996
5.38500	145692.04433
5.40000	145866.97054
5.41500	146064.12102
5.43000	146287.55921
5.44500	146543.03306
5.46000	146842.66489
5.47500	147181.84218
5.49000	147587.34881
5.50500	148090.42305
5.52000	148738.70527
5.53500	149601.15528
5.55000	150766.34700
5.56500	152329.59608
5.58000	154364.37968
5.59500	156890.20286
5.61000	159869.44863
5.62500	163236.00631
5.64000	166924.18427
5.65500	170883.31795
5.67000	175081.32320
5.68500	179502.31753
5.70000	184142.13364
5.71500	189004.17696
5.73000	194096.61521
5.74500	199430.85457
5.76000	205020.87410
5.77500	210883.02767
5.79000	217036.08159
5.80500	223501.38267
5.82000	230303.11907
5.83500	237468.66688
5.85000	245029.02835
5.86500	253019.37561
5.88000	261479.72075
5.89500	270455.74096
5.91000	279999.79765
5.92500	290172.20190
5.94000	301042.79720
5.95500	312692.95633
5.97000	325218.12721
5.98500	338731.11780
6.00000	353366.39509
6.01500	369285.80814
6.03000	386686.36827
6.04500	405811.12741
6.06000	426964.98502
6.07500	450538.89043
6.09000	477049.19242
6.10500	507204.22526
6.12000	542013.96632
6.13500	582944.00771
6.15000	632044.07423
6.16500	691816.21195
6.18000	764380.79249
6.19500	849496.43513
6.21000	941509.52406
6.22500	1026216.91278
6.24000	1079258.83841
6.25500	1069365.64393
6.27000	975844.27417
6.28500	817062.26880
6.30000	642505.36910
6.31500	491249.54908
6.33000	377911.55665
6.34500	301204.25347
6.36000	252834.00263
6.37500	223277.96159
6.39000	204885.70770
6.40500	192708.69152
6.42000	183996.88611
6.43500	177351.39570
6.45000	172065.43777
6.46500	167752.38189
6.48000	164173.31190
6.49500	161164.80994
6.51000	158608.19458
6.52500	156414.48360
6.54000	154515.66205
6.55500	152858.97985
6.57000	151403.01511
6.58500	150114.87335
6.60000	148968.16287
6.61500	147941.50899
6.63000	147017.44962
6.64500	146181.60453
6.66000	145422.04352
6.67500	144728.80096
6.69000	144093.49930
6.70500	143509.05447
6.72000	142969.44373
6.73500	142469.52150
6.75000	142004.87338
6.76500	141571.70223
6.78000	141166.75126
6.79500	140787.38452
6.81000	140430.77220
6.82500	140093.77940
6.84000	139775.33178
6.85500	139473.71590
6.87000	139187.41514
6.88500	138915.08328
6.90000	138655.52219
6.91500	138407.66282
6.93000	138170.54911
6.94500	137943.32411
6.96000	137725.21820
6.97500	137515.53882
6.99000	137313.66179
7.00500	137119.02358
7.02000	136931.11483
7.03500	136749.47456
7.05000	136573.68523
7.06500	136403.36841
7.08000	136238.18099
7.09500	136077.81194
7.11000	135921.97945
7.12500	135770.42849
7.14000	135622.92867
7.15500	135479.27251
7.17000	135339.27389
7.18500	135202.76687
7.20000	135069.60478
7.21500	134939.65950
7.23000	134812.82118
7.24500	134688.99811
7.26000	134568.11714
7.27500	134450.12432
7.29000	134334.98627
7.30500	134222.69206
7.32000	134113.25614
7.33500	134006.72257
7.35000	133903.17168
7.36500	133802.73115
7.38000	133705.59556
7.39500	133612.06188
7.41000	133522.59133
7.42500	133437.90855
7.44000	133359.14135
7.45500	133287.98537
7.47000	133226.84920
7.48500	133178.90328
7.50000	133147.91188
7.51500	133137.67289
7.53000	133150.99989
7.54500	133188.77472
7.56000	133249.98282
7.57500	133332.64355
7.59000	133434.73827
7.60500	133554.72248
7.62000	133691.70640
7.63500	133845.45086
7.65000	134016.27849
7.66500	134204.96785
7.68000	134412.67030
7.69500	134640.86502
7.71000	134891.35110
7.72500	135166.27001
7.74000	135468.15276
7.75500	135799.98997
7.77000	136165.32815
7.78500	136568.39940
7.80000	137014.29789
7.81500	137509.23957
7.83000	138061.00303
7.84500	138678.31890
7.86000	139373.88053
7.87500	140163.78217
7.89000	141069.84324
7.90500	142121.97830
7.92000	143360.21092
7.93500	144833.71059
7.95000	146591.99897
7.96500	148662.47703
7.98000	151011.32771
7.99500	153492.21431
8.01000	155794.50098
8.02500	157407.49902
8.04000	157649.16737
8.05500	155928.78995
8.07000	152302.12985
8.08500	147683.16963
8.10000	143147.32911
8.11500	139321.49060
8.13000	136388.70880
8.14500	134283.67017
8.16000	132835.61237
8.17500	131854.55963
8.19000	131179.16637
8.20500	130694.73440
8.22000	130324.81843
8.23500	130028.29572
8.25000	129781.65471
8.26500	129571.29300
8.28000	129388.64623
8.29500	129228.36050
8.31000	129086.60422
8.32500	128960.96363
8.34000	128847.86707
8.35500	128746.53084
8.37000	128655.89430
8.38500	128575.22140
8.40000	128503.89929
8.41500	128441.60392
8.43000	128387.97683
8.44500	128342.59213
8.46000	128306.40801
8.47500	128279.96250
8.49000	128264.06887
8.50500	128259.88419
8.52000	128268.99879
8.53500	128293.84806
8.55000	128337.96002
8.56500	128406.56377
8.58000	128507.28564
8.59500	128650.84392
8.61000	128851.51826
8.62500	129126.99155
8.64000	129496.48983
8.65500	129977.75251
8.67000	130581.55417
8.68500	131309.30753
8.70000	132155.52433
8.71500	133112.39323
8.73000	134173.35741
8.74500	135334.90231
8.76000	136596.64187
8.77500	137960.51599
8.79000	139433.16585
8.80500	141023.21840
8.82000	142741.90305
8.83500	144603.14127
8.85000	146623.81649
8.86500	148824.51326
8.88000	151230.24252
8.89500	153871.78177
8.91000	156787.54495
8.92500	160026.53704
8.94000	163652.92268
8.95500	167752.14497
8.97000	172438.50020
8.98500	177859.74120
9.00000	184190.42945
9.01500	191598.98112
9.03000	200171.93851
9.04500	209787.94678
9.06000	219951.47850
9.07500	229611.09043
9.09000	236999.31985
9.10500	239643.40267
9.12000	235083.96934
9.13500	222811.19490
9.15000	205597.45874
9.16500	187621.05262
9.18000	171777.14497
9.19500	159168.21031
9.21000	149788.72393
9.22500	143127.51251
9.24000	138519.44251
9.25500	135339.77026
9.27000	133097.42780
9.28500	131452.49695
9.30000	130189.52399
9.31500	129180.49902
9.33000	128349.75035
9.34500	127651.00392
9.36000	127054.07401
9.37500	126537.88200
9.39000	126086.94208
9.40500	125689.43377
9.42000	125336.15560
9.43500	125020.23693
9.45000	124734.65176
9.46500	124475.25098
9.48000	124238.33398
9.49500	124020.76870
9.51000	123819.97434
9.52500	123633.90271
9.54000	123460.42624
9.55500	123298.14645
9.57000	123145.83834
9.58500	123002.41895
9.60000	122866.98364
9.61500	122738.84663
9.63000	122617.45301
9.64500	122501.20577
9.66000	122390.22550
9.67500	122284.34846
9.69000	122182.45587
9.70500	122084.60195
9.72000	121990.44042
9.73500	121899.78090
9.75000	121812.39118
9.76500	121728.07967
9.78000	121646.68728
9.79500	121567.93025
9.81000	121491.76078
9.82500	121418.06608
9.84000	121346.73510
9.85500	121277.61767
9.87000	121210.72236
9.88500	121145.91649
9.90000	121083.16142
9.91500	121022.42526
9.93000	120963.66186
9.94500	120906.86891
9.96000	120852.00721
9.97500	120799.08314
9.99000	120748.09269
10.00500	120699.02686
10.02000	120651.90200
10.03500	120606.72818
10.05000	120563.54971
10.06500	120522.36560
10.08000	120483.25508
10.09500	120446.27484
10.11000	120411.49138
10.12500	120378.98648
10.14000	120348.85372
10.15500	120321.20780
10.17000	120296.21100
10.18500	120273.85326
10.20000	120254.21044
10.21500	120237.58126
10.23000	120224.14980
10.24500	120214.22975
10.26000	120207.33805
10.27500	120204.16934
10.29000	120204.97466
10.30500	120210.03313
10.32000	120219.65647
10.33500	120234.19468
10.35000	120254.04701
10.36500	120279.73868
10.38000	120311.48980
10.39500	120349.93929
10.41000	120395.75069
10.42500	120449.61589
10.44000	120512.34038
10.45500	120584.79774
10.47000	120667.99927
10.48500	120763.07618
10.50000	120871.42421
10.51500	120994.61985
10.53000	121134.48947
10.54500	121293.17962
10.56000	121473.22353
10.57500	121677.63908
10.59000	121910.05681
10.60500	122174.84961
10.62000	122477.50059
10.63500	122824.90864
10.65000	123225.91961
10.66500	123691.35951
10.68000	124227.97671
10.69500	124902.82080
10.71000	125722.10796
10.72500	126730.76512
10.74000	127985.88644
10.75500	129554.44737
10.77000	131504.80956
10.78500	133891.03721
10.80000	136739.86233
10.81500	140052.06735
10.83000	143817.07033
10.84500	148026.87211
10.86000	152683.67719
10.87500	157803.07014
10.89000	163415.06911
10.90500	169564.70778
10.92000	176313.13084
10.93500	183740.13509
10.95000	191947.91178
10.96500	201067.81407
10.98000	211269.84642
10.99500	222773.77753
11.01000	235857.72158
11.02500	250851.24714
11.04000	268093.13937
11.05500	287827.23634
11.07000	310012.92710
11.08500	334037.34637
11.10000	358322.12900
11.11500	379821.53512
11.13000	393568.28049
11.14500	393179.29542
11.16000	374190.66371
11.17500	339165.10499
11.19000	297293.87566
11.20500	257495.35191
11.22000	224247.31233
11.23500	198442.04242
11.25000	179280.30506
11.26500	165409.66402
11.28000	155454.48474
11.29500	148249.60623
11.31000	142916.26211
11.32500	138846.17634
11.34000	135642.43583
11.35500	133052.90984
11.37000	130916.36919
11.38500	129126.05205
11.40000	127607.72744
11.41500	126307.34229
11.43000	125183.98013
11.44500	124206.13626
11.46000	123349.09424
11.47500	122593.09006
11.49000	121922.35715
11.50500	121324.02775
11.52000	120787.61822
11.53500	120304.50538
11.55000	119867.47993
11.56500	119470.56984
11.58000	119108.74373
11.59500	118777.76667
11.61000	118474.02129
11.62500	118194.42701
11.64000	117936.42378
11.65500	117697.58676
11.67000	117476.06687
11.68500	117270.17872
11.70000	117078.43286
11.71500	116899.57428
11.73000	116732.48758
11.74500	116576.24523
11.76000	116429.98400
11.77500	116292.95665
11.79000	116164.49115
11.80500	116044.08961
11.82000	115931.30770
11.83500	115825.74936
11.85000	115727.10056
11.86500	115635.14970
11.88000	115549.67567
11.89500	115470.59061
11.91000	115397.89135
11.92500	115331.57703
11.94000	115271.77293
11.95500	115218.63414
11.97000	115172.56118
11.98500	115134.02759
12.00000	115103.53790
12.01500	115082.02695
12.03000	115070.65757
12.04500	115070.96777
12.06000	115085.04282
12.07500	115115.84233
12.09000	115167.45212
12.10500	115245.26849
12.12000	115356.47936
12.13500	115510.11126
12.15000	115716.03203
12.16500	115982.99654
12.18000	116316.31840
12.19500	116717.49963
12.21000	117186.09277
12.22500	117722.00890
12.24000	118326.77619
12.25500	119004.05485
12.27000	119759.89968
12.28500	120602.83689
12.30000	121544.24733
12.31500	122598.85063
12.33000	123785.44399
12.34500	125127.77666
12.36000	126654.70429
12.37500	128398.94180
12.39000	130391.85153
12.40500	132651.60140
12.42000	135161.35895
12.43500	137831.33785
12.45000	140436.79145
12.46500	142530.60201
12.48000	143393.66906
12.49500	142257.56590
12.51000	138973.51982
12.52500	134418.74203
12.54000	129811.00108
12.55500	125878.63050
12.57000	122801.19329
12.58500	120490.28525
12.60000	118783.71368
12.61500	117524.06358
12.63000	116583.21046
12.64500	115865.74435
12.66000	115304.82534
12.67500	114855.44785
12.69000	114487.66323
12.70500	114181.27835
12.72000	113922.11756
12.73500	113700.16102
12.75000	113508.28188
12.76500	113340.93793
12.78000	113193.87246
12.79500	113063.77575
12.81000	112948.05183
12.82500	112844.65271
12.84000	112751.95838
12.85500	112668.68932
12.87000	112593.84252
12.88500	112526.64545
12.90000	112466.52401
12.91500	112413.08209
12.93000	112366.09164
12.94500	112325.49329
12.96000	112291.40866
12.97500	112264.16740
12.99000	112244.35351
13.00500	112232.87815
13.02000	112231.08711
13.03500	112240.90729
13.05000	112265.01112
13.06500	112306.89618
13.08000	112370.61905
13.09500	112459.90706
13.11000	112577.03038
13.12500	112722.58154
13.14000	112896.38467
13.15500	113098.48212
13.17000	113330.38515
13.18500	113594.12234
13.20000	113892.29958
13.21500	114228.90538
13.23000	114609.05364
13.24500	115039.10433
13.26000	115526.77102
13.27500	116081.09843
13.29000	116712.04136
13.30500	117429.05114
13.32000	118237.38285
13.33500	119129.39662
13.35000	120065.58872
13.36500	120938.34281
13.38000	121523.98179
13.39500	121491.54750
13.41000	120612.92077
13.42500	119074.04120
13.44000	117372.05260
13.45500	115883.37249
13.47000	114719.80170
13.48500	113847.80924
13.50000	113198.28920
13.51500	112709.28447
13.53000	112334.48764
13.54500	112041.31425
13.56000	111807.24259
13.57500	111616.69470
13.59000	111458.78323
13.60500	111325.78043
13.62000	111212.10406
13.63500	111113.65029
13.65000	111027.35202
13.66500	110950.88230
13.68000	110882.45141
13.69500	110820.66556
13.71000	110764.42684
13.72500	110712.86122
13.74000	110665.26613
13.75500	110621.07166
13.77000	110579.81168
13.78500	110541.10197
13.80000	110504.62349
13.81500	110470.10960
13.83000	110437.33602
13.84500	110406.11299
13.86000	110376.27911
13.87500	110347.69635
13.89000	110320.24616
13.90500	110293.82621
13.92000	110268.34784
13.93500	110243.73392
13.95000	110219.91710
13.96500	110196.83838
13.98000	110174.44591
13.99500	110152.69399
14.01000	110131.54224
14.02500	110110.95489
14.04000	110090.90003
14.05500	110071.34502
14.07000	110052.26230
14.08500	110033.62910
14.10000	110015.42500
14.11500	109997.63170
14.13000	109980.23272
14.14500	109963.21326
14.16000	109946.55997
14.17500	109930.26082
14.19000	109914.30494
14.20500	109898.68250
14.22000	109883.38462
14.23500	109868.40322
14.25000	109853.73096
14.26500	109839.36116
14.28000	109825.28770
14.29500	109811.50479
14.31000	109798.00706
14.32500	109784.78935
14.34000	109771.84661
14.35500	109759.17367
14.37000	109746.76499
14.38500	109734.61437
14.40000	109722.71435
14.41500	109711.05535
14.43000	109699.62419
14.44500	109688.40122
14.46000	109677.35438
14.47500	109666.42415
14.49000	109655.47393
14.50500	109643.96180
14.52000	109632.09525
14.53500	109623.39660
14.55000	109615.01675
14.56500	109606.96052
14.58000	109599.23321
14.59500	109591.84064
14.61000	109584.78916
14.62500	109578.08569
14.64000	109571.73767
14.65500	109565.75317
14.67000	109560.14087
14.68500	109554.91012
14.70000	109550.07096
14.71500	109545.63416
14.73000	109541.61127
14.74500	109538.01464
14.76000	109534.85752
14.77500	109532.15405
14.79000	109529.91939
14.80500	109528.16973
14.82000	109526.92239
14.83500	109526.19588
14.85000	109526.01003
14.86500	109526.38602
14.88000	109527.34652
14.89500	109528.91582
14.91000	109531.11990
14.92500	109533.98668
14.94000	109537.54597
14.95500	109541.82979
14.97000	109546.87266
14.98500	109552.71200
15.00000	109559.38696
15.01500	109566.94026
15.03000	109575.41788
15.04500	109584.86939
15.06000	109595.34826
15.07500	109606.91221
15.09000	109619.62364
15.10500	109633.55009
15.12000	109648.76471
15.13500	109665.34686
15.15000	109683.38271
15.16500	109702.96598
15.18000	109724.19874
15.19500	109747.19227
15.21000	109772.06813
15.22500	109798.95943
15.24000	109828.01171
15.25500	109859.38484
15.27000	109893.25459
15.28500	109929.81459
15.30000	109969.27849
15.31500	110011.88260
15.33000	110057.88876
15.34500	110107.58782
15.36000	110161.30353
15.37500	110219.39722
15.39000	110282.27315
15.40500	110350.38486
15.42000	110424.24260
15.43500	110504.42219
15.45000	110591.57554
15.46500	110686.44320
15.48000	110789.86954
15.49500	110902.82132
15.51000	111026.41056
15.52500	111161.92326
15.54000	111310.85422
15.55500	111474.95536
15.57000	111656.29643
15.58500	111857.34639
15.60000	112081.08193
15.61500	112331.13225
15.63000	112611.97097
15.64500	112929.16684
15.66000	113289.70560
15.67500	113702.39508
15.69000	114178.40850
15.70500	114731.69456
15.72000	115379.71954
15.73500	116143.99187
15.75000	117050.47782
15.76500	118129.76238
15.78000	119416.96747
15.79500	120951.55339
15.81000	122776.95586
15.82500	124939.57314
15.84000	127486.68155
15.85500	130463.86229
15.87000	133913.26633
15.88500	137873.30173
15.90000	142378.36264
15.91500	147456.25422
15.93000	153121.40813
15.94500	159362.69211
15.96000	166125.12392
15.97500	173286.00340
15.99000	180629.88829
16.00500	187834.97643
16.02000	194489.47831
16.03500	200138.15485
16.05000	204310.21059
16.06500	206482.99465
16.08000	206069.01304
16.09500	202605.64524
16.11000	196131.08906
16.12500	187392.80030
16.14000	177584.86880
16.15500	167828.89395
16.17000	158845.98507
16.18500	150945.58930
16.20000	144171.72930
16.21500	138451.10446
16.23000	133679.76406
16.24500	129749.24067
16.26000	126545.78561
16.27500	123951.65773
16.29000	121853.33758
16.30500	120149.86268
16.32000	118757.02889
16.33500	117607.61598
16.35000	116649.36451
16.36500	115842.19552
16.38000	115155.51694
16.39500	114566.02537
16.41000	114055.72446
16.42500	113610.72492
16.44000	113220.22495
16.45500	112875.72954
16.47000	112570.47090
16.48500	112298.98725
16.50000	112056.80524
16.51500	111840.24607
16.53000	111646.24785
16.54500	111472.24068
16.56000	111316.05470
16.57500	111175.84942
16.59000	111050.05890
16.60500	110937.34810
16.62000	110836.57800
16.63500	110746.77732
16.65000	110667.11950
16.66500	110596.90398
16.68000	110535.54079
16.69500	110482.53797
16.71000	110437.49253
16.72500	110400.07829
16.74000	110370.04253
16.75500	110347.19905
16.77000	110331.42239
16.78500	110322.64139
16.80000	110320.82959
16.81500	110325.98550
16.83000	110338.08002
16.84500	110356.85710
16.86000	110379.68126
16.87500	110414.21227
16.89000	110462.65451
16.90500	110520.79189
16.92000	110589.38647
16.93500	110669.35111
16.95000	110761.77860
16.96500	110867.98058
16.98000	110989.53999
16.99500	111128.38174
17.01000	111286.86855
17.02500	111467.92730
17.04000	111675.21696
17.05500	111913.34297
17.07000	112188.12661
17.08500	112506.93343
17.10000	112879.06306
17.11500	113316.19409
17.13000	113832.88033
17.14500	114447.07251
17.16000	115180.62397
17.17500	116059.69686
17.19000	117114.91946
17.20500	118381.07202
17.22000	119896.06037
17.23500	121699.07969
17.25000	123828.19778
17.26500	126317.84561
17.28000	129196.49641
17.29500	132484.17617
17.31000	136188.97983
17.32500	140301.86766
17.34000	144789.44131
17.35500	149584.69966
17.37000	154575.79432
17.38500	159592.77722
17.40000	164393.03233
17.41500	168649.08274
17.43000	171949.82653
17.44500	173837.19831
17.46000	173903.31690
17.47500	171942.96135
17.49000	168086.56437
17.50500	162801.04806
17.52000	156730.95118
17.53500	150489.98997
17.55000	144531.06285
17.56500	139123.55543
17.58000	134391.13543
17.59500	130361.20253
17.61000	127004.15099
17.62500	124259.59822
17.64000	122052.99298
17.65500	120306.14218
17.67000	118943.93872
17.68500	117898.50651
17.70000	117111.37018
17.71500	116534.04027
17.73000	116127.38891
17.74500	115860.20928
17.76000	115707.33012
17.77500	115647.58517
17.79000	115661.83463
17.80500	115731.13908
17.82000	115835.14639
17.83500	115950.84361
17.85000	116052.14461
17.86500	116111.28954
17.88000	116103.29027
17.89500	116013.57687
17.91000	115845.89917
17.92500	115624.89548
17.94000	115390.15624
17.95500	115185.38615
17.97000	115049.58327
17.98500	115013.71329
18.00000	115101.59400
18.01500	115332.21246
18.03000	115721.64323
18.04500	116283.95945
18.06000	117031.20117
18.07500	117972.70574
18.09000	119114.10303
18.10500	120456.11649
18.12000	121993.10555
18.13500	123711.18405
18.15000	125585.78441
18.16500	127578.61456
18.18000	129634.00267
18.19500	131674.69662
18.21000	133598.07461
18.22500	135276.61087
18.24000	136557.89876
18.25500	137286.27028
18.27000	137336.60596
18.28500	136659.86713
18.30000	135315.92929
18.31500	133466.65406
18.33000	131327.01222
18.34500	129104.08299
18.36000	126956.66206
18.37500	124984.55411
18.39000	123237.11411
18.40500	121728.19891
18.42000	120450.70264
18.43500	119388.86273
18.45000	118527.62511
18.46500	117857.95098
18.48000	117377.59495
18.49500	117088.97092
18.51000	116996.81328
18.52500	117107.17346
18.54000	117427.53357
18.55500	117967.15798
18.57000	118736.91876
18.58500	119748.51997
18.60000	121013.09400
18.61500	122539.05996
18.63000	124329.45588
18.64500	126378.89303
18.66000	128670.31808
18.67500	131171.68633
18.69000	133832.63334
18.70500	136581.52423
18.72000	139323.92235
18.73500	141944.24625
18.75000	144312.18599
18.76500	146293.12246
18.78000	147758.09968
18.79500	148588.70922
18.81000	148679.68078
18.82500	147952.43665
18.84000	146384.09469
18.85500	144041.03810
18.87000	141087.55357
18.88500	137754.09504
18.90000	134281.28648
18.91500	130871.69269
18.93000	127667.92710
18.94500	124754.15734
18.96000	122168.76440
18.97500	119918.45177
18.99000	117989.60695
19.00500	116356.98599
19.02000	114988.59020
19.03500	113849.64001
19.05000	112905.77585
19.06500	112124.75226
19.08000	111477.64878
19.09500	110939.51011
19.11000	110489.52734
19.12500	110110.87774
19.14000	109790.33977
19.15500	109517.78743
19.17000	109285.64574
19.18500	109088.36284
19.20000	108921.93301
19.21500	108783.46610
19.23000	108670.81230
19.24500	108582.26628
19.26000	108516.28945
19.27500	108471.28720
19.29000	108445.42405
19.30500	108436.46509
19.32000	108441.62892
19.33500	108457.43993
19.35000	108479.57602
19.36500	108502.72577
19.38000	108520.50729
19.39500	108525.56557
19.41000	108510.04037
19.42500	108466.60435
19.44000	108390.07096
19.45500	108279.10556
19.47000	108137.13141
19.48500	107971.69217
19.50000	107792.45790
19.51500	107608.92849
19.53000	107428.85691
19.54500	107257.69768
19.56000	107098.78333
19.57500	106953.79558
19.59000	106823.24736
19.60500	106706.86791
19.62000	106603.88348
19.63500	106513.21913
19.65000	106433.64668
19.66500	106363.89737
19.68000	106302.74517
19.69500	106249.06651
19.71000	106201.87917
19.72500	106160.36347
19.74000	106123.86967
19.75500	106091.91602
19.77000	106064.18157
19.78500	106040.49787
19.80000	106020.84233
19.81500	106005.33570
19.83000	105994.24440
19.84500	105987.98878
19.86000	105987.15628
19.87500	105992.51861
19.89000	106005.05095
19.90500	106025.95031
19.92000	106056.64918
19.93500	106098.81933
19.95000	106154.35899
19.96500	106225.35540
19.98000	106314.01340
19.99500	106422.54079
20.01000	106552.98465
20.02500	106707.01843
20.04000	106885.69264
20.05500	107089.16845
20.07000	107316.45768
20.08500	107565.18205
20.10000	107831.34891
20.11500	108109.12976
20.13000	108390.63218
20.14500	108665.68360
20.16000	108921.70737
20.17500	109143.87538
20.19000	109315.84970
20.20500	109421.48232
20.22000	109447.63226
20.23500	109387.61926
20.25000	109243.97727
20.26500	109028.89047
20.28000	108761.68700
20.29500	108464.49165
20.31000	108158.06649
20.32500	107859.27631
20.34000	107580.37115
20.35500	107329.44784
20.37000	107111.37159
20.38500	106928.70359
20.40000	106782.45960
20.41500	106672.68394
20.43000	106598.87748
20.44500	106560.32069
20.46000	106556.31763
20.47500	106586.37266
20.49000	106650.30326
20.50500	106748.28952
20.52000	106880.86310
20.53500	107048.84358
20.55000	107253.23671
20.56500	107495.11356
20.58000	107775.48854
20.59500	108095.20607
20.61000	108454.83398
20.62500	108854.55399
20.64000	109294.04413
20.65500	109772.37037
20.67000	110287.95139
20.68500	110838.72628
20.70000	111422.71008
20.71500	112039.08747
20.73000	112689.76849
20.74500	113380.90409
20.76000	114123.48343
20.77500	114932.25003
20.79000	115822.91919
20.80500	116808.57059
20.82000	117896.53838
20.83500	119086.40621
20.85000	120369.58832
20.86500	121730.18479
20.88000	123146.42737
20.89500	124591.61439
20.91000	126033.47557
20.92500	127431.72054
20.94000	128734.77782
20.95500	129877.62985
20.97000	130782.82256
20.98500	131366.39164
21.00000	131549.58345
21.01500	131275.26053
21.03000	130524.60984
21.04500	129327.07541
21.06000	127757.59472
21.07500	125921.21242
21.09000	123931.83206
21.10500	121893.75997
21.12000	119891.06385
21.13500	117984.72713
21.15000	116214.76689
21.16500	114604.33738
21.18000	113163.93332
21.19500	111894.91031
21.21000	110792.19895
21.22500	109846.35198
21.24000	109045.10445
21.25500	108374.58031
21.27000	107820.22511
21.28500	107367.50679
21.30000	107002.40307
21.31500	106711.70736
21.33000	106483.17462
21.34500	106305.53170
21.36000	106168.38788
21.37500	106062.07642
21.39000	105977.46492
21.40500	105905.78652
21.42000	105838.56396
21.43500	105767.71817
21.45000	105685.94737
21.46500	105587.39429
21.48000	105468.46701
21.49500	105328.49987
21.51000	105169.88441
21.52500	104997.49345
21.54000	104817.58119
21.55500	104636.59456
21.57000	104460.28977
21.58500	104293.30329
21.60000	104139.10029
21.61500	104000.13373
21.63000	103878.07072
21.64500	103774.00434
21.66000	103688.62050
21.67500	103622.31695
21.69000	103575.28188
21.70500	103547.53999
21.72000	103538.97216
21.73500	103549.31253
21.75000	103578.12874
21.76500	103624.77801
21.78000	103688.33938
21.79500	103767.55523
21.81000	103860.74394
21.82500	103965.72007
21.84000	104079.73744
21.85500	104199.48047
21.87000	104321.14479
21.88500	104440.62219
21.90000	104553.76467
21.91500	104656.68679
21.93000	104745.99539
21.94500	104818.87735
21.96000	104873.07900
21.97500	104906.91105
21.99000	104919.39328
22.00500	104910.49404
22.02000	104881.26154
22.03500	104833.66076
22.05000	104770.13015
22.06500	104693.10742
22.08000	104604.82462
22.09500	104507.50626
22.11000	104403.84239
22.12500	104297.42229
22.14000	104192.82178
22.15500	104095.23615
22.17000	104009.80508
22.18500	103940.90817
22.20000	103891.65538
22.21500	103863.64445
22.23000	103856.93305
22.24500	103870.13328
22.26000	103900.53720
22.27500	103944.25445
22.29000	103996.38858
22.30500	104051.27548
22.32000	104102.87243
22.33500	104145.34344
22.35000	104173.81182
22.36500	104185.12208
22.38000	104178.34147
22.39500	104154.74951
22.41000	104117.25286
22.42500	104069.44555
22.44000	104014.67407
22.45500	103955.42797
22.47000	103893.19678
22.48500	103828.76061
22.50000	103762.77217
22.51500	103696.42820
22.53000	103632.00615
22.54500	103573.08589
22.56000	103524.40564
22.57500	103491.46437
22.59000	103480.07727
22.60500	103496.06344
22.62000	103545.16441
22.63500	103633.02454
22.65000	103765.42287
22.66500	103948.43027
22.68000	104188.55905
22.69500	104492.85256
22.71000	104868.89889
22.72500	105324.75964
22.74000	105868.81088
22.75500	106509.45321
22.77000	107254.76925
22.78500	108112.03180
22.80000	109087.10612
22.81500	110183.73353
22.83000	111402.70279
22.84500	112740.93663
22.86000	114190.55574
22.87500	115738.02440
22.89000	117363.50727
22.90500	119040.54169
22.92000	120736.02848
22.93500	122410.40079
22.95000	124017.75644
22.96500	125505.88751
22.98000	126816.56064
22.99500	127886.91104
23.01000	128653.05920
23.02500	129056.68566
23.04000	129054.16281
23.05500	128626.20704
23.07000	127784.71176
23.08500	126573.58465
23.10000	125062.53609
23.11500	123335.80276
23.13000	121479.74379
23.14500	119572.94886
23.16000	117680.57785
23.17500	115852.66243
23.19000	114125.04805
23.20500	112521.57826
23.22000	111056.54623
23.23500	109737.08004
23.25000	108564.54033
23.26500	107536.35489
23.28000	106647.19938
23.29500	105889.93950
23.31000	105256.45879
23.32500	104738.35618
23.34000	104327.52365
23.35500	104016.60583
23.37000	103799.33966
23.38500	103670.77363
23.40000	103627.36852
23.41500	103666.98476
23.43000	103788.76412
23.44500	103992.91440
23.46000	104280.40652
23.47500	104652.59214
23.49000	105110.74883
23.50500	105655.55819
23.52000	106286.52257
23.53500	107001.32880
23.55000	107795.17351
23.56500	108660.07471
23.58000	109584.20381
23.59500	110551.28175
23.61000	111540.09327
23.62500	112524.19487
23.64000	113471.94134
23.65500	114347.03662
23.67000	115109.90516
23.68500	115720.20910
23.70000	116140.69232
23.71500	116342.11346
23.73000	116308.37552
23.74500	116040.36938
23.76000	115557.01171
23.77500	114892.77214
23.79000	114092.33654
23.80500	113204.14174
23.82000	112274.65721
23.83500	111344.57358
23.85000	110447.10386
23.86500	109607.92392
23.88000	108846.08329
23.89500	108175.31107
23.91000	107605.33022
23.92500	107142.99778
23.94000	106793.10876
23.95500	106558.83587
23.97000	106441.83026
23.98500	106442.06810
24.00000	106557.56317
24.01500	106784.04485
24.03000	107114.64049
24.04500	107539.57316
24.06000	108046.44177
24.07500	108619.15226
24.09000	109237.58125
24.10500	109877.99887
24.12000	110512.73511
24.13500	111110.42576
24.15000	111636.54803
24.16500	112056.31426
24.18000	112338.83171
24.19500	112453.29470
24.21000	112380.23446
24.22500	112112.71027
24.24000	111658.07987
24.25500	111037.25788
24.27000	110281.50092
24.28500	109427.68256
24.30000	108513.45724
24.31500	107573.45380
24.33000	106637.22415
24.34500	105728.19127
24.36000	104863.85675
24.37500	104056.64584
24.39000	103314.69086
24.40500	102642.63854
24.42000	102042.33793
24.43500	101513.39838
24.45000	101053.64155
24.46500	100659.47630
24.48000	100326.22143
24.49500	100048.39560
24.51000	99819.99091
24.52500	99634.74414
24.54000	99486.42246
24.55500	99369.13781
24.57000	99277.69463
24.58500	99207.95310
24.60000	99157.16096
24.61500	99124.18420
24.63000	99109.57225
24.64500	99115.43570
24.66000	99145.17573
24.67500	99203.15052
24.69000	99294.36751
24.70500	99424.25519
24.72000	99598.51975
24.73500	99823.05614
24.75000	100103.87071
24.76500	100446.98075
24.78000	100858.27349
24.79500	101343.32495
24.81000	101907.18958
24.82500	102554.17533
24.84000	103287.61541
24.85500	104109.63756
24.87000	105020.91435
24.88500	106020.35539
24.90000	107104.68605
24.91500	108267.86203
24.93000	109500.30379
24.94500	110788.00101
24.96000	112111.59748
24.97500	113445.60857
24.99000	114757.94796
25.00500	116009.95573
25.02000	117157.15755
25.03500	118151.02026
25.05000	118941.95357
25.06500	119483.63997
25.08000	119738.39659
25.09500	119682.71511
25.11000	119311.63385
25.12500	118640.52847
25.14000	117703.50471
25.15500	116548.68765
25.17000	115231.74816
25.18500	113809.42346
25.20000	112334.43119
25.21500	110852.38704
25.23000	109400.59770
25.24500	108008.19360
25.26000	106697.00057
25.27500	105482.68076
25.29000	104375.86023
25.30500	103383.11277
25.32000	102507.76966
25.33500	101750.56937
25.35000	101110.17874
25.36500	100583.61293
25.38000	100166.57527
25.39500	99853.72691
25.41000	99638.89154
25.42500	99515.19496
25.44000	99475.13864
25.45500	99510.60766
25.47000	99612.81695
25.48500	99772.20536
25.50000	99978.29526
25.51500	100219.54403
25.53000	100483.22510
25.54500	100755.38879
25.56000	101020.96839
25.57500	101264.10889
25.59000	101468.79777
25.60500	101619.84578
25.62000	101704.18865
25.63500	101712.35244
25.65000	101639.78623
25.66500	101487.69134
25.68000	101263.04764
25.69500	100977.76273
25.71000	100647.15672
25.72500	100288.19394
25.74000	99917.88753
25.75500	99552.15566
25.77000	99205.20620
25.78500	98889.37007
25.80000	98615.23299
25.81500	98391.91868
25.83000	98227.41387
25.84500	98128.87117
25.86000	98102.85918
25.87500	98155.55124
25.89000	98292.85309
25.90500	98520.47384
25.92000	98843.94339
25.93500	99268.57802
25.95000	99799.39715
25.96500	100440.98306
25.98000	101197.26888
25.99500	102071.30026
26.01000	103064.90860
26.02500	104178.32434
26.04000	105409.72363
26.05500	106754.71264
26.07000	108205.76267
26.08500	109751.62208
26.10000	111376.75068
26.11500	113060.84761
26.13000	114778.57275
26.14500	116499.58956
26.16000	118189.06883
26.17500	119808.72420
26.19000	121318.65919
26.20500	122679.70871
26.22000	123856.23344
26.23500	124819.09257
26.25000	125548.29533
26.26500	126034.82039
26.28000	126281.11347
26.29500	126299.97903
26.31000	126111.95830
26.32500	125741.74320
26.34000	125214.35095
26.35500	124551.96336
26.37000	123771.94254
26.38500	122886.27661
26.40000	121902.40923
26.41500	120825.16636
26.43000	119659.29254
26.44500	118411.95107
26.46000	117094.50578
26.47500	115723.07133
26.49000	114317.68993
26.50500	112900.43015
26.52000	111493.00766
26.53500	110114.57155
26.55000	108780.14893
26.56500	107499.89650
26.58000	106279.13299
26.59500	105118.97967
26.61000	104017.40181
26.62500	102970.45587
26.64000	101973.56004
26.65500	101022.61150
26.67000	100114.78820
26.68500	99248.92549
26.70000	98425.45215
26.71500	97645.97703
26.73000	96912.68545
26.74500	96227.68472
26.76000	95592.02026
26.77500	95010.34208
26.79000	94480.85935
26.80500	94003.31033
26.82000	93576.81363
26.83500	93199.98957
26.85000	92871.07387
26.86500	92588.01094
26.88000	92348.52377
26.89500	92150.16120
26.91000	91990.32746
26.92500	91866.29173
26.94000	91775.17719
26.95500	91713.92650
26.97000	91679.24357
26.98500	91667.52122
27.00000	91674.75619
27.01500	91696.48385
27.03000	91727.75468
27.04500	91763.17054
27.06000	91797.00996
27.07500	91823.45822
27.09000	91836.94596
27.10500	91832.57370
27.12000	91806.56813
27.13500	91756.68436
27.15000	91682.45829
27.16500	91585.23646
27.18000	91467.96877
27.19500	91334.81716
27.21000	91190.67979
27.22500	91040.73373
27.24000	90890.06348
27.25500	90743.39451
27.27000	90604.91275
27.28500	90478.13843
27.30000	90365.82883
27.31500	90269.89879
27.33000	90191.35886
27.34500	90130.27825
27.36000	90085.77727
27.37500	90056.05618
27.39000	90038.47817
27.40500	90029.65961
27.42000	90025.68701
27.43500	90022.34299
27.45000	90015.39085
27.46500	90000.87572
27.48000	89975.40036
27.49500	89936.32523
27.51000	89881.85062
27.52500	89810.96276
27.54000	89723.25611
27.55500	89618.70986
27.57000	89497.68493
27.58500	89360.28082
27.60000	89206.76409
27.61500	89037.55905
27.63000	88853.43996
27.64500	88655.72822
27.66000	88446.41513
27.67500	88228.15627
27.69000	88004.12973
27.70500	87777.79221
27.72000	87552.59377
27.73500	87331.71330
27.75000	87117.85731
27.76500	86913.13758
27.78000	86719.02152
27.79500	86536.33745
27.81000	86365.31541
27.82500	86205.64909
27.84000	86056.57103
27.85500	85916.93924
27.87000	85785.33704
27.88500	85660.18811
27.90000	85539.89499
27.91500	85422.94768
27.93000	85308.07355
27.94500	85194.33365
27.96000	85081.17129
27.97500	84968.40381
27.99000	84856.15755
28.00500	84744.76294
28.02000	84634.63496
28.03500	84526.16213
28.05000	84419.62495
28.06500	84315.15639
28.08000	84212.73063
28.09500	84112.18580
28.11000	84013.27030
28.12500	83915.70408
28.14000	83819.24519
28.15500	83723.75084
28.17000	83629.22224
28.18500	83535.82451
28.20000	83443.87626
28.21500	83353.82035
28.23000	83266.18712
28.24500	83181.42469
28.26000	83099.85661
28.27500	83023.22242
28.29000	82951.10795
28.30500	82883.86222
28.32000	82821.75417
28.33500	82764.97805
28.35000	82713.65785
28.36500	82667.85135
28.38000	82627.55211
28.39500	82592.68898
28.41000	82563.12373
28.42500	82538.64640
28.44000	82518.97105
28.45500	82503.73194
28.47000	82492.48190
28.48500	82484.69451
28.50000	82479.76858
28.51500	82477.03657
28.53000	82475.91396
28.54500	82475.64991
28.56000	82475.58625
28.57500	82475.12491
28.59000	82473.75475
28.60500	82471.06566
28.62000	82466.74360
28.63500	82460.54291
28.65000	82452.23825
28.66500	82441.56434
28.68000	82428.15662
28.69500	82411.50729
28.71000	82390.94913
28.72500	82365.67547
28.74000	82334.79844
28.75500	82297.44158
28.77000	82252.85542
28.78500	82200.53839
28.80000	82140.34027
28.81500	82072.52640
28.83000	81997.78734
28.84500	81917.19156
28.86000	81832.09257
28.87500	81744.01230
28.89000	81654.52487
28.90500	81565.16021
28.92000	81477.33800
28.93500	81392.33289
28.95000	81311.26542
28.96500	81235.11508
28.98000	81164.74159
28.99500	81100.91110
29.01000	81044.32350
29.02500	80995.63782
29.04000	80955.49480
29.05500	80924.53598
29.07000	80903.41596
29.08500	80892.81794
29.10000	80893.46510
29.11500	80906.12185
29.13000	80931.59159
29.14500	80970.69021
29.16000	81024.26401
29.17500	81093.65210
29.19000	81179.49150
29.20500	81282.70522
29.22000	81404.18131
29.23500	81544.74143
29.25000	81705.09998
29.26500	81885.79212
29.28000	82086.88477
29.29500	82309.82128
29.31000	82554.16002
29.32500	82819.25446
29.34000	83104.36298
29.35500	83408.29615
29.37000	83729.34526
29.38500	84065.20851
29.40000	84412.92011
29.41500	84768.79165
29.43000	85128.37927
29.44500	85486.49515
29.46000	85837.28509
29.47500	86174.39536
29.49000	86491.24765
29.50500	86781.43104
29.52000	87039.20046
29.53500	87260.04421
29.55000	87441.25268
29.56500	87582.39502
29.58000	87685.60515
29.59500	87755.60074
29.61000	87799.40968
29.62500	87825.84316
29.64000	87844.80812
29.65500	87866.57591
29.67000	87901.11325
29.68500	87957.54432
29.70000	88043.76891
29.71500	88166.22610
29.73000	88329.77173
29.74500	88537.63282
29.76000	88791.40597
29.77500	89091.08347
29.79000	89435.04781
29.80500	89820.09832
29.82000	90241.43821
29.83500	90692.63870
29.85000	91165.58220
29.86500	91650.39478
29.88000	92135.39667
29.89500	92607.11643
29.91000	93050.43312
29.92500	93448.91473
29.94000	93785.41179
29.95500	94042.93141
29.97000	94205.76024
29.98500	94260.73506
30.00000	94198.48605
30.01500	94014.43838
30.03000	93709.36369
30.04500	93289.34921
30.06000	92765.17360
30.07500	92151.21164
30.09000	91464.08321
30.10500	90721.28868
30.12000	89940.02918
30.13500	89136.32795
30.15000	88324.48270
30.16500	87516.81045
30.18000	86723.61382
30.19500	85953.29067
30.21000	85212.52008
30.22500	84506.47637
30.24000	83839.04162
30.25500	83213.00051
30.27000	82630.21240
30.28500	82091.76123
30.30000	81598.08559
30.31500	81149.09280
30.33000	80744.25989
30.34500	80382.72356
30.36000	80063.36067
30.37500	79784.85925
30.39000	79545.78006
30.40500	79344.60644
30.42000	79179.77944
30.43500	79049.83657
30.45000	78953.20904
30.46500	78888.41526
30.48000	78854.01114
30.49500	78848.58270
30.51000	78870.72979
30.52500	78919.04165
30.54000	78992.06470
30.55500	79088.26302
30.57000	79205.97156
30.58500	79343.34237
30.60000	79498.28407
30.61500	79668.39551
30.63000	79850.89569
30.64500	80042.55419
30.66000	80239.62900
30.67500	80437.82215
30.69000	80632.26752
30.70500	80817.56778
30.72000	80987.89861
30.73500	81137.19520
30.75000	81259.42769
30.76500	81348.95770
30.78000	81400.94826
30.79500	81411.77869
30.81000	81379.40054
30.82500	81303.56915
30.84000	81185.90065
30.85500	81029.73751
30.87000	80839.84447
30.88500	80621.99086
30.90000	80382.49198
30.91500	80127.77815
30.93000	79864.04092
30.94500	79596.97958
30.96000	79331.64788
30.97500	79072.38464
30.99000	78822.80561
31.00500	78585.83374
31.02000	78363.74921
31.03500	78158.24627
31.05000	77970.48931
31.06500	77801.16408
31.08000	77650.52389
31.09500	77518.43119
31.11000	77404.39652
31.12500	77307.61707
31.14000	77227.01686
31.15500	77161.29003
31.17000	77108.94744
31.18500	77068.36498
31.20000	77037.82940
31.21500	77015.57600
31.23000	76999.81179
31.24500	76988.71971
31.26000	76980.43937
31.27500	76973.05255
31.29000	76964.53853
31.30500	76952.75826
31.32000	76935.46299
31.33500	76910.34043
31.35000	76875.10363
31.36500	76827.61837
31.38000	76766.05514
31.39500	76689.04336
31.41000	76595.80157
31.42500	76486.21879
31.44000	76360.87020
31.45500	76220.96404
31.47000	76068.22980
31.48500	75904.76930
31.50000	75732.89547
31.51500	75554.98174
31.53000	75373.33716
31.54500	75190.11453
31.56000	75007.25118
31.57500	74826.43809
31.59000	74649.11081
31.60500	74476.45577
31.62000	74309.42625
31.63500	74148.76388
31.65000	73995.02256
31.66500	73848.59265
31.68000	73709.72407
31.69500	73578.54953
31.71000	73455.10536
31.72500	73339.35056
31.74000	73231.18435
31.75500	73130.46179
31.77000	73037.00723
31.78500	72950.62536
31.80000	72871.11000
31.81500	72798.25004
31.83000	72731.83315
31.84500	72671.64710
31.86000	72617.47081
31.87500	72569.08969
31.89000	72526.47492
31.90500	72489.31987
31.92000	72457.43859
31.93500	72430.64622
31.95000	72408.75624
31.96500	72391.57697
31.98000	72378.90695
31.99500	72370.52958
32.01000	72366.20661
32.02500	72365.67076
32.04000	72368.61796
32.05500	72374.69921
32.07000	72383.51277
32.08500	72394.59782
32.10000	72407.43064
32.11500	72421.42487
32.13000	72435.93766
32.14500	72450.28287
32.16000	72463.75229
32.17500	72475.64464
32.19000	72485.30057
32.20500	72492.14022
32.22000	72495.69863
32.23500	72495.65403
32.25000	72491.84454
32.26500	72484.27133
32.28000	72473.08886
32.29500	72458.58560
32.31000	72441.16011
32.32500	72421.29708
32.34000	72399.54654
32.35500	72376.50691
32.37000	72352.81151
32.38500	72329.11630
32.40000	72306.08770
32.41500	72284.38925
32.43000	72264.66828
32.44500	72247.54260
32.46000	72233.58777
32.47500	72223.32535
32.49000	72217.21131
32.50500	72215.62448
32.52000	72218.85469
32.53500	72227.09154
32.55000	72240.41495
32.56500	72258.78957
32.58000	72282.06505
32.59500	72309.98346
32.61000	72342.19449
32.62500	72378.27813
32.64000	72417.77230
32.65500	72460.20059
32.67000	72505.09627
32.68500	72552.01704
32.70000	72600.54670
32.71500	72650.28225
32.73000	72700.80583
32.74500	72751.64942
32.76000	72802.25618
32.77500	72851.94546
32.79000	72899.88044
32.80500	72945.11210
32.82000	72986.61518
32.83500	73023.13672
32.85000	73053.44926
32.86500	73076.35880
32.88000	73090.78297
32.89500	73095.83135
32.91000	73090.88047
32.92500	73075.63720
32.94000	73050.18397
32.95500	73015.00055
32.97000	72970.95849
32.98500	72919.28860
33.00000	72861.51604
33.01500	72799.36995
33.03000	72734.65291
33.04500	72669.44169
33.06000	72605.43752
33.07500	72544.32405
33.09000	72487.59528
33.10500	72436.52166
33.12000	72392.13301
33.13500	72355.21110
33.15000	72326.29804
33.16500	72305.70793
33.18000	72293.53522
33.19500	72289.66479
33.21000	72293.77996
33.22500	72305.36873
33.24000	72323.72957
33.25500	72347.97955
33.27000	72377.06782
33.28500	72409.79684
33.30000	72444.84371
33.31500	72480.62826
33.33000	72516.54248
33.34500	72551.46858
33.36000	72584.08763
33.37500	72613.71638
33.39000	72640.00454
33.40500	72662.96041
33.42000	72682.94761
33.43500	72700.60703
33.45000	72716.79573
33.46500	72732.47927
33.48000	72748.62445
33.49500	72766.09895
33.51000	72785.58714
33.52500	72807.52793
33.54000	72832.07705
33.55500	72859.09369
33.57000	72888.15024
33.58500	72918.56612
33.60000	72949.44900
33.61500	72979.76299
33.63000	73008.40014
33.64500	73034.25491
33.66000	73056.29388
33.67500	73073.61380
33.69000	73085.48337
33.70500	73091.36743
33.72000	73090.93625
33.73500	73084.06545
33.75000	73070.83298
33.76500	73051.51790
33.78000	73026.60245
33.79500	72996.77500
33.81000	72962.92924
33.82500	72926.15419
33.84000	72887.71210
33.85500	72849.00405
33.87000	72811.52640
33.88500	72776.82281
33.90000	72746.43663
33.91500	72721.86666
33.93000	72704.52764
33.94500	72695.71356
33.96000	72696.56519
33.97500	72708.03834
33.99000	72730.87451
34.00500	72765.57567
34.02000	72812.38392
34.03500	72871.26901
34.05000	72941.92493
34.06500	73023.77591
34.08000	73115.99056
34.09500	73217.50169
34.11000	73327.02813
34.12500	73443.09384
34.14000	73564.03976
34.15500	73688.01485
34.17000	73813.04315
34.18500	73936.91667
34.20000	74057.18885
34.21500	74171.22562
34.23000	74276.19887
34.24500	74369.13457
34.26000	74447.00163
34.27500	74506.84128
34.29000	74545.92506
34.30500	74561.94432
34.32000	74553.19317
34.33500	74518.72812
34.35000	74458.47918
34.36500	74373.29418
34.38000	74264.90847
34.39500	74135.84484
34.41000	73989.25928
34.42500	73828.75519
34.44000	73658.19028
34.45500	73481.49751
34.47000	73302.53396
34.48500	73124.96691
34.50000	72952.19508
34.51500	72787.29939
34.53000	72633.02054
34.54500	72491.75298
34.56000	72365.54986
34.57500	72256.13370
34.59000	72164.90898
34.60500	72092.97536
34.62000	72041.13933
34.63500	72009.92342
34.65000	71999.57351
34.66500	72010.06333
34.68000	72041.09602
34.69500	72092.10281
34.71000	72162.23909
34.72500	72250.37812
34.74000	72355.10335
34.75500	72474.70110
34.77000	72607.15587
34.78500	72750.15219
34.80000	72901.08728
34.81500	73057.09930
34.83000	73215.11673
34.84500	73371.93228
34.86000	73524.30393
34.87500	73669.07887
34.89000	73803.33297
34.90500	73924.51941
34.92000	74030.60514
34.93500	74120.17859
34.95000	74192.54920
34.96500	74247.74968
34.98000	74286.49165
34.99500	74310.13316
35.01000	74320.55832
35.02500	74320.04584
35.04000	74311.12554
35.05500	74296.43300
35.07000	74278.57131
35.08500	74259.98578
35.10000	74242.85612
35.11500	74228.99955
35.13000	74219.86723
35.14500	74216.42671
35.16000	74219.14823
35.17500	74228.05549
35.19000	74242.73297
35.20500	74262.37351
35.22000	74285.84362
35.23500	74311.76289
35.25000	74338.59166
35.26500	74364.72043
35.28000	74388.55230
35.29500	74408.56888
35.31000	74423.38294
35.32500	74431.82442
35.34000	74432.79523
35.35500	74425.38662
35.37000	74408.82354
35.38500	74382.44945
35.40000	74345.72240
35.41500	74298.22689
35.43000	74239.70110
35.44500	74170.07354
35.46000	74089.49949
35.47500	73998.38717
35.49000	73897.40472
35.50500	73787.46413
35.52000	73669.68316
35.53500	73545.33047
35.55000	73415.76191
35.56500	73282.35318
35.58000	73146.44313
35.59500	73009.28076
35.61000	72871.98239
35.62500	72735.49888
35.64000	72600.58999
35.65500	72467.80755
35.67000	72337.48892
35.68500	72209.76276
35.70000	72084.56935
35.71500	71961.69653
35.73000	71840.83048
35.74500	71721.61749
35.76000	71603.73042
35.77500	71486.93159
35.79000	71371.18135
35.80500	71256.60591
35.82000	71143.50767
35.83500	71032.41723
35.85000	70924.03895
35.86500	70819.20333
35.88000	70718.80827
35.89500	70623.75534
35.91000	70534.88785
35.92500	70452.93568
35.94000	70378.46935
35.95500	70311.86444
35.97000	70253.27610
35.98500	70202.62182
36.00000	70159.57195
36.01500	70123.54564
36.03000	70093.71040
36.04500	70069.02824
36.06000	70048.22437
36.07500	70029.81433
36.09000	70012.18019
36.10500	69993.60983
36.12000	69972.36552
36.13500	69946.76476
36.15000	69915.26873
36.16500	69876.57172
36.18000	69829.68294
36.19500	69773.98976
36.21000	69709.29748
36.22500	69635.83703
36.24000	69554.24097
36.25500	69465.49114
36.27000	69370.84488
36.28500	69271.74965
36.30000	69169.75550
36.31500	69066.43428
36.33000	68963.31111
36.34500	68861.81139
36.36000	68763.22342
36.37500	68668.67525
36.39000	68579.12285
36.40500	68495.34654
36.42000	68417.95276
36.43500	68347.37893
36.45000	68283.89948
36.46500	68227.63236
36.48000	68178.54571
36.49500	68136.46495
36.51000	68101.08145
36.52500	68071.96315
36.54000	68048.56974
36.55500	68030.27248
36.57000	68016.37999
36.58500	68006.16993
36.60000	67998.92575
36.61500	67993.97675
36.63000	67990.73644
36.64500	67988.73861
36.66000	67987.66332
36.67500	67987.35252
36.69000	67987.81089
36.70500	67989.19060
36.72000	67991.76570
36.73500	67995.89534
36.75000	68001.98181
36.76500	68010.42739
36.78000	68021.59387
36.79500	68035.76698
36.81000	68053.12457
36.82500	68073.70623
36.84000	68097.57167
36.85500	68124.44068
36.87000	68153.98371
36.88500	68185.76278
36.90000	68219.24801
36.91500	68253.84289
36.93000	68288.91396
36.94500	68323.82181
36.96000	68357.95043
36.97500	68390.73171
36.99000	68421.66057
37.00500	68450.29264
37.02000	68476.16446
37.03500	68498.99090
37.05000	68519.54279
37.06500	68536.91799
37.08000	68550.95003
37.09500	68561.45513
37.11000	68568.21245
37.12500	68570.95070
37.14000	68569.34255
37.15500	68563.00765
37.17000	68551.52388
37.18500	68534.44631
37.20000	68511.33231
37.21500	68481.77099
37.23000	68445.41509
37.24500	68402.01274
37.26000	68351.43683
37.27500	68293.70966
37.29000	68229.02057
37.30500	68157.73535
37.32000	68080.39611
37.33500	67997.71188
37.35000	67910.54053
37.36500	67819.86372
37.38000	67726.75728
37.39500	67632.35936
37.41000	67537.83887
37.42500	67444.36677
37.44000	67353.09156
37.45500	67265.11973
37.47000	67181.50156
37.48500	67103.22178
37.50000	67031.19448
37.51500	66966.26129
37.53000	66909.19190
37.54500	66860.68628
37.56000	66821.37761
37.57500	66791.83555
37.59000	66772.56937
37.60500	66764.03071
37.62000	66766.61531
37.63500	66780.66445
37.65000	66806.46515
37.66500	66844.24960
37.68000	66894.19364
37.69500	66956.41454
37.71000	67030.96795
37.72500	67117.84175
37.74000	67216.95417
37.75500	67328.14719
37.77000	67451.18135
37.78500	67585.72974
37.80000	67731.37128
37.81500	67887.58467
37.83000	68053.74174
37.84500	68229.10031
37.86000	68412.79681
37.87500	68603.83829
37.89000	68801.09409
37.90500	69003.28747
37.92000	69208.98790
37.93500	69416.60553
37.95000	69624.38947
37.96500	69830.43258
37.98000	70032.68505
37.99500	70228.97948
38.01000	70417.06919
38.02500	70594.68016
38.04000	70759.57586
38.05500	70909.63166
38.07000	71042.91456
38.08500	71157.76177
38.10000	71252.85173
38.11500	71327.26123
38.13000	71380.49998
38.14500	71412.52944
38.16000	71423.75350
38.17500	71414.98334
38.19000	71387.38295
38.20500	71342.39818
38.22000	71281.67535
38.23500	71206.97531
38.25000	71120.08842
38.26500	71022.75117
38.28000	70916.51541
38.29500	70802.99184
38.31000	70683.96090
38.32500	70560.15381
38.34000	70432.48942
38.35500	70301.68652
38.37000	70168.27744
38.38500	70032.63022
38.40000	69894.97700
38.41500	69755.44731
38.43000	69614.10500
38.44500	69470.98692
38.46000	69326.14043
38.47500	69179.65689
38.49000	69031.69815
38.50500	68882.51358
38.52000	68732.44567
38.53500	68581.92449
38.55000	68431.45424
38.56500	68281.59171
38.58000	68132.92079
38.59500	67986.02951
38.61000	67841.48825
38.62500	67699.83109
38.64000	67561.55518
38.65500	67427.14311
38.67000	67296.97732
38.68500	67171.42492
38.70000	67050.81966
38.71500	66935.46817
38.73000	66825.65448
38.74500	66721.64246
38.76000	66623.67571
38.77500	66531.97536
38.79000	66446.73631
38.80500	66368.12265
38.82000	66296.26294
38.83500	66231.24586
38.85000	66173.11580
38.86500	66121.87695
38.88000	66077.48257
38.89500	66039.83453
38.91000	66008.78821
38.92500	65984.15012
38.94000	65965.67818
38.95500	65953.08266
38.97000	65946.02677
38.98500	65944.12920
39.00000	65946.96708
39.01500	65954.07982
39.03000	65964.97324
39.04500	65979.13294
39.06000	65996.03302
39.07500	66015.14783
39.09000	66035.96578
39.10500	66058.00362
39.12000	66080.82009
39.13500	66104.02723
39.15000	66127.29606
39.16500	66150.34138
39.18000	66172.79432
39.19500	66195.34315
39.21000	66217.47640
39.22500	66239.23614
39.24000	66260.71568
39.25500	66282.04758
39.27000	66303.39157
39.28500	66324.92338
39.30000	66346.82493
39.31500	66369.27669
39.33000	66392.45261
39.34500	66416.51733
39.36000	66441.62542
39.37500	66467.92195
39.39000	66495.54259
39.40500	66524.61338
39.42000	66555.24976
39.43500	66587.55273
39.45000	66621.60349
39.46500	66657.45669
39.48000	66695.13337
39.49500	66734.61452
39.51000	66775.83674
39.52500	66818.69101
39.54000	66863.02529
39.55500	66908.65149
39.57000	66955.35643
39.58500	67002.91598
39.60000	67051.11108
39.61500	67099.74375
39.63000	67148.65086
39.64500	67197.71401
39.66000	67246.86341
39.67500	67296.07521
39.69000	67345.36202
39.70500	67394.75738
39.72000	67444.29600
39.73500	67493.99099
39.75000	67543.81263
39.76500	67593.66856
39.78000	67643.38834
39.79500	67692.71418
39.81000	67741.29837
39.82500	67788.70795
39.84000	67834.43637
39.85500	67877.92093
39.87000	67918.56279
39.88500	67955.75997
39.90000	67988.97583
39.91500	68017.65089
39.93000	68041.32823
39.94500	68059.64296
39.96000	68072.33638
39.97500	68079.26391
39.99000	68080.39725
40.00500	68075.82126
40.02000	68065.72631
40.03500	68050.39718
40.05000	68030.19924
40.06500	68005.56280
40.08000	67976.96593
40.09500	67944.92006
40.11000	67909.95384
40.12500	67872.59112
40.14000	67833.34748
40.15500	67792.71909
40.17000	67751.17837
40.18500	67709.17341
40.20000	67667.13099
40.21500	67625.46212
40.23000	67584.56838
40.24500	67544.84837
40.26000	67506.70207
40.27500	67470.53278
40.29000	67436.74528
40.30500	67405.74041
40.32000	67377.90645
40.33500	67353.60835
40.35000	67333.17596
40.36500	67316.89260
40.38000	67304.98525
40.39500	67297.61649
40.41000	67294.87181
40.42500	67296.83624
40.44000	67303.45348
40.45500	67314.64777
40.47000	67330.30432
40.48500	67350.28311
40.50000	67374.43325
40.51500	67402.60782
40.53000	67434.67197
40.54500	67470.51289
40.56000	67510.04500
40.57500	67553.20932
40.59000	67599.96886
40.60500	67650.30033
40.62000	67704.18283
40.63500	67761.58368
40.65000	67822.43871
40.66500	67886.64638
40.68000	67954.05023
40.69500	68024.42385
40.71000	68097.45892
40.72500	68172.75545
40.74000	68249.81702
40.75500	68328.04608
40.77000	68406.73729
40.78500	68485.01124
40.80000	68562.09102
40.81500	68637.96106
40.83000	68711.14140
40.84500	68780.82005
40.86000	68846.24760
40.87500	68906.76837
40.89000	68961.84562
40.90500	69011.07873
40.92000	69054.20997
40.93500	69091.12023
40.95000	69121.81452
40.96500	69146.39864
40.98000	69165.05029
40.99500	69177.98790
41.01000	69185.44067
41.02500	69187.62275
41.04000	69184.71401
41.05500	69176.84846
41.07000	69164.11063
41.08500	69146.53912
41.10000	69124.13620
41.11500	69096.88147
41.13000	69064.74780
41.14500	69027.71780
41.16000	68985.79914
41.17500	68939.03768
41.19000	68887.52758
41.20500	68831.41790
41.22000	68770.91602
41.23500	68706.28583
41.25000	68637.84987
41.26500	68565.98165
41.28000	68491.09809
41.29500	68413.65287
41.31000	68334.12916
41.32500	68253.03011
41.34000	68170.87033
41.35500	68088.16689
41.37000	68005.43017
41.38500	67923.15467
41.40000	67841.80988
41.41500	67761.83158
41.43000	67683.61370
41.44500	67607.50153
41.46000	67533.78646
41.47500	67462.70310
41.49000	67394.42889
41.50500	67329.08675
41.52000	67266.75052
41.53500	67207.45306
41.55000	67151.19634
41.56500	67097.96257
41.58000	67047.72546
41.59500	67000.46023
41.61000	66956.15151
41.62500	66914.79813
41.64000	66876.41424
41.65500	66841.02536
41.67000	66808.66456
41.68500	66779.36466
41.70000	66753.14736
41.71500	66730.01295
41.73000	66709.93046
41.74500	66692.82932
41.76000	66678.59276
41.77500	66667.05183
41.79000	66657.96121
41.80500	66651.08876
41.82000	66646.40606
41.83500	66643.42222
41.85000	66641.83276
41.86500	66641.34075
41.88000	66641.67214
41.89500	66642.58997
41.91000	66643.90609
41.92500	66645.48948
41.94000	66647.27023
41.95500	66649.23886
41.97000	66651.44161
41.98500	66653.97160
42.00000	66656.95776
42.01500	66660.55227
42.03000	66664.91853
42.04500	66670.21976
42.06000	66676.61025
42.07500	66684.22966
42.09000	66693.19967
42.10500	66703.62307
42.12000	66715.58486
42.13500	66729.15420
42.15000	66744.38665
42.16500	66761.32567
42.18000	66780.00314
42.19500	66800.43841
42.21000	66822.63613
42.22500	66846.58325
42.24000	66872.24562
42.25500	66899.56508
42.27000	66928.45809
42.28500	66958.81563
42.30000	66990.50547
42.31500	67023.37661
42.33000	67057.26548
42.34500	67092.00366
42.36000	67127.42619
42.37500	67163.37962
42.39000	67199.72906
42.40500	67236.36341
42.42000	67273.19823
42.43500	67310.17591
42.45000	67347.26331
42.46500	67384.44691
42.48000	67421.72620
42.49500	67459.10573
42.51000	67496.58687
42.52500	67534.15963
42.54000	67571.79557
42.55500	67609.44210
42.57000	67647.01861
42.58500	67684.41468
42.60000	67721.49052
42.61500	67758.07945
42.63000	67793.99256
42.64500	67829.02507
42.66000	67862.96431
42.67500	67895.59741
42.69000	67926.72227
42.70500	67956.15771
42.72000	67983.75173
42.73500	68009.38444
42.75000	68032.97459
42.76500	68054.47863
42.78000	68073.88625
42.79500	68091.20561
42.81000	68106.41864
42.82500	68119.68946
42.84000	68131.13854
42.85500	68140.67945
42.87000	68148.30574
42.88500	68153.96778
42.90000	68157.56072
42.91500	68158.90134
42.93000	68157.64567
42.94500	68153.97775
42.96000	68147.69119
42.97500	68138.19649
42.99000	68125.15727
43.00500	68108.23608
43.02000	68087.11344
43.03500	68061.50665
43.05000	68031.17868
43.06500	67996.05530
43.08000	67956.11233
43.09500	67911.38980
43.11000	67862.08156
43.12500	67808.50543
43.14000	67751.09502
43.15500	67690.38753
43.17000	67627.00622
43.18500	67561.63884
43.20000	67495.01273
43.21500	67427.86581
43.23000	67360.89522
43.24500	67294.69648
43.26000	67230.60908
43.27500	67168.84402
43.29000	67109.95079
43.30500	67054.41784
43.32000	67002.65497
43.33500	66954.99083
43.35000	66911.67204
43.36500	66872.86374
43.38000	66838.65096
43.39500	66809.04056
43.41000	66783.96374
43.42500	66763.27907
43.44000	66746.77608
43.45500	66734.17953
43.47000	66725.15477
43.48500	66719.31415
43.50000	66716.22434
43.51500	66715.41577
43.53000	66716.39500
43.54500	66718.65643
43.56000	66721.69602
43.57500	66725.02588
43.59000	66728.18900
43.60500	66730.77316
43.62000	66732.42181
43.63500	66732.82263
43.65000	66731.82831
43.66500	66729.40313
43.68000	66725.43160
43.69500	66719.96807
43.71000	66713.14280
43.72500	66705.15354
43.74000	66696.25364
43.75500	66686.73881
43.77000	66676.93325
43.78500	66667.17619
43.80000	66657.80948
43.81500	66649.16693
43.83000	66641.56554
43.84500	66635.29876
43.86000	66630.63161
43.87500	66627.79739
43.89000	66626.99555
43.90500	66628.39023
43.92000	66632.10918
43.93500	66638.24270
43.95000	66646.84250
43.96500	66657.92041
43.98000	66671.44628
43.99500	66687.34735
44.01000	66705.50696
44.02500	66725.76408
44.04000	66747.91376
44.05500	66771.70863
44.07000	66796.86172
44.08500	66823.05049
44.10000	66849.92240
44.11500	66877.10175
44.13000	66904.19785
44.14500	66930.81401
44.16000	66956.55539
44.17500	66981.05807
44.19000	67003.96674
44.20500	67024.97222
44.22000	67043.81547
44.23500	67060.29782
44.25000	67074.28956
44.26500	67085.73611
44.28000	67094.66137
44.29500	67101.16750
44.31000	67105.43099
44.32500	67107.69541
44.34000	67108.26034
44.35500	67107.46822
44.37000	67105.68866
44.38500	67103.30148
44.40000	67100.68065
44.41500	67098.17967
44.43000	67096.11700
44.44500	67094.76413
44.46000	67094.33619
44.47500	67094.98502
44.49000	67096.79438
44.50500	67099.77520
44.52000	67103.85744
44.53500	67108.99476
44.55000	67115.03196
44.56500	67121.69823
44.58000	67128.72371
44.59500	67135.80112
44.61000	67142.59372
44.62500	67148.74323
44.64000	67153.87712
44.65500	67157.61527
44.67000	67159.57559
44.68500	67159.37790
44.70000	67156.65098
44.71500	67151.06581
44.73000	67142.26904
44.74500	67129.94972
44.76000	67113.82724
44.77500	67093.65722
44.79000	67069.23732
44.80500	67040.41228
44.82000	67007.07781
44.83500	66969.18288
44.85000	66926.73014
44.86500	66879.77442
44.88000	66828.41953
44.89500	66772.81388
44.91000	66713.14551
44.92500	66649.63671
44.94000	66582.53942
44.95500	66512.13153
44.97000	66438.71396
44.98500	66362.60857
45.00000	66284.15678
45.01500	66203.71881
45.03000	66121.67224
45.04500	66038.41005
45.06000	65954.33756
45.07500	65869.86949
45.09000	65785.42513
45.10500	65701.42254
45.12000	65618.26656
45.13500	65536.37885
45.15000	65456.14675
45.16500	65377.92052
45.18000	65302.02681
45.19500	65228.77380
45.21000	65158.49409
45.22500	65091.38359
45.24000	65027.64742
45.25500	64967.45517
45.27000	64910.94108
45.28500	64858.20460
45.30000	64809.31088
45.31500	64764.29265
45.33000	64723.15157
45.34500	64685.85947
45.36000	64652.35983
45.37500	64622.56935
45.39000	64596.37931
45.40500	64573.65669
45.42000	64554.24225
45.43500	64537.93826
45.45000	64524.66588
45.46500	64514.15073
45.48000	64506.17597
45.49500	64500.51424
45.51000	64496.93027
45.52500	64495.18359
45.54000	64495.03146
45.55500	64496.23179
45.57000	64498.54617
45.58500	64501.74277
45.60000	64505.59887
45.61500	64509.90312
45.63000	64514.45717
45.64500	64519.07655
45.66000	64523.59081
45.67500	64527.84271
45.69000	64531.68687
45.70500	64534.98738
45.72000	64537.61559
45.73500	64539.44734
45.75000	64540.36047
45.76500	64540.23270
45.78000	64538.94033
45.79500	64536.35772
45.81000	64532.35788
45.82500	64526.81418
45.84000	64519.60301
45.85500	64510.60750
45.87000	64499.72162
45.88500	64486.85511
45.90000	64471.93839
45.91500	64454.92688
45.93000	64435.80468
45.94500	64414.58725
45.96000	64391.32281
45.97500	64366.09201
45.99000	64339.00427
46.00500	64310.19901
46.02000	64279.88028
46.03500	64248.21261
46.05000	64215.40212
46.06500	64181.66628
46.08000	64147.22888
46.09500	64112.31549
46.11000	64077.14926
46.12500	64041.94725
46.14000	64006.91768
46.15500	63972.25733
46.17000	63938.14958
46.18500	63904.76308
46.20000	63872.25049
46.21500	63840.74810
46.23000	63810.37521
46.24500	63781.23381
46.26000	63753.40868
46.27500	63726.96764
46.29000	63701.96214
46.30500	63678.42815
46.32000	63656.38711
46.33500	63635.84720
46.35000	63616.80479
46.36500	63599.24602
46.38000	63583.14829
46.39500	63568.48070
46.41000	63555.20911
46.42500	63543.31176
46.44000	63532.73764
46.45500	63523.44584
46.47000	63515.39462
46.48500	63508.54158
46.50000	63502.84340
46.51500	63498.25540
46.53000	63494.73067
46.54500	63492.21919
46.56000	63490.66685
46.57500	63490.01445
46.59000	63490.19689
46.60500	63491.14263
46.62000	63492.77327
46.63500	63495.00368
46.65000	63497.74234
46.66500	63500.89216
46.68000	63504.35178
46.69500	63508.01723
46.71000	63511.78399
46.72500	63515.54946
46.74000	63519.21556
46.75500	63522.69145
46.77000	63525.89622
46.78500	63528.76126
46.80000	63531.23222
46.81500	63533.27032
46.83000	63534.85298
46.84500	63535.97366
46.86000	63536.64075
46.87500	63536.87605
46.89000	63536.71236
46.90500	63536.19079
46.92000	63535.35782
46.93500	63534.26225
46.95000	63532.95235
46.96500	63531.47325
46.98000	63529.86478
46.99500	63528.15985
47.01000	63526.38327
47.02500	63524.55131
47.04000	63522.67187
47.05500	63520.74478
47.07000	63518.76317
47.08500	63516.71492
47.10000	63514.58961
47.11500	63512.36988
47.13000	63510.04294
47.14500	63507.60038
47.16000	63505.04050
47.17500	63502.37022
47.19000	63499.60649
47.20500	63496.77366
47.22000	63493.92555
47.23500	63491.11825
47.25000	63488.41112
47.26500	63485.88123
47.28000	63483.61492
47.29500	63481.70585
47.31000	63480.25267
47.32500	63479.35648
47.34000	63479.11831
47.35500	63479.63649
47.37000	63481.00424
47.38500	63483.30749
47.40000	63486.62300
47.41500	63491.01660
47.43000	63496.54198
47.44500	63503.23965
47.46000	63511.13591
47.47500	63520.24276
47.49000	63530.55742
47.50500	63542.06184
47.52000	63554.72244
47.53500	63568.48977
47.55000	63583.29800
47.56500	63599.06336
47.58000	63615.66812
47.59500	63633.06578
47.61000	63651.08657
47.62500	63669.58561
47.64000	63688.40323
47.65500	63707.36614
47.67000	63726.28910
47.68500	63744.97723
47.70000	63763.22862
47.71500	63780.83759
47.73000	63797.59840
47.74500	63813.30924
47.76000	63827.77658
47.77500	63840.81950
47.79000	63852.27413
47.80500	63861.99773
47.82000	63869.87247
47.83500	63875.80870
47.85000	63879.74745
47.86500	63881.66218
47.88000	63881.55962
47.89500	63879.47963
47.91000	63875.49416
47.92500	63869.70509
47.94000	63862.24153
47.95500	63853.25620
47.97000	63842.92137
47.98500	63831.42436
48.00000	63818.96312
48.01500	63805.74153
48.03000	63791.96509
48.04500	63777.83689
48.06000	63763.55388
48.07500	63749.30376
48.09000	63735.26226
48.10500	63721.59088
48.12000	63708.43505
48.13500	63695.92263
48.15000	63684.16275
48.16500	63673.24486
48.18000	63663.23803
48.19500	63654.19042
48.21000	63646.12893
48.22500	63639.05921
48.24000	63632.96575
48.25500	63627.81219
48.27000	63623.54241
48.28500	63620.08158
48.30000	63617.33781
48.31500	63615.20408
48.33000	63613.56061
48.34500	63612.27741
48.36000	63611.21707
48.37500	63610.23759
48.39000	63609.19517
48.40500	63607.94682
48.42000	63606.35275
48.43500	63604.27844
48.45000	63601.59647
48.46500	63598.18796
48.48000	63593.94396
48.49500	63588.76656
48.51000	63582.57004
48.52500	63575.28194
48.54000	63566.84420
48.55500	63557.21424
48.57000	63546.36600
48.58500	63534.29079
48.60000	63520.99791
48.61500	63506.51480
48.63000	63490.88686
48.64500	63474.17670
48.66000	63456.46284
48.67500	63437.83810
48.69000	63418.40741
48.70500	63398.28544
48.72000	63377.59402
48.73500	63356.45941
48.75000	63335.00954
48.76500	63313.37166
48.78000	63291.66979
48.79500	63270.02259
48.81000	63248.54127
48.82500	63227.32810
48.84000	63206.47478
48.85500	63186.05994
48.87000	63166.15250
48.88500	63146.81794
48.90000	63128.09135
48.91500	63110.00388
48.93000	63092.57418
48.94500	63075.80828
48.96000	63059.69810
48.97500	63044.21155
48.99000	63029.22980
49.00500	63015.09701
49.02000	63001.54681
49.03500	62988.53952
49.05000	62976.03117
49.06500	62963.97438
49.08000	62952.31980
49.09500	62941.01735
49.11000	62930.01751
49.12500	62919.27254
49.14000	62908.73760
49.15500	62898.37171
49.17000	62888.13842
49.18500	62878.00630
49.20000	62867.94902
49.21500	62857.94525
49.23000	62847.97816
49.24500	62838.03476
49.26000	62828.10502
49.27500	62818.18083
49.29000	62808.25501
49.30500	62798.32032
49.32000	62788.36849
49.33500	62778.38945
49.35000	62768.37074
49.36500	62758.29719
49.38000	62748.15070
49.39500	62737.91029
49.41000	62727.55304
49.42500	62717.05474
49.44000	62706.39096
49.45500	62695.53850
49.47000	62684.47697
49.48500	62673.19023
49.50000	62661.66221
49.51500	62649.91303
49.53000	62637.96630
49.54500	62625.83332
49.56000	62613.55569
49.57500	62601.19049
49.59000	62588.81048
49.60500	62576.50365
49.62000	62564.37209
49.63500	62552.53028
49.65000	62541.10282
49.66500	62530.22188
49.68000	62520.02422
49.69500	62510.64393
49.71000	62502.21436
49.72500	62494.86714
49.74000	62488.72665
49.75500	62483.90719
49.77000	62480.50940
49.78500	62478.61303
49.80000	62478.24587
49.81500	62479.31217
49.83000	62482.64626
49.84500	62487.79097
49.86000	62494.77992
49.87500	62503.63609
49.89000	62514.36991
49.90500	62526.97978
49.92000	62541.45485
49.93500	62557.77486
49.95000	62575.91082
49.96500	62595.82551
49.98000	62617.47391
49.99500	62640.80330
50.01000	62665.75325
50.02500	62692.25526
50.04000	62720.23225
50.05500	62749.59788
50.07000	62780.25556
50.08500	62812.09750
50.10000	62845.00366
50.11500	62878.84077
50.13000	62913.46158
50.14500	62948.70430
50.16000	62984.39248
50.17500	63020.33528
50.19000	63056.32823
50.20500	63092.15470
50.22000	63127.58772
50.23500	63162.39250
50.25000	63196.32959
50.26500	63229.15812
50.28000	63260.63958
50.29500	63290.54171
50.31000	63318.64229
50.32500	63344.73294
50.34000	63368.62252
50.35500	63390.14006
50.37000	63409.13728
50.38500	63425.49049
50.40000	63439.10199
50.41500	63449.90086
50.43000	63457.84335
50.44500	63462.91288
50.46000	63465.11980
50.47500	63464.50091
50.49000	63461.11886
50.50500	63455.06139
50.52000	63446.44058
50.53500	63435.39196
50.55000	63422.07344
50.56500	63406.66404
50.58000	63389.36239
50.59500	63370.38490
50.61000	63349.96362
50.62500	63328.34372
50.64000	63305.78075
50.65500	63282.53759
50.67000	63258.88117
50.68500	63235.07897
50.70000	63211.39612
50.71500	63188.09195
50.73000	63165.41669
50.74500	63143.60872
50.76000	63122.89211
50.77500	63103.47442
50.79000	63085.54494
50.80500	63069.27336
50.82000	63054.80882
50.83500	63042.27936
50.85000	63031.79176
50.86500	63023.43166
50.88000	63017.26410
50.89500	63013.33446
50.91000	63011.66825
50.92500	63012.27336
50.94000	63015.14066
50.95500	63020.24520
50.97000	63027.54721
50.98500	63036.99307
51.00000	63048.51604
51.01500	63062.03680
51.03000	63077.46371
51.04500	63094.69299
51.06000	63113.60778
51.07500	63134.07820
51.09000	63155.96027
51.10500	63179.09454
51.12000	63203.30681
51.13500	63228.40567
51.15000	63254.18230
51.16500	63280.40967
51.18000	63306.84149
51.19500	63333.21622
51.21000	63359.25685
51.22500	63384.67254
51.24000	63409.16079
51.25500	63432.40917
51.27000	63454.09240
51.28500	63473.78680
51.30000	63491.55623
51.31500	63506.89115
51.33000	63519.51879
51.34500	63529.18830
51.36000	63535.67540
51.37500	63538.79495
51.39000	63538.38613
51.40500	63534.33039
51.42000	63526.54898
51.43500	63515.00393
51.45000	63499.69802
51.46500	63480.67391
51.48000	63458.01240
51.49500	63431.83013
51.51000	63402.27668
51.52500	63369.53138
51.54000	63333.79979
51.55500	63295.31018
51.57000	63254.30993
51.58500	63211.06204
51.60000	63165.84170
51.61500	63118.93308
51.63000	63070.62623
51.64500	63021.21416
51.66000	62970.99014
51.67500	62920.24513
51.69000	62869.26547
51.70500	62818.33069
51.72000	62767.71156
51.73500	62717.66840
51.75000	62668.44955
51.76500	62620.28995
51.78000	62573.41003
51.79500	62528.01468
51.81000	62484.29232
51.82500	62442.41340
51.84000	62402.53385
51.85500	62364.79007
51.87000	62329.29720
51.88500	62296.15297
51.90000	62265.43571
51.91500	62237.20402
51.93000	62211.49646
51.94500	62188.33191
51.96000	62167.70924
51.97500	62149.60735
51.99000	62133.98522
52.00500	62120.78193
52.02000	62109.91573
52.03500	62101.27910
52.05000	62094.79702
52.06500	62090.31187
52.08000	62087.67615
52.09500	62086.72830
52.11000	62087.29451
52.12500	62089.19068
52.14000	62092.22467
52.15500	62096.19871
52.17000	62100.91201
52.18500	62106.16335
52.20000	62111.75371
52.21500	62117.48867
52.23000	62123.18098
52.24500	62128.65236
52.26000	62133.73517
52.27500	62138.27281
52.29000	62142.12166
52.30500	62145.15163
52.32000	62147.24572
52.33500	62148.29961
52.35000	62148.22068
52.36500	62146.92530
52.38000	62144.31864
52.39500	62140.41253
52.41000	62135.16995
52.42500	62128.51724
52.44000	62120.42806
52.45500	62110.88548
52.47000	62099.88178
52.48500	62087.41834
52.50000	62073.50567
52.51500	62058.16318
52.53000	62041.41769
52.54500	62023.31108
52.56000	62003.89271
52.57500	61983.21405
52.59000	61961.33857
52.60500	61938.33772
52.62000	61914.29027
52.63500	61889.28200
52.65000	61863.40499
52.66500	61836.75698
52.68000	61809.44064
52.69500	61781.56267
52.71000	61753.23286
52.72500	61724.56306
52.74000	61695.66595
52.75500	61666.65384
52.77000	61637.63737
52.78500	61608.72421
52.80000	61580.01779
52.81500	61551.61611
52.83000	61523.61065
52.84500	61496.08545
52.86000	61469.11641
52.87500	61442.77078
52.89000	61417.10684
52.90500	61392.17395
52.92000	61368.01263
52.93500	61344.65504
52.95000	61322.12561
52.96500	61300.44173
52.98000	61279.61475
52.99500	61259.65082
53.01000	61240.55235
53.02500	61222.31866
53.04000	61204.94667
53.05500	61188.43583
53.07000	61172.78225
53.08500	61157.98493
53.10000	61144.04527
53.11500	61130.96788
53.13000	61118.76121
53.14500	61107.43816
53.16000	61097.01642
53.17500	61087.51873
53.19000	61078.97289
53.20500	61071.41158
53.22000	61064.87213
53.23500	61059.39592
53.25000	61055.02784
53.26500	61051.81545
53.28000	61049.80822
53.29500	61049.05662
53.31000	61049.61078
53.32500	61051.51998
53.34000	61054.83155
53.35500	61059.59002
53.37000	61065.83622
53.38500	61073.60660
53.40000	61082.93246
53.41500	61093.83936
53.43000	61106.34661
53.44500	61120.46674
53.46000	61136.20506
53.47500	61153.55930
53.49000	61172.51922
53.50500	61193.06634
53.52000	61215.17367
53.53500	61238.80551
53.55000	61263.91733
53.56500	61290.45573
53.58000	61318.35844
53.59500	61347.55450
53.61000	61377.96447
53.62500	61409.50079
53.64000	61442.06823
53.65500	61475.56445
53.67000	61509.88057
53.68500	61544.90187
53.70000	61580.50848
53.71500	61616.57612
53.73000	61652.97677
53.74500	61689.57940
53.76000	61726.25062
53.77500	61762.85532
53.79000	61799.25726
53.80500	61835.31948
53.82000	61870.90546
53.83500	61905.87954
53.85000	61940.10762
53.86500	61973.45790
53.88000	62005.80128
53.89500	62037.00974
53.91000	62066.96579
53.92500	62095.58317
53.94000	62122.73742
53.95500	62148.33212
53.97000	62172.28006
53.98500	62194.50399
54.00000	62214.93732
54.01500	62233.52457
54.03000	62250.22161
54.04500	62264.99587
54.06000	62277.82643
54.07500	62288.70378
54.09000	62297.62980
54.10500	62304.61650
54.12000	62309.68569
54.13500	62312.86629
54.15000	62314.20823
54.16500	62313.76232
54.18000	62311.57863
54.19500	62307.71873
54.21000	62302.24893
54.22500	62295.23900
54.24000	62286.76088
54.25500	62276.88751
54.27000	62265.69175
54.28500	62253.24524
54.30000	62239.61762
54.31500	62224.87583
54.33000	62209.08351
54.34500	62192.30066
54.36000	62174.58835
54.37500	62156.00291
54.39000	62136.59488
54.40500	62116.41585
54.42000	62095.51668
54.43500	62073.94831
54.45000	62051.76253
54.46500	62029.01258
54.48000	62005.75382
54.49500	61982.04402
54.51000	61957.94369
54.52500	61933.51609
54.54000	61908.82717
54.55500	61883.94530
54.57000	61858.94090
54.58500	61833.88594
54.60000	61808.85336
54.61500	61783.91643
54.63000	61759.14783
54.64500	61734.61925
54.66000	61710.40076
54.67500	61686.55999
54.69000	61663.16149
54.70500	61640.26590
54.72000	61617.92735
54.73500	61596.20038
54.75000	61575.14783
54.76500	61554.81053
54.78000	61535.22174
54.79500	61516.41597
54.81000	61498.42291
54.82500	61481.26739
54.84000	61464.96955
54.85500	61449.54498
54.87000	61435.00485
54.88500	61421.35621
54.90000	61408.60235
54.91500	61396.74320
54.93000	61385.77590
54.94500	61375.69541
54.96000	61366.49516
54.97500	61358.16805
54.99000	61350.70719
55.00500	61344.10678
55.02000	61338.36364
55.03500	61333.47792
55.05000	61329.45393
55.06500	61326.30074
55.08000	61324.03204
55.09500	61322.65999
55.11000	61322.23678
55.12500	61322.80075
55.14000	61324.37846
55.15500	61327.01601
55.17000	61330.76468
55.18500	61335.67974
55.20000	61341.81926
55.21500	61349.24259
55.23000	61358.00615
55.24500	61368.15119
55.26000	61379.82962
55.27500	61393.04563
55.29000	61407.85855
55.30500	61424.32541
55.32000	61442.50065
55.33500	61462.43585
55.35000	61484.17958
55.36500	61507.77733
55.38000	61533.27141
55.39500	61560.70095
55.41000	61590.10159
55.42500	61621.50550
55.44000	61654.94104
55.45500	61690.43246
55.47000	61727.99944
55.48500	61767.65657
55.50000	61809.41275
55.51500	61853.27040
55.53000	61899.22477
55.54500	61947.26298
55.56000	61997.36321
55.57500	62049.49370
55.59000	62103.61187
55.60500	62159.66335
55.62000	62217.58131
55.63500	62277.28555
55.65000	62338.68200
55.66500	62401.66214
55.68000	62466.10264
55.69500	62531.86415
55.71000	62598.79793
55.72500	62666.73823
55.74000	62735.50294
55.75500	62804.89959
55.77000	62874.72431
55.78500	62944.76323
55.80000	63014.79380
55.81500	63084.58761
55.83000	63153.91179
55.84500	63222.52898
55.86000	63290.20160
55.87500	63356.69306
55.89000	63421.76965
55.90500	63485.20244
55.92000	63546.76852
55.93500	63606.25299
55.95000	63663.45159
55.96500	63718.17177
55.98000	63770.23429
55.99500	63819.47443
56.01000	63865.74135
56.02500	63908.89807
56.04000	63948.87670
56.05500	63985.60893
56.07000	64019.00476
56.08500	64049.02958
56.10000	64075.67393
56.11500	64098.95335
56.13000	64118.90784
56.14500	64135.60042
56.16000	64149.11529
56.17500	64159.55521
56.19000	64167.03841
56.20500	64171.69521
56.22000	64173.66422
56.23500	64173.08779
56.25000	64170.11041
56.26500	64164.87303
56.28000	64157.51044
56.29500	64148.14857
56.31000	64136.90240
56.32500	64123.87429
56.34000	64109.15328
56.35500	64092.81467
56.37000	64074.92047
56.38500	64055.52019
56.40000	64034.65234
56.41500	64012.34606
56.43000	63988.62283
56.44500	63963.49892
56.46000	63936.98819
56.47500	63909.10256
56.49000	63879.85548
56.50500	63849.26323
56.52000	63817.34610
56.53500	63784.12938
56.55000	63749.64214
56.56500	63713.91594
56.58000	63677.02971
56.59500	63639.05076
56.61000	63600.01793
56.62500	63560.00174
56.64000	63519.07932
56.65500	63477.33378
56.67000	63434.85336
56.68500	63391.73065
56.70000	63348.06157
56.71500	63303.94378
56.73000	63259.47643
56.74500	63214.75921
56.76000	63169.89079
56.77500	63124.96756
56.79000	63080.08147
56.80500	63035.30945
56.82000	62990.75763
56.83500	62946.54371
56.85000	62902.70477
56.86500	62859.30746
56.88000	62816.41051
56.89500	62774.06419
56.91000	62732.30991
56.92500	62691.17990
56.94000	62650.69709
56.95500	62610.87552
56.97000	62571.72039
56.98500	62533.22851
57.00000	62495.38868
57.01500	62458.18145
57.03000	62421.57551
57.04500	62385.57388
57.06000	62350.12502
57.07500	62315.19453
57.09000	62280.74680
57.10500	62246.74627
57.12000	62213.15859
57.13500	62179.95179
57.15000	62147.09727
57.16500	62114.57067
57.18000	62082.35254
57.19500	62050.42882
57.21000	62018.79107
57.22500	61987.43657
57.24000	61956.36808
57.25500	61925.59353
57.27000	61895.12541
57.28500	61864.98016
57.30000	61835.17737
57.31500	61805.73895
57.33000	61776.68816
57.34500	61748.04853
57.36000	61719.84348
57.37500	61692.09579
57.39000	61664.82815
57.40500	61638.05779
57.42000	61611.79898
57.43500	61586.05283
57.45000	61560.87542
57.46500	61536.24615
57.48000	61512.16878
57.49500	61488.64335
57.51000	61465.66711
57.52500	61443.22990
57.54000	61421.33235
57.55500	61399.95440
57.57000	61379.07950
57.58500	61358.68823
57.60000	61338.75850
57.61500	61319.26599
57.63000	61300.18434
57.64500	61281.48577
57.66000	61263.14147
57.67500	61245.12216
57.69000	61227.39859
57.70500	61209.94058
57.72000	61192.71859
57.73500	61175.70577
57.75000	61158.87690
57.76500	61142.20809
57.78000	61125.67458
57.79500	61109.23487
57.81000	61092.87796
57.82500	61076.77364
57.84000	61060.79004
57.85500	61044.93019
57.87000	61029.19743
57.88500	61013.61509
57.90000	60998.21754
57.91500	60983.01432
57.93000	60968.03487
57.94500	60953.31321
57.96000	60938.88753
57.97500	60924.79951
57.99000	60911.09436
58.00500	60897.81968
58.02000	60885.02500
58.03500	60872.76097
58.05000	60861.07863
58.06500	60850.02722
58.08000	60839.66153
58.09500	60830.03144
58.11000	60821.18125
58.12500	60813.15537
58.14000	60805.99523
58.15500	60799.73887
58.17000	60794.42060
58.18500	60790.07074
58.20000	60786.71532
58.21500	60784.37591
58.23000	60783.06945
58.24500	60782.80809
58.26000	60783.59907
58.27500	60785.44454
58.29000	60788.34146
58.30500	60792.28145
58.32000	60797.25069
58.33500	60803.22969
58.35000	60810.19322
58.36500	60818.11009
58.38000	60826.94302
58.39500	60836.64847
58.41000	60847.17647
58.42500	60858.47047
58.44000	60870.46724
58.45500	60883.09681
58.47000	60896.28236
58.48500	60909.94025
58.50000	60923.98017
58.51500	60938.30529
58.53000	60952.81259
58.54500	60967.39328
58.56000	60981.93337
58.57500	60996.31437
58.59000	61010.41395
58.60500	61024.10840
58.62000	61037.27216
58.63500	61049.77904
58.65000	61061.50490
58.66500	61072.32875
58.68000	61082.13441
58.69500	61090.81211
58.71000	61098.26020
58.72500	61104.38666
58.74000	61109.11048
58.75500	61112.36298
58.77000	61114.08878
58.78500	61114.24650
58.80000	61112.80926
58.81500	61109.76346
58.83000	61105.10943
58.84500	61098.86235
58.86000	61091.04991
58.87500	61081.71052
58.89000	61070.88868
58.90500	61058.60589
58.92000	61045.01211
58.93500	61030.23889
58.95000	61014.29080
58.96500	60997.25260
58.98000	60979.21074
58.99500	60960.25292
59.01000	60940.46636
59.02500	60919.93669
59.04000	60898.74628
59.05500	60876.96835
59.07000	60854.68245
59.08500	60832.01901
59.10000	60809.00966
59.11500	60785.72351
59.13000	60762.22642
59.14500	60738.58106
59.16000	60714.84711
59.17500	60691.08150
59.19000	60667.33860
59.20500	60643.67040
59.22000	60620.12671
59.23500	60596.75530
59.25000	60573.60196
59.26500	60550.71059
59.28000	60528.12322
59.29500	60505.87993
59.31000	60484.01889
59.32500	60462.57621
59.34000	60441.58586
59.35500	60421.07962
59.37000	60401.08696
59.38500	60381.63497
59.40000	60362.74831
59.41500	60344.44924
59.43000	60326.75748
59.44500	60309.68986
59.46000	60293.26129
59.47500	60277.48447
59.49000	60262.36986
59.50500	60247.92538
59.52000	60234.15385
59.53500	60221.04764
59.55000	60208.66907
59.56500	60196.98460
59.58000	60185.99612
59.59500	60175.70207
59.61000	60166.08958
59.62500	60157.19168
59.64000	60149.04167
59.65500	60141.60235
59.67000	60134.87443
59.68500	60128.85801
59.70000	60123.55240
59.71500	60118.95589
59.73000	60115.06556
59.74500	60111.87697
59.76000	60109.38396
59.77500	60107.57838
59.79000	60106.44959
59.80500	60105.98306
59.82000	60106.16269
59.83500	60106.96963
59.85000	60108.38160
59.86500	60110.37156
59.88000	60112.90003
59.89500	60115.91240
59.91000	60119.53163
59.92500	60123.62533
59.94000	60128.16113
59.95500	60133.10584
59.97000	60138.42595
59.98500	60144.08807
60.00000	60150.05945
60.01500	60156.30845
60.03000	60162.80495
60.04500	60169.52032
60.06000	60176.42822
60.07500	60183.50480
60.09000	60190.72868
60.10500	60198.08087
60.12000	60205.54328
60.13500	60213.08391
60.15000	60220.75088
60.16500	60228.50021
60.18000	60236.32334
60.19500	60244.21934
60.21000	60252.18055
60.22500	60260.20270
60.24000	60268.28161
60.25500	60276.41277
60.27000	60284.59179
60.28500	60292.81339
60.30000	60301.07074
60.31500	60309.35632
60.33000	60317.66146
60.34500	60325.97631
60.36000	60334.28971
60.37500	60342.58945
60.39000	60350.86218
60.40500	60359.09340
60.42000	60367.26676
60.43500	60375.36339
60.45000	60383.36550
60.46500	60391.26311
60.48000	60399.02820
60.49500	60406.63591
60.51000	60414.04448
60.52500	60421.28144
60.54000	60428.33226
60.55500	60435.14172
60.57000	60441.68377
60.58500	60447.93129
60.60000	60453.85594
60.61500	60459.42791
60.63000	60464.62433
60.64500	60469.41899
60.66000	60473.78023
60.67500	60477.68165
60.69000	60481.09849
60.70500	60484.00812
60.72000	60486.39066
60.73500	60488.22942
60.75000	60489.51148
60.76500	60490.22807
60.78000	60490.37498
60.79500	60489.95283
60.81000	60488.96728
60.82500	60487.42917
60.84000	60485.35444
60.85500	60482.76395
60.87000	60479.68360
60.88500	60476.14390
60.90000	60472.17953
60.91500	60467.82892
60.93000	60463.13392
60.94500	60458.13918
60.96000	60452.89173
60.97500	60447.44043
60.99000	60441.83546
61.00500	60436.12791
61.02000	60430.36924
61.03500	60424.61092
61.05000	60418.90400
61.06500	60413.29878
61.08000	60407.84452
61.09500	60402.58913
61.11000	60397.57893
61.12500	60392.85856
61.14000	60388.47077
61.15500	60384.45626
61.17000	60380.85236
61.18500	60377.69280
61.20000	60375.01505
61.21500	60372.85086
61.23000	60371.22497
61.24500	60370.15953
61.26000	60369.65800
61.27500	60369.80819
61.29000	60370.65191
61.30500	60372.16352
61.32000	60374.36134
61.33500	60377.26164
61.35000	60380.87862
61.36500	60385.22425
61.38000	60390.30820
61.39500	60396.13764
61.41000	60402.71711
61.42500	60410.04829
61.44000	60418.12982
61.45500	60426.95719
61.47000	60436.52234
61.48500	60446.81375
61.50000	60457.81617
61.51500	60469.51056
61.53000	60481.87406
61.54500	60494.87994
61.56000	60508.49765
61.57500	60522.69289
61.59000	60537.42773
61.60500	60552.66075
61.62000	60568.34722
61.63500	60584.43932
61.65000	60600.88634
61.66500	60617.63492
61.68000	60634.62928
61.69500	60651.81147
61.71000	60669.12158
61.72500	60686.49800
61.74000	60703.87760
61.75500	60721.19599
61.77000	60738.38775
61.78500	60755.38660
61.80000	60772.12567
61.81500	60788.53772
61.83000	60804.55541
61.84500	60820.11157
61.86000	60835.13952
61.87500	60849.57331
61.89000	60863.34817
61.90500	60876.40075
61.92000	60888.66961
61.93500	60900.09551
61.95000	60910.62190
61.96500	60920.19526
61.98000	60928.76554
61.99500	60936.28652
62.01000	60942.71618
62.02500	60948.01685
62.04000	60952.15509
62.05500	60955.10278
62.07000	60956.83699
62.08500	60957.33964
62.10000	60956.59653
62.11500	60954.58830
62.13000	60951.33355
62.14500	60946.86872
62.16000	60941.17040
62.17500	60934.25257
62.19000	60926.13362
62.20500	60916.83609
62.22000	60906.38633
62.23500	60894.81419
62.25000	60882.15263
62.26500	60868.43749
62.28000	60853.70711
62.29500	60838.00202
62.31000	60821.36469
62.32500	60803.83923
62.34000	60785.47109
62.35500	60766.30686
62.37000	60746.39394
62.38500	60725.78035
62.40000	60704.51446
62.41500	60682.64473
62.43000	60660.21953
62.44500	60637.28686
62.46000	60613.89418
62.47500	60590.08821
62.49000	60565.91473
62.50500	60541.41843
62.52000	60516.64278
62.53500	60491.62987
62.55000	60466.42033
62.56500	60441.05318
62.58000	60415.56583
62.59500	60389.99394
62.61000	60364.37112
62.62500	60338.72881
62.64000	60313.09662
62.65500	60287.50262
62.67000	60261.97186
62.68500	60236.52580
62.70000	60211.17970
62.71500	60185.97039
62.73000	60160.91950
62.74500	60136.02619
62.76000	60111.31021
62.77500	60086.79204
62.79000	60062.47138
62.80500	60038.35601
62.82000	60014.45209
62.83500	59990.76425
62.85000	59967.29529
62.86500	59944.04587
62.88000	59921.02527
62.89500	59898.23780
62.91000	59875.67874
62.92500	59853.34886
62.94000	59831.24881
62.95500	59809.37918
62.97000	59787.74056
62.98500	59766.33346
63.00000	59745.15842
63.01500	59724.21622
63.03000	59703.50763
63.04500	59683.03324
63.06000	59662.79241
63.07500	59642.78172
63.09000	59623.02647
63.10500	59603.51329
63.12000	59584.24437
63.13500	59565.22191
63.15000	59546.44846
63.16500	59527.92738
63.18000	59509.66249
63.19500	59491.65777
63.21000	59473.91542
63.22500	59456.42901
63.24000	59439.26316
63.25500	59422.39153
63.27000	59405.82451
63.28500	59389.57288
63.30000	59373.64866
63.31500	59358.06465
63.33000	59342.83396
63.34500	59327.96901
63.36000	59313.47406
63.37500	59299.38011
63.39000	59285.72448
63.40500	59272.49690
63.42000	59259.71057
63.43500	59247.37764
63.45000	59235.50898
63.46500	59224.11392
63.48000	59213.20010
63.49500	59202.77325
63.51000	59192.83707
63.52500	59183.39295
63.54000	59174.43962
63.55500	59165.97399
63.57000	59157.99453
63.58500	59150.49064
63.60000	59143.45221
63.61500	59136.86683
63.63000	59130.71988
63.64500	59124.99462
63.66000	59119.67232
63.67500	59114.73244
63.69000	59110.15276
63.70500	59105.90962
63.72000	59101.97814
63.73500	59098.33244
63.75000	59094.94593
63.76500	59091.79156
63.78000	59088.84212
63.79500	59086.07055
63.81000	59083.45022
63.82500	59080.95523
63.84000	59078.56075
63.85500	59076.24324
63.87000	59073.98079
63.88500	59071.75333
63.90000	59069.54287
63.91500	59067.33368
63.93000	59065.11245
63.94500	59062.86840
63.96000	59060.59334
63.97500	59058.28176
63.99000	59055.93071
64.00500	59053.53985
64.02000	59051.11125
64.03500	59048.64913
64.05000	59046.16083
64.06500	59043.65439
64.08000	59041.14000
64.09500	59038.62925
64.11000	59036.13492
64.12500	59033.67058
64.14000	59031.25038
64.15500	59028.88867
64.17000	59026.59974
64.18500	59024.39749
64.20000	59022.29515
64.21500	59020.30502
64.23000	59018.43819
64.24500	59016.70432
64.26000	59015.11141
64.27500	59013.66565
64.29000	59012.37126
64.30500	59011.23036
64.32000	59010.24289
64.33500	59009.40657
64.35000	59008.71691
64.36500	59008.16718
64.38000	59007.74842
64.39500	59007.44959
64.41000	59007.25779
64.42500	59007.15831
64.44000	59007.13466
64.45500	59007.16798
64.47000	59007.23906
64.48500	59007.33891
64.50000	59007.44018
64.51500	59007.52260
64.53000	59007.56587
64.54500	59007.54989
64.56000	59007.45495
64.57500	59007.26208
64.59000	59006.95329
64.60500	59006.51126
64.62000	59005.91982
64.63500	59005.16363
64.65000	59004.23094
64.66500	59003.10807
64.68000	59001.78372
64.69500	59000.24767
64.71000	58998.48936
64.72500	58996.49870
64.74000	58994.26684
64.75500	58991.78458
64.77000	58989.04044
64.78500	58986.00684
64.80000	58982.68840
64.81500	58979.17701
64.83000	58975.38927
64.84500	58971.31651
64.86000	58966.95106
64.87500	58962.29293
64.89000	58957.32909
64.90500	58952.05056
64.92000	58946.44090
64.93500	58940.48763
64.95000	58934.23814
64.96500	58927.70197
64.98000	58920.83782
64.99500	58913.64408
65.01000	58906.12036
65.02500	58898.26757
65.04000	58890.08800
65.05500	58881.58533
65.07000	58872.76469
65.08500	58863.63256
65.10000	58854.19678
65.11500	58844.46638
65.13000	58834.45151
65.14500	58824.16327
65.16000	58813.61356
65.17500	58802.81455
65.19000	58791.77890
65.20500	58780.51962
65.22000	58769.04961
65.23500	58757.38101
65.25000	58745.52014
65.26500	58733.49381
65.28000	58721.32140
65.29500	58709.00396
65.31000	58696.55326
65.32500	58683.98066
65.34000	58671.29709
65.35500	58658.51312
65.37000	58645.63898
65.38500	58632.68467
65.40000	58619.66000
65.41500	58606.57468
65.43000	58593.43844
65.44500	58580.26088
65.46000	58567.05064
65.47500	58553.81716
65.49000	58540.56986
65.50500	58527.31742
65.52000	58514.06542
65.53500	58500.78874
65.55000	58487.61464
65.56500	58474.48522
65.58000	58461.41011
65.59500	58448.40983
65.61000	58435.49122
65.62500	58422.66626
65.64000	58409.94646
65.65500	58397.34346
65.67000	58384.86852
65.68500	58372.53801
65.70000	58360.35858
65.71500	58348.34042
65.73000	58336.49322
65.74500	58324.82610
65.76000	58313.34766
65.77500	58302.06598
65.79000	58290.98862
65.80500	58280.12270
65.82000	58269.47492
65.83500	58259.05144
65.85000	58248.85798
65.86500	58238.90013
65.88000	58229.18320
65.89500	58219.71194
65.91000	58210.48912
65.92500	58201.51669
65.94000	58192.82364
65.95500	58184.39899
65.97000	58176.24779
65.98500	58168.37499
66.00000	58160.78539
66.01500	58153.48363
66.03000	58146.47410
66.04500	58139.76093
66.06000	58133.34794
66.07500	58127.23858
66.09000	58121.43593
66.10500	58115.94266
66.12000	58110.76101
66.13500	58105.89279
66.15000	58101.33938
66.16500	58097.10176
66.18000	58093.18050
66.19500	58089.57579
66.21000	58086.28749
66.22500	58083.31515
66.24000	58080.65801
66.25500	58078.31508
66.27000	58076.28511
66.28500	58074.56663
66.30000	58073.15798
66.31500	58072.05722
66.33000	58071.26225
66.34500	58070.77071
66.36000	58070.57996
66.37500	58070.68704
66.39000	58071.08866
66.40500	58071.78112
66.42000	58072.76028
66.43500	58074.02147
66.45000	58075.55945
66.46500	58077.36833
66.48000	58079.44155
66.49500	58081.77175
66.51000	58084.35079
66.52500	58087.16964
66.54000	58090.21840
66.55500	58093.48620
66.57000	58096.96126
66.58500	58100.63083
66.60000	58104.48126
66.61500	58108.49798
66.63000	58112.66558
66.64500	58116.96787
66.66000	58121.38798
66.67500	58125.90841
66.69000	58130.51071
66.70500	58135.17630
66.72000	58139.88638
66.73500	58144.62174
66.75000	58149.36185
66.76500	58154.07302
66.78000	58158.78777
66.79500	58163.45963
66.81000	58168.07267
66.82500	58172.61190
66.84000	58177.06340
66.85500	58181.41413
66.87000	58185.65230
66.88500	58189.76741
66.90000	58193.74995
66.91500	58197.59095
66.93000	58201.27999
66.94500	58204.82098
66.96000	58208.21176
66.97500	58211.44152
66.99000	58214.50662
67.00500	58217.40380
67.02000	58220.12999
67.03500	58222.68205
67.05000	58225.05671
67.06500	58227.25028
67.08000	58229.25859
67.09500	58231.07683
67.11000	58232.69950
67.12500	58234.12037
67.14000	58235.33243
67.15500	58236.32797
67.17000	58237.09839
67.18500	58237.63443
67.20000	58237.92661
67.21500	58237.96504
67.23000	58237.73924
67.24500	58237.23418
67.26000	58236.45213
67.27500	58235.39382
67.29000	58234.04147
67.30500	58232.38969
67.32000	58230.43471
67.33500	58228.17472
67.35000	58225.60969
67.36500	58222.74186
67.38000	58219.57579
67.39500	58216.11842
67.41000	58212.37916
67.42500	58208.36988
67.44000	58204.10480
67.45500	58199.60037
67.47000	58194.87485
67.48500	58189.95177
67.50000	58184.85226
67.51500	58179.60076
67.53000	58174.22317
67.54500	58168.74657
67.56000	58163.19900
67.57500	58157.60917
67.59000	58152.00624
67.60500	58146.41956
67.62000	58140.87841
67.63500	58135.41097
67.65000	58130.04520
67.66500	58124.80840
67.68000	58119.72637
67.69500	58114.82143
67.71000	58110.09281
67.72500	58105.64827
67.74000	58101.46080
67.75500	58097.55211
67.77000	58093.94262
67.78500	58090.65143
67.80000	58087.69636
67.81500	58085.09387
67.83000	58082.85916
67.84500	58081.00610
67.86000	58079.54727
67.87500	58078.49398
67.89000	58077.85625
67.90500	58077.64286
67.92000	58077.86131
67.93500	58078.51782
67.95000	58079.61736
67.96500	58081.16362
67.98000	58083.15898
67.99500	58085.60453
68.01000	58088.50003
68.02500	58091.84390
68.04000	58095.63319
68.05500	58099.86358
68.07000	58104.52934
68.08500	58109.62330
68.10000	58115.13668
68.11500	58121.05934
68.13000	58127.37965
68.14500	58134.08437
68.16000	58141.15789
68.17500	58148.58064
68.19000	58156.34992
68.20500	58164.43693
68.22000	58172.82066
68.23500	58181.47640
68.25000	58190.35390
68.26500	58199.51725
68.28000	58208.89059
68.29500	58218.44950
68.31000	58228.16604
68.32500	58238.02465
68.34000	58247.99268
68.35500	58258.04378
68.37000	58268.15151
68.38500	58278.28946
68.40000	58288.43104
68.41500	58298.54935
68.43000	58308.61821
68.44500	58318.61149
68.46000	58328.50222
68.47500	58338.25640
68.49000	58347.86508
68.50500	58357.33067
68.52000	58366.60520
68.53500	58375.66676
68.55000	58384.49400
68.56500	58393.06609
68.58000	58401.36272
68.59500	58409.36410
68.61000	58417.05094
68.62500	58424.40441
68.64000	58431.40624
68.65500	58438.03879
68.67000	58444.28502
68.68500	58450.12833
68.70000	58455.55300
68.71500	58460.54771
68.73000	58465.10016
68.74500	58469.19621
68.76000	58472.82885
68.77500	58475.98812
68.79000	58478.66724
68.80500	58480.86167
68.82000	58482.56878
68.83500	58483.78992
68.85000	58484.52305
68.86500	58484.76607
68.88000	58484.57105
68.89500	58483.92026
68.91000	58482.82725
68.92500	58481.30795
68.94000	58479.38062
68.95500	58477.06562
68.97000	58474.38519
68.98500	58471.36326
69.00000	58468.02511
69.01500	58464.39716
69.03000	58460.50660
69.04500	58456.38115
69.06000	58452.04872
69.07500	58447.53713
69.09000	58442.87382
69.10500	58438.08561
69.12000	58433.19839
69.13500	58428.23697
69.15000	58423.22483
69.16500	58418.18398
69.18000	58413.13481
69.19500	58408.09597
69.21000	58403.08433
69.22500	58398.11486
69.24000	58393.20068
69.25500	58388.35300
69.27000	58383.58120
69.28500	58378.89286
69.30000	58374.29333
69.31500	58369.78615
69.33000	58365.37350
69.34500	58361.05569
69.36000	58356.83003
69.37500	58352.68886
69.39000	58348.64957
69.40500	58344.71665
69.42000	58340.87104
69.43500	58337.10840
69.45000	58333.42378
69.46500	58329.81110
69.48000	58326.26923
69.49500	58322.79045
69.51000	58319.36955
69.52500	58316.00128
69.54000	58312.68055
69.55500	58309.40256
69.57000	58306.16260
69.58500	58302.95542
69.60000	58299.77235
69.61500	58296.62967
69.63000	58293.51251
69.64500	58290.41844
69.66000	58287.34539
69.67500	58284.29167
69.69000	58281.25589
69.70500	58278.23694
69.72000	58275.23401
69.73500	58272.24645
69.75000	58269.27385
69.76500	58266.31588
69.78000	58263.37235
69.79500	58260.44308
69.81000	58257.52793
69.82500	58254.62670
69.84000	58251.73913
69.85500	58248.86484
69.87000	58246.00333
69.88500	58243.15389
69.90000	58240.31551
69.91500	58237.48766
69.93000	58234.66927
69.94500	58231.85858
69.96000	58229.05384
69.97500	58226.25320
69.99000	58223.45427
70.00500	58220.65245
70.02000	58217.84168
70.03500	58215.02356
70.05000	58212.19435
70.06500	58209.32912
70.08000	58206.43680
70.09500	58203.60185
70.11000	58200.75424
70.12500	58197.89267
70.14000	58195.01615
70.15500	58192.12403
70.17000	58189.21602
70.18500	58186.29223
70.20000	58183.35320
70.21500	58180.39996
70.23000	58177.43403
70.24500	58174.45738
70.26000	58171.47197
70.27500	58168.48317
70.29000	58165.49348
70.30500	58162.50728
70.32000	58159.52956
70.33500	58156.56591
70.35000	58153.62253
70.36500	58150.70611
70.38000	58147.82389
70.39500	58144.98367
70.41000	58142.19327
70.42500	58139.46034
70.44000	58136.79072
70.45500	58134.20303
70.47000	58131.69868
70.48500	58129.26788
70.50000	58126.98223
70.51500	58124.81620
70.53000	58122.78035
70.54500	58120.88515
70.56000	58119.14096
70.57500	58117.55723
70.59000	58116.14304
70.60500	58114.90726
70.62000	58113.85756
70.63500	58112.99776
70.65000	58112.32084
70.66500	58111.90000
70.68000	58111.70091
70.69500	58111.73008
70.71000	58111.99333
70.72500	58112.49583
70.74000	58113.24185
70.75500	58114.23452
70.77000	58115.47651
70.78500	58116.96948
70.80000	58118.71322
70.81500	58120.70142
70.83000	58122.95221
70.84500	58125.46957
70.86000	58128.24060
70.87500	58131.26331
70.89000	58134.53480
70.90500	58138.05157
70.92000	58141.80921
70.93500	58145.80304
70.95000	58150.02467
70.96500	58154.47441
70.98000	58159.14688
70.99500	58164.02822
71.01000	58169.11726
71.02500	58174.40760
71.04000	58179.88598
71.05500	58185.54295
71.07000	58191.36847
71.08500	58197.35192
71.10000	58203.48201
71.11500	58209.74717
71.13000	58216.13508
71.14500	58222.63257
71.16000	58229.22607
71.17500	58235.90135
71.19000	58242.64361
71.20500	58249.43745
71.22000	58256.26684
71.23500	58263.11516
71.25000	58269.96520
71.26500	58276.79916
71.28000	58283.59866
71.29500	58290.34477
71.31000	58297.01797
71.32500	58303.59823
71.34000	58310.06427
71.35500	58316.39447
71.37000	58322.56667
71.38500	58328.55747
71.40000	58334.33879
71.41500	58339.88550
71.43000	58345.21522
71.44500	58350.27579
71.46000	58355.04366
71.47500	58359.49509
71.49000	58363.60618
71.50500	58367.35290
71.52000	58370.71120
71.53500	58373.65699
71.55000	58376.16622
71.56500	58378.21497
71.58000	58379.77942
71.59500	58380.83599
71.61000	58381.36136
71.62500	58381.33250
71.64000	58380.72680
71.65500	58379.52205
71.67000	58377.69656
71.68500	58375.22923
71.70000	58372.09957
71.71500	58368.28782
71.73000	58363.77500
71.74500	58358.54301
71.76000	58352.57467
71.77500	58345.85385
71.79000	58338.36552
71.80500	58330.09581
71.82000	58321.03215
71.83500	58311.16326
71.85000	58300.47926
71.86500	58288.97173
71.88000	58276.63372
71.89500	58263.45976
71.91000	58249.44596
71.92500	58234.58953
71.94000	58218.88836
71.95500	58202.34226
71.97000	58184.95184
71.98500	58166.71663
72.00000	58147.63194
72.01500	58127.73076
72.03000	58107.03053
72.04500	58085.51738
72.06000	58063.19964
72.07500	58040.08627
72.09000	58016.18669
72.10500	57991.51069
72.12000	57966.06822
72.13500	57939.86933
72.15000	57912.92399
72.16500	57885.24200
72.18000	57856.83289
72.19500	57827.70580
72.21000	57797.86938
72.22500	57767.33177
72.24000	57736.10048
72.25500	57704.18237
72.27000	57671.58361
72.28500	57638.30962
72.30000	57604.36505
72.31500	57569.75380
72.33000	57534.47898
72.34500	57498.54290
