4.00100	516.00000
4.00800	516.00000
4.01500	516.00000
4.02200	517.00000
4.02900	518.00000
4.03500	518.00000
4.04300	519.00000
4.05000	520.00000
4.05700	521.00000
4.06400	522.00000
4.07100	523.00000
4.07800	524.00000
4.08500	526.00000
4.09200	527.00000
4.09900	529.00000
4.10600	529.00000
4.11300	529.00000
4.12000	528.00000
4.12700	527.00000
4.13400	527.00000
4.14100	527.00000
4.14800	526.00000
4.15500	526.00000
4.16200	526.00000
4.16900	525.00000
4.17600	525.00000
4.18300	524.00000
4.19000	524.00000
4.19700	523.00000
4.20400	523.00000
4.21100	523.00000
4.21800	523.00000
4.22500	523.00000
4.23200	524.00000
4.23900	524.00000
4.24600	524.00000
4.25300	524.00000
4.26000	524.00000
4.26700	524.00000
4.27400	524.00000
4.28100	525.00000
4.28800	525.00000
4.29500	525.00000
4.30200	526.00000
4.30900	526.00000
4.31600	527.00000
4.32300	527.00000
4.33000	528.00000
4.33700	527.00000
4.34400	527.00000
4.35100	527.00000
4.35800	527.00000
4.36400	527.00000
4.37200	528.00000
4.37900	528.00000
4.38600	528.00000
4.39300	528.00000
4.40000	529.00000
4.40700	530.00000
4.41400	530.00000
4.42100	530.00000
4.42800	530.00000
4.43500	530.00000
4.44200	530.00000
4.44900	530.00000
4.45600	530.00000
4.46300	531.00000
4.47000	531.00000
4.47600	531.00000
4.48400	532.00000
4.49100	532.00000
4.49800	532.00000
4.50500	532.00000
4.51200	533.00000
4.51900	533.00000
4.52600	533.00000
4.53300	534.00000
4.54000	534.00000
4.54700	534.00000
4.55400	534.00000
4.56100	535.00000
4.56800	535.00000
4.57500	535.00000
4.58200	536.00000
4.58900	537.00000
4.59600	537.00000
4.60300	538.00000
4.61000	537.00000
4.61700	537.00000
4.62400	537.00000
4.63100	537.00000
4.63800	538.00000
4.64500	538.00000
4.65200	538.00000
4.65900	539.00000
4.66600	539.00000
4.67300	539.00000
4.68000	540.00000
4.68700	541.00000
4.69400	542.00000
4.70100	542.00000
4.70800	542.00000
4.71500	542.00000
4.72200	542.00000
4.72900	542.00000
4.73600	543.00000
4.74300	543.00000
4.75000	543.00000
4.75700	544.00000
4.76400	544.00000
4.77100	544.00000
4.77800	544.00000
4.78500	544.00000
4.79200	544.00000
4.79900	544.00000
4.80600	544.00000
4.81300	545.00000
4.82000	545.00000
4.82700	544.00000
4.83400	545.00000
4.84100	545.00000
4.84800	546.00000
4.85500	546.00000
4.86200	547.00000
4.86900	547.00000
4.87600	548.00000
4.88300	549.00000
4.89000	549.00000
4.89700	549.00000
4.90400	549.00000
4.91100	549.00000
4.91800	550.00000
4.92500	550.00000
4.93200	549.00000
4.93900	550.00000
4.94600	550.00000
4.95300	550.00000
4.96000	550.00000
4.96700	550.00000
4.97400	551.00000
4.98100	551.00000
4.98800	551.00000
4.99500	552.00000
5.00200	552.00000
5.00900	552.00000
5.01600	553.00000
5.02300	552.00000
5.03000	553.00000
5.03700	553.00000
5.04400	553.00000
5.05100	554.00000
5.05800	554.00000
5.06500	554.00000
5.07200	555.00000
5.07900	556.00000
5.08600	556.00000
5.09300	556.00000
5.10000	556.00000
5.10700	557.00000
5.11400	557.00000
5.12100	558.00000
5.12800	558.00000
5.13500	558.00000
5.14200	558.00000
5.14900	559.00000
5.15600	559.00000
5.16300	559.00000
5.17000	559.00000
5.17700	559.00000
5.18400	560.00000
5.19100	561.00000
5.19800	561.00000
5.20500	561.00000
5.21200	561.00000
5.21900	561.00000
5.22600	562.00000
5.23300	562.00000
5.24000	562.00000
5.24700	563.00000
5.25400	563.00000
5.26100	563.00000
5.26800	564.00000
5.27500	564.00000
5.28200	564.00000
5.28900	564.00000
5.29600	565.00000
5.30300	565.00000
5.31000	566.00000
5.31700	566.00000
5.32400	567.00000
5.33100	568.00000
5.33800	570.00000
5.34500	572.00000
5.35200	575.00000
5.35900	580.00000
5.36600	588.00000
5.37300	601.00000
5.38000	619.00000
5.38700	647.00000
5.39400	688.00000
5.40100	741.00000
5.40800	812.00000
5.41500	892.00000
5.42200	966.00000
5.42900	1015.00000
5.43600	1025.00000
5.44300	993.00000
5.45000	929.00000
5.45700	855.00000
5.46400	783.00000
5.47100	725.00000
5.47800	679.00000
5.48500	647.00000
5.49200	624.00000
5.49900	608.00000
5.50600	598.00000
5.51300	591.00000
5.52000	585.00000
5.52700	581.00000
5.53400	579.00000
5.54100	578.00000
5.54800	577.00000
5.55500	576.00000
5.56200	576.00000
5.56900	575.00000
5.57600	575.00000
5.58300	575.00000
5.59000	576.00000
5.59700	575.00000
5.60400	575.00000
5.61100	574.00000
5.61800	575.00000
5.62500	575.00000
5.63200	575.00000
5.63900	576.00000
5.64600	576.00000
5.65300	576.00000
5.66000	576.00000
5.66700	576.00000
5.67400	576.00000
5.68100	577.00000
5.68800	577.00000
5.69500	577.00000
5.70200	577.00000
5.70900	578.00000
5.71600	578.00000
5.72300	578.00000
5.73000	579.00000
5.73700	579.00000
5.74400	579.00000
5.75100	580.00000
5.75800	580.00000
5.76500	580.00000
5.77200	581.00000
5.77900	581.00000
5.78600	582.00000
5.79300	583.00000
5.80000	583.00000
5.80700	584.00000
5.81400	584.00000
5.82100	585.00000
5.82800	585.00000
5.83500	585.00000
5.84200	585.00000
5.84900	585.00000
5.85600	584.00000
5.86300	584.00000
5.87000	584.00000
5.87700	584.00000
5.88400	584.00000
5.89100	584.00000
5.89800	584.00000
5.90500	585.00000
5.91200	585.00000
5.91900	585.00000
5.92600	585.00000
5.93300	585.00000
5.94000	586.00000
5.94700	586.00000
5.95400	586.00000
5.96100	587.00000
5.96800	587.00000
5.97500	588.00000
5.98200	588.00000
5.98900	588.00000
5.99600	588.00000
6.00300	589.00000
6.01000	589.00000
6.01700	589.00000
6.02400	589.00000
6.03100	589.00000
6.03800	589.00000
6.04500	590.00000
6.05200	590.00000
6.05900	590.00000
6.06600	590.00000
6.07300	590.00000
6.08000	591.00000
6.08700	592.00000
6.09400	592.00000
6.10100	592.00000
6.10800	592.00000
6.11500	593.00000
6.12200	593.00000
6.12900	593.00000
6.13600	593.00000
6.14300	593.00000
6.15000	594.00000
6.15700	594.00000
6.16400	594.00000
6.17100	595.00000
6.17800	595.00000
6.18500	595.00000
6.19200	596.00000
6.19900	597.00000
6.20600	597.00000
6.21300	597.00000
6.22000	597.00000
6.22700	598.00000
6.23400	598.00000
6.24100	598.00000
6.24800	599.00000
6.25500	599.00000
6.26200	598.00000
6.26900	599.00000
6.27600	599.00000
6.28300	599.00000
6.29000	599.00000
6.29700	600.00000
6.30400	601.00000
6.31100	601.00000
6.31800	601.00000
6.32500	601.00000
6.33200	601.00000
6.33900	601.00000
6.34600	601.00000
6.35300	601.00000
6.36000	601.00000
6.36700	602.00000
6.37400	602.00000
6.38100	603.00000
6.38800	603.00000
6.39500	603.00000
6.40200	603.00000
6.40900	604.00000
6.41600	604.00000
6.42300	604.00000
6.43000	605.00000
6.43700	605.00000
6.44400	606.00000
6.45100	606.00000
6.45800	607.00000
6.46500	607.00000
6.47200	609.00000
6.47900	609.00000
6.48600	610.00000
6.49300	611.00000
6.50000	611.00000
6.50700	612.00000
6.51400	612.00000
6.52100	613.00000
6.52800	613.00000
6.53500	613.00000
6.54200	614.00000
6.54900	614.00000
6.55600	614.00000
6.56300	614.00000
6.57000	614.00000
6.57700	613.00000
6.58400	613.00000
6.59100	613.00000
6.59800	614.00000
6.60500	614.00000
6.61200	614.00000
6.61900	615.00000
6.62600	616.00000
6.63300	617.00000
6.64000	617.00000
6.64700	618.00000
6.65400	619.00000
6.66100	621.00000
6.66800	621.00000
6.67500	622.00000
6.68200	624.00000
6.68900	625.00000
6.69600	627.00000
6.70300	628.00000
6.71000	629.00000
6.71700	630.00000
6.72400	630.00000
6.73100	629.00000
6.73800	628.00000
6.74500	628.00000
6.75200	627.00000
6.75900	626.00000
6.76600	626.00000
6.77300	626.00000
6.78000	625.00000
6.78700	625.00000
6.79400	625.00000
6.80100	625.00000
6.80800	626.00000
6.81500	626.00000
6.82200	626.00000
6.82900	626.00000
6.83600	626.00000
6.84300	627.00000
6.85000	628.00000
6.85700	628.00000
6.86400	628.00000
6.87100	628.00000
6.87800	629.00000
6.88500	629.00000
6.89200	629.00000
6.89900	630.00000
6.90600	630.00000
6.91300	630.00000
6.92000	630.00000
6.92700	630.00000
6.93400	631.00000
6.94100	631.00000
6.94800	632.00000
6.95500	632.00000
6.96200	633.00000
6.96900	634.00000
6.97600	635.00000
6.98300	635.00000
6.99000	636.00000
6.99700	635.00000
7.00400	636.00000
7.01100	636.00000
7.01800	636.00000
7.02500	636.00000
7.03200	636.00000
7.03900	637.00000
7.04600	637.00000
7.05300	638.00000
7.06000	638.00000
7.06700	639.00000
7.07400	640.00000
7.08100	641.00000
7.08800	641.00000
7.09500	641.00000
7.10200	641.00000
7.10900	642.00000
7.11600	643.00000
7.12300	644.00000
7.13000	644.00000
7.13700	644.00000
7.14400	644.00000
7.15100	644.00000
7.15800	645.00000
7.16500	645.00000
7.17200	646.00000
7.17900	647.00000
7.18600	648.00000
7.19300	649.00000
7.20000	649.00000
7.20700	649.00000
7.21400	649.00000
7.22100	649.00000
7.22800	649.00000
7.23500	649.00000
7.24200	649.00000
7.24900	649.00000
7.25600	649.00000
7.26300	650.00000
7.27000	650.00000
7.27700	651.00000
7.28400	652.00000
7.29100	652.00000
7.29800	652.00000
7.30500	653.00000
7.31200	654.00000
7.31900	654.00000
7.32600	654.00000
7.33300	654.00000
7.34000	655.00000
7.34700	655.00000
7.35400	656.00000
7.36100	656.00000
7.36800	656.00000
7.37500	657.00000
7.38200	658.00000
7.38900	658.00000
7.39600	659.00000
7.40300	659.00000
7.41000	660.00000
7.41700	661.00000
7.42400	661.00000
7.43100	661.00000
7.43800	662.00000
7.44500	662.00000
7.45200	662.00000
7.45900	662.00000
7.46600	662.00000
7.47300	662.00000
7.48000	663.00000
7.48700	663.00000
7.49400	663.00000
7.50100	663.00000
7.50800	664.00000
7.51500	665.00000
7.52200	665.00000
7.52900	665.00000
7.53600	665.00000
7.54300	665.00000
7.55000	666.00000
7.55700	667.00000
7.56400	667.00000
7.57100	667.00000
7.57800	667.00000
7.58500	668.00000
7.59200	668.00000
7.59900	669.00000
7.60600	670.00000
7.61300	670.00000
7.62000	669.00000
7.62700	669.00000
7.63400	670.00000
7.64100	670.00000
7.64800	671.00000
7.65500	672.00000
7.66200	672.00000
7.66900	672.00000
7.67600	672.00000
7.68300	672.00000
7.69000	673.00000
7.69700	674.00000
7.70400	674.00000
7.71100	674.00000
7.71800	674.00000
7.72500	674.00000
7.73200	674.00000
7.73900	674.00000
7.74600	674.00000
7.75300	675.00000
7.76000	676.00000
7.76700	676.00000
7.77400	676.00000
7.78100	677.00000
7.78800	677.00000
7.79500	677.00000
7.80200	677.00000
7.80900	678.00000
7.81600	678.00000
7.82300	678.00000
7.83000	679.00000
7.83700	679.00000
7.84400	680.00000
7.85100	681.00000
7.85800	681.00000
7.86500	681.00000
7.87200	682.00000
7.87900	682.00000
7.88600	682.00000
7.89300	683.00000
7.90000	684.00000
7.90700	684.00000
7.91400	684.00000
7.92100	684.00000
7.92800	685.00000
7.93500	685.00000
7.94200	685.00000
7.94900	686.00000
7.95600	686.00000
7.96300	686.00000
7.97000	686.00000
7.97700	687.00000
7.98400	687.00000
7.99100	688.00000
7.99800	689.00000
8.00500	689.00000
8.01200	690.00000
8.01900	690.00000
8.02600	691.00000
8.03300	692.00000
8.04000	692.00000
8.04700	692.00000
8.05400	692.00000
8.06100	692.00000
8.06800	693.00000
8.07500	694.00000
8.08200	695.00000
8.08800	695.00000
8.09600	695.00000
8.10300	695.00000
8.11000	696.00000
8.11700	696.00000
8.12400	697.00000
8.13100	697.00000
8.13800	698.00000
8.14500	699.00000
8.15200	700.00000
8.15900	701.00000
8.16600	702.00000
8.17300	703.00000
8.18000	703.00000
8.18700	704.00000
8.19400	704.00000
8.20100	705.00000
8.20800	705.00000
8.21500	706.00000
8.22200	706.00000
8.22900	707.00000
8.23600	708.00000
8.24300	708.00000
8.25000	710.00000
8.25700	710.00000
8.26400	710.00000
8.27100	711.00000
8.27800	712.00000
8.28500	713.00000
8.29200	713.00000
8.29900	714.00000
8.30600	715.00000
8.31300	717.00000
8.32000	718.00000
8.32700	719.00000
8.33400	720.00000
8.34100	721.00000
8.34800	722.00000
8.35500	723.00000
8.36200	724.00000
8.36900	725.00000
8.37600	726.00000
8.38300	727.00000
8.39000	729.00000
8.39700	731.00000
8.40400	731.00000
8.41100	732.00000
8.41800	734.00000
8.42500	736.00000
8.43200	737.00000
8.43900	739.00000
8.44600	741.00000
8.45300	742.00000
8.46000	744.00000
8.46700	747.00000
8.47400	749.00000
8.48100	751.00000
8.48800	754.00000
8.49500	757.00000
8.50200	760.00000
8.50900	764.00000
8.51600	767.00000
8.52300	771.00000
8.53000	776.00000
8.53700	781.00000
8.54400	788.00000
8.55100	797.00000
8.55800	808.00000
8.56500	824.00000
8.57200	848.00000
8.57900	889.00000
8.58600	947.00000
8.59300	1050.00000
8.60000	1196.00000
8.60700	1416.00000
8.61400	1724.00000
8.62100	2198.00000
8.62800	2811.00000
8.63500	3637.00000
8.64200	4620.00000
8.64900	5829.00000
8.65600	6862.00000
8.66300	7923.00000
8.67000	8619.00000
8.67700	8833.00000
8.68400	8483.00000
8.69100	7895.00000
8.69800	6946.00000
8.70500	5823.00000
8.71200	4678.00000
8.71900	3643.00000
8.72600	2829.00000
8.73300	2228.00000
8.73900	1803.00000
8.74700	1500.00000
8.75400	1296.00000
8.76100	1151.00000
8.76800	1052.00000
8.77500	984.00000
8.78200	935.00000
8.78900	902.00000
8.79600	879.00000
8.80300	864.00000
8.81000	856.00000
8.81700	856.00000
8.82400	865.00000
8.83100	886.00000
8.83800	924.00000
8.84500	984.00000
8.85200	1072.00000
8.85900	1191.00000
8.86600	1342.00000
8.87300	1507.00000
8.88000	1657.00000
8.88700	1746.00000
8.89400	1748.00000
8.90100	1664.00000
8.90800	1520.00000
8.91500	1359.00000
8.92200	1207.00000
8.92900	1085.00000
8.93600	991.00000
8.94300	926.00000
8.95000	879.00000
8.95700	846.00000
8.96400	823.00000
8.97100	807.00000
8.97800	796.00000
8.98500	787.00000
8.99200	781.00000
8.99900	776.00000
9.00600	773.00000
9.01300	770.00000
9.02000	768.00000
9.02700	767.00000
9.03400	765.00000
9.04100	764.00000
9.04800	763.00000
9.05500	762.00000
9.06200	761.00000
9.06900	761.00000
9.07600	759.00000
9.08300	759.00000
9.09000	758.00000
9.09700	757.00000
9.10400	757.00000
9.11100	756.00000
9.11800	755.00000
9.12500	755.00000
9.13200	754.00000
9.13900	753.00000
9.14600	752.00000
9.15300	752.00000
9.16000	751.00000
9.16700	750.00000
9.17400	750.00000
9.18100	750.00000
9.18800	749.00000
9.19500	749.00000
9.20200	749.00000
9.20900	748.00000
9.21600	748.00000
9.22300	747.00000
9.23000	746.00000
9.23700	746.00000
9.24400	746.00000
9.25100	745.00000
9.25800	746.00000
9.26500	746.00000
9.27200	746.00000
9.27900	746.00000
9.28600	746.00000
9.29300	746.00000
9.30000	746.00000
9.30700	745.00000
9.31400	744.00000
9.32100	744.00000
9.32800	744.00000
9.33500	744.00000
9.34200	743.00000
9.34900	742.00000
9.35600	742.00000
9.36300	742.00000
9.37000	741.00000
9.37700	740.00000
9.38400	741.00000
9.39100	741.00000
9.39800	740.00000
9.40500	740.00000
9.41200	739.00000
9.41900	740.00000
9.42600	740.00000
9.43300	740.00000
9.44000	740.00000
9.44700	739.00000
9.45400	740.00000
9.46100	740.00000
9.46800	740.00000
9.47500	741.00000
9.48200	741.00000
9.48900	741.00000
9.49600	741.00000
9.50300	741.00000
9.51000	741.00000
9.51700	741.00000
9.52400	741.00000
9.53100	741.00000
9.53800	740.00000
9.54500	740.00000
9.55200	740.00000
9.55900	740.00000
9.56600	740.00000
9.57300	739.00000
9.58000	739.00000
9.58700	739.00000
9.59400	739.00000
9.60100	738.00000
9.60800	738.00000
9.61500	738.00000
9.62200	739.00000
9.62900	739.00000
9.63600	739.00000
9.64300	739.00000
9.65000	739.00000
9.65700	739.00000
9.66400	739.00000
9.67100	739.00000
9.67800	740.00000
9.68500	739.00000
9.69200	739.00000
9.69900	739.00000
9.70600	739.00000
9.71300	740.00000
9.72000	740.00000
9.72700	739.00000
9.73400	739.00000
9.74100	739.00000
9.74800	739.00000
9.75500	739.00000
9.76200	739.00000
9.76900	740.00000
9.77600	739.00000
9.78300	739.00000
9.79000	739.00000
9.79700	739.00000
9.80400	739.00000
9.81100	740.00000
9.81800	740.00000
9.82500	740.00000
9.83200	739.00000
9.83900	740.00000
9.84600	740.00000
9.85300	739.00000
9.86000	739.00000
9.86700	740.00000
9.87400	740.00000
9.88100	740.00000
9.88800	739.00000
9.89500	739.00000
9.90200	739.00000
9.90900	740.00000
9.91600	741.00000
9.92300	741.00000
9.93000	740.00000
9.93700	740.00000
9.94400	741.00000
9.95100	741.00000
9.95800	741.00000
9.96500	741.00000
9.97200	742.00000
9.97900	742.00000
9.98600	742.00000
9.99300	742.00000
10.00000	742.00000
10.00700	742.00000
10.01400	742.00000
10.02100	743.00000
10.02800	743.00000
10.03500	743.00000
10.04200	743.00000
10.04900	743.00000
10.05600	743.00000
10.06300	743.00000
10.07000	744.00000
10.07700	744.00000
10.08400	744.00000
10.09100	744.00000
10.09800	744.00000
10.10500	744.00000
10.11200	745.00000
10.11900	745.00000
10.12600	745.00000
10.13300	745.00000
10.14000	746.00000
10.14700	746.00000
10.15400	747.00000
10.16100	747.00000
10.16800	748.00000
10.17500	748.00000
10.18200	748.00000
10.18800	748.00000
10.19500	749.00000
10.20300	748.00000
10.21000	748.00000
10.21700	748.00000
10.22400	748.00000
10.23000	749.00000
10.23800	749.00000
10.24500	749.00000
10.25200	749.00000
10.25900	750.00000
10.26600	750.00000
10.27300	750.00000
10.28000	751.00000
10.28700	751.00000
10.29400	751.00000
10.30100	751.00000
10.30800	752.00000
10.31500	753.00000
10.32200	754.00000
10.32900	755.00000
10.33600	756.00000
10.34300	757.00000
10.35000	758.00000
10.35700	759.00000
10.36400	760.00000
10.37100	760.00000
10.37800	761.00000
10.38500	762.00000
10.39200	763.00000
10.39900	765.00000
10.40600	768.00000
10.41300	770.00000
10.41900	772.00000
10.42700	773.00000
10.43400	773.00000
10.44100	772.00000
10.44800	770.00000
10.45400	768.00000
10.46100	766.00000
10.46900	764.00000
10.47600	763.00000
10.48300	762.00000
10.49000	761.00000
10.49700	761.00000
10.50400	762.00000
10.51100	763.00000
10.51800	765.00000
10.52500	767.00000
10.53200	771.00000
10.53900	778.00000
10.54600	787.00000
10.55300	801.00000
10.56000	821.00000
10.56700	850.00000
10.57400	893.00000
10.58100	946.00000
10.58800	1006.00000
10.59500	1077.00000
10.60200	1157.00000
10.60800	1245.00000
10.61600	1341.00000
10.62300	1433.00000
10.63000	1494.00000
10.63700	1518.00000
10.64400	1501.00000
10.65000	1435.00000
10.65800	1355.00000
10.66500	1274.00000
10.67200	1179.00000
10.67900	1092.00000
10.68600	1022.00000
10.69300	959.00000
10.70000	903.00000
10.70700	867.00000
10.71400	840.00000
10.72100	818.00000
10.72800	804.00000
10.73500	795.00000
10.74200	789.00000
10.74900	784.00000
10.75600	781.00000
10.76300	778.00000
10.77000	777.00000
10.77700	776.00000
10.78400	775.00000
10.79100	774.00000
10.79800	773.00000
10.80500	773.00000
10.81200	773.00000
10.81900	773.00000
10.82600	774.00000
10.83300	775.00000
10.83900	776.00000
10.84700	779.00000
10.85400	782.00000
10.86100	788.00000
10.86800	795.00000
10.87400	803.00000
10.88200	810.00000
10.88900	817.00000
10.89600	820.00000
10.90300	820.00000
10.91000	815.00000
10.91700	808.00000
10.92400	801.00000
10.93100	794.00000
10.93800	789.00000
10.94500	785.00000
10.95200	782.00000
10.95900	781.00000
10.96600	779.00000
10.97300	778.00000
10.98000	777.00000
10.98700	777.00000
10.99400	777.00000
11.00100	777.00000
11.00800	777.00000
11.01500	777.00000
11.02200	777.00000
11.02900	777.00000
11.03600	778.00000
11.04300	778.00000
11.05000	779.00000
11.05700	779.00000
11.06300	779.00000
11.07000	780.00000
11.07800	780.00000
11.08500	781.00000
11.09200	782.00000
11.09900	783.00000
11.10500	783.00000
11.11300	785.00000
11.12000	786.00000
11.12700	787.00000
11.13400	788.00000
11.14100	790.00000
11.14800	791.00000
11.15500	793.00000
11.16200	795.00000
11.16900	797.00000
11.17600	801.00000
11.18300	804.00000
11.19000	809.00000
11.19700	815.00000
11.20400	822.00000
11.21100	832.00000
11.21800	846.00000
11.22500	867.00000
11.23200	897.00000
11.23900	946.00000
11.24600	1023.00000
11.25300	1149.00000
11.26000	1354.00000
11.26700	1629.00000
11.27400	1983.00000
11.28100	2425.00000
11.28800	2894.00000
11.29400	3309.00000
11.30200	3583.00000
11.30900	3632.00000
11.31600	3456.00000
11.32300	3103.00000
11.32900	2652.00000
11.33700	2190.00000
11.34400	1802.00000
11.35100	1502.00000
11.35800	1285.00000
11.36500	1145.00000
11.37200	1046.00000
11.37900	978.00000
11.38600	929.00000
11.39300	893.00000
11.40000	868.00000
11.40700	850.00000
11.41400	836.00000
11.42100	825.00000
11.42800	817.00000
11.43500	811.00000
11.44200	806.00000
11.44900	802.00000
11.45600	799.00000
11.46300	797.00000
11.47000	795.00000
11.47700	794.00000
11.48300	793.00000
11.49100	792.00000
11.49800	791.00000
11.50500	790.00000
11.51200	789.00000
11.51900	788.00000
11.52500	788.00000
11.53300	788.00000
11.54000	788.00000
11.54700	788.00000
11.55400	787.00000
11.56100	787.00000
11.56800	787.00000
11.57500	786.00000
11.58200	787.00000
11.58900	787.00000
11.59600	787.00000
11.60300	786.00000
11.61000	786.00000
11.61700	785.00000
11.62400	785.00000
11.63100	786.00000
11.63800	786.00000
11.64500	787.00000
11.65200	787.00000
11.65900	787.00000
11.66600	786.00000
11.67300	786.00000
11.68000	786.00000
11.68700	786.00000
11.69400	785.00000
11.70100	785.00000
11.70800	784.00000
11.71400	783.00000
11.72200	783.00000
11.72900	783.00000
11.73600	783.00000
11.74300	783.00000
11.74900	783.00000
11.75700	783.00000
11.76400	782.00000
11.77100	782.00000
11.77800	782.00000
11.78500	782.00000
11.79200	782.00000
11.79900	782.00000
11.80600	781.00000
11.81300	780.00000
11.82000	781.00000
11.82700	781.00000
11.83400	781.00000
11.84100	781.00000
11.84800	781.00000
11.85500	780.00000
11.86200	780.00000
11.86900	780.00000
11.87600	779.00000
11.88300	779.00000
11.89000	780.00000
11.89700	780.00000
11.90400	779.00000
11.91100	779.00000
11.91800	779.00000
11.92500	779.00000
11.93200	779.00000
11.93800	779.00000
11.94500	779.00000
11.95300	779.00000
11.96000	779.00000
11.96700	779.00000
11.97400	779.00000
11.98100	779.00000
11.98800	778.00000
11.99500	778.00000
12.00200	778.00000
12.00900	778.00000
12.01600	778.00000
12.02300	778.00000
12.03000	778.00000
12.03700	778.00000
12.04400	778.00000
12.05100	778.00000
12.05800	778.00000
12.06500	777.00000
12.07200	778.00000
12.07900	778.00000
12.08600	778.00000
12.09300	778.00000
12.10000	778.00000
12.10700	778.00000
12.11400	778.00000
12.12100	779.00000
12.12800	779.00000
12.13500	779.00000
12.14200	779.00000
12.14900	780.00000
12.15600	780.00000
12.16300	781.00000
12.16900	781.00000
12.17700	781.00000
12.18400	782.00000
12.19100	785.00000
12.19800	788.00000
12.20500	792.00000
12.21200	798.00000
12.21900	806.00000
12.22600	817.00000
12.23300	831.00000
12.24000	852.00000
12.24700	872.00000
12.25400	898.00000
12.26100	920.00000
12.26800	942.00000
12.27500	955.00000
12.28200	959.00000
12.28900	955.00000
12.29600	941.00000
12.30300	922.00000
12.31000	899.00000
12.31700	879.00000
12.32400	858.00000
12.33100	840.00000
12.33800	825.00000
12.34500	814.00000
12.35200	804.00000
12.35800	797.00000
12.36600	791.00000
12.37300	787.00000
12.38000	783.00000
12.38700	781.00000
12.39400	780.00000
12.40000	779.00000
12.40800	778.00000
12.41500	777.00000
12.42200	777.00000
12.42900	776.00000
12.43600	776.00000
12.44300	775.00000
12.45000	775.00000
12.45700	775.00000
12.46400	776.00000
12.47100	776.00000
12.47800	776.00000
12.48500	775.00000
12.49200	775.00000
12.49900	775.00000
12.50600	774.00000
12.51300	774.00000
12.52000	774.00000
12.52700	774.00000
12.53400	775.00000
12.54100	776.00000
12.54800	778.00000
12.55500	779.00000
12.56200	781.00000
12.56900	784.00000
12.57600	786.00000
12.58300	788.00000
12.58900	788.00000
12.59700	787.00000
12.60400	786.00000
12.61100	784.00000
12.61800	781.00000
12.62400	780.00000
12.63200	778.00000
12.63900	777.00000
12.64600	777.00000
12.65300	777.00000
12.66000	776.00000
12.66700	776.00000
12.67400	776.00000
12.68100	776.00000
12.68800	776.00000
12.69500	776.00000
12.70200	776.00000
12.70900	775.00000
12.71600	775.00000
12.72300	775.00000
12.73000	775.00000
12.73700	775.00000
12.74400	775.00000
12.75100	775.00000
12.75800	775.00000
12.76500	776.00000
12.77200	776.00000
12.77900	777.00000
12.78600	777.00000
12.79300	778.00000
12.80000	778.00000
12.80700	778.00000
12.81300	778.00000
12.82000	778.00000
12.82800	778.00000
12.83500	778.00000
12.84200	778.00000
12.84900	778.00000
12.85600	778.00000
12.86300	778.00000
12.87000	777.00000
12.87700	777.00000
12.88400	777.00000
12.89100	778.00000
12.89800	778.00000
12.90500	778.00000
12.91200	778.00000
12.91900	778.00000
12.92600	778.00000
12.93300	778.00000
12.94000	778.00000
12.94700	778.00000
12.95400	779.00000
12.96100	779.00000
12.96800	779.00000
12.97500	780.00000
12.98200	780.00000
12.98900	781.00000
12.99600	781.00000
13.00300	781.00000
13.01000	781.00000
13.01700	781.00000
13.02400	782.00000
13.03100	782.00000
13.03800	783.00000
13.04400	783.00000
13.05200	785.00000
13.05900	786.00000
13.06600	786.00000
13.07300	787.00000
13.08000	787.00000
13.08700	788.00000
13.09400	788.00000
13.10100	788.00000
13.10800	789.00000
13.11500	790.00000
13.12200	790.00000
13.12900	790.00000
13.13600	791.00000
13.14300	792.00000
13.15000	792.00000
13.15700	792.00000
13.16400	792.00000
13.17100	791.00000
13.17800	791.00000
13.18500	790.00000
13.19200	790.00000
13.19900	790.00000
13.20600	789.00000
13.21300	789.00000
13.22000	789.00000
13.22700	789.00000
13.23300	788.00000
13.24100	788.00000
13.24800	788.00000
13.25500	788.00000
13.26200	788.00000
13.26900	787.00000
13.27600	787.00000
13.28300	787.00000
13.29000	787.00000
13.29700	787.00000
13.30400	787.00000
13.31100	787.00000
13.31800	787.00000
13.32500	787.00000
13.33200	787.00000
13.33900	786.00000
13.34600	786.00000
13.35300	787.00000
13.36000	787.00000
13.36700	787.00000
13.37400	787.00000
13.38100	787.00000
13.38800	787.00000
13.39500	788.00000
13.40200	788.00000
13.40900	788.00000
13.41600	787.00000
13.42300	787.00000
13.43000	788.00000
13.43700	789.00000
13.44400	790.00000
13.45100	791.00000
13.45800	792.00000
13.46400	792.00000
13.47200	792.00000
13.47900	792.00000
13.48600	792.00000
13.49300	792.00000
13.50000	791.00000
13.50700	790.00000
13.51400	790.00000
13.52100	789.00000
13.52800	789.00000
13.53500	789.00000
13.54200	790.00000
13.54900	790.00000
13.55600	791.00000
13.56300	791.00000
13.57000	791.00000
13.57700	791.00000
13.58400	791.00000
13.59100	791.00000
13.59800	791.00000
13.60500	791.00000
13.61200	792.00000
13.61900	792.00000
13.62600	793.00000
13.63300	793.00000
13.64000	794.00000
13.64700	795.00000
13.65400	798.00000
13.66100	801.00000
13.66800	806.00000
13.67500	814.00000
13.68200	825.00000
13.68800	839.00000
13.69500	859.00000
13.70300	881.00000
13.71000	905.00000
13.71700	924.00000
13.72400	936.00000
13.73100	936.00000
13.73800	925.00000
13.74500	907.00000
13.75200	885.00000
13.75900	864.00000
13.76600	846.00000
13.77300	832.00000
13.78000	821.00000
13.78700	814.00000
13.79400	808.00000
13.80100	805.00000
13.80800	802.00000
13.81500	800.00000
13.82200	799.00000
13.82900	799.00000
13.83600	798.00000
13.84300	798.00000
13.85000	798.00000
13.85700	797.00000
13.86400	798.00000
13.87100	797.00000
13.87800	798.00000
13.88500	798.00000
13.89200	798.00000
13.89900	798.00000
13.90600	798.00000
13.91300	798.00000
13.91900	797.00000
13.92700	797.00000
13.93400	797.00000
13.94100	797.00000
13.94800	797.00000
13.95500	797.00000
13.96200	797.00000
13.96900	797.00000
13.97600	797.00000
13.98300	797.00000
13.99000	797.00000
13.99700	797.00000
14.00400	797.00000
14.01100	797.00000
14.01800	797.00000
14.02500	798.00000
14.03200	798.00000
14.03900	798.00000
14.04600	799.00000
14.05300	799.00000
14.06000	800.00000
14.06700	800.00000
14.07400	800.00000
14.08100	800.00000
14.08800	801.00000
14.09500	801.00000
14.10200	802.00000
14.10800	803.00000
14.11600	803.00000
14.12300	803.00000
14.13000	803.00000
14.13700	803.00000
14.14400	803.00000
14.15100	804.00000
14.15800	805.00000
14.16500	805.00000
14.17200	805.00000
14.17900	805.00000
14.18600	805.00000
14.19300	805.00000
14.20000	805.00000
14.20700	805.00000
14.21400	806.00000
14.22100	806.00000
14.22800	807.00000
14.23500	807.00000
14.24200	807.00000
14.24900	807.00000
14.25600	807.00000
14.26300	807.00000
14.27000	807.00000
14.27700	807.00000
14.28400	807.00000
14.29100	807.00000
14.29800	807.00000
14.30500	807.00000
14.31200	808.00000
14.31900	807.00000
14.32600	808.00000
14.33300	808.00000
14.33900	808.00000
14.34700	808.00000
14.35400	809.00000
14.36100	809.00000
14.36800	810.00000
14.37500	810.00000
14.38200	810.00000
14.38900	811.00000
14.39600	812.00000
14.40300	812.00000
14.41000	812.00000
14.41700	812.00000
14.42400	813.00000
14.43100	813.00000
14.43800	813.00000
14.44500	814.00000
14.45200	814.00000
14.45900	814.00000
14.46600	813.00000
14.47300	813.00000
14.48000	813.00000
14.48700	813.00000
14.49400	813.00000
14.50100	813.00000
14.50800	813.00000
14.51500	813.00000
14.52200	813.00000
14.52900	813.00000
14.53600	813.00000
14.54300	814.00000
14.55000	814.00000
14.55700	815.00000
14.56300	815.00000
14.57100	815.00000
14.57800	816.00000
14.58500	816.00000
14.59200	817.00000
14.59900	817.00000
14.60600	818.00000
14.61300	818.00000
14.62000	817.00000
14.62700	817.00000
14.63400	817.00000
14.64100	817.00000
14.64800	817.00000
14.65500	816.00000
14.66200	816.00000
14.66900	816.00000
14.67600	816.00000
14.68300	816.00000
14.69000	816.00000
14.69700	817.00000
14.70400	817.00000
14.71100	817.00000
14.71800	817.00000
14.72500	817.00000
14.73200	818.00000
14.73900	818.00000
14.74600	818.00000
14.75300	818.00000
14.76000	819.00000
14.76700	819.00000
14.77400	820.00000
14.78100	820.00000
14.78800	820.00000
14.79500	821.00000
14.80200	821.00000
14.80900	822.00000
14.81600	822.00000
14.82300	822.00000
14.83000	822.00000
14.83700	822.00000
14.84400	823.00000
14.85100	823.00000
14.85800	824.00000
14.86500	825.00000
14.87200	826.00000
14.87900	827.00000
14.88600	828.00000
14.89300	828.00000
14.90000	829.00000
14.90700	831.00000
14.91400	832.00000
14.92100	834.00000
14.92800	837.00000
14.93500	840.00000
14.94200	844.00000
14.94900	849.00000
14.95600	858.00000
14.96300	870.00000
14.97000	886.00000
14.97700	909.00000
14.98300	940.00000
14.99100	981.00000
14.99800	1039.00000
15.00500	1119.00000
15.01200	1215.00000
15.01900	1310.00000
15.02600	1412.00000
15.03300	1517.00000
15.04000	1632.00000
15.04700	1756.00000
15.05400	1858.00000
15.06100	1925.00000
15.06800	1939.00000
15.07500	1880.00000
15.08200	1780.00000
15.08900	1661.00000
15.09600	1539.00000
15.10300	1416.00000
15.11000	1313.00000
15.11700	1227.00000
15.12400	1155.00000
15.13100	1089.00000
15.13800	1036.00000
15.14500	991.00000
15.15200	953.00000
15.15900	923.00000
15.16600	899.00000
15.17300	882.00000
15.18000	868.00000
15.18700	858.00000
15.19400	851.00000
15.20100	846.00000
15.20800	842.00000
15.21400	839.00000
15.22200	837.00000
15.22900	836.00000
15.23600	835.00000
15.24300	834.00000
15.25000	833.00000
15.25700	832.00000
15.26400	831.00000
15.27100	830.00000
15.27800	829.00000
15.28500	829.00000
15.29200	829.00000
15.29900	828.00000
15.30600	827.00000
15.31300	826.00000
15.32000	826.00000
15.32700	826.00000
15.33400	826.00000
15.34100	826.00000
15.34800	826.00000
15.35500	826.00000
15.36200	826.00000
15.36900	826.00000
15.37600	827.00000
15.38300	829.00000
15.39000	831.00000
15.39700	835.00000
15.40400	840.00000
15.41100	846.00000
15.41800	853.00000
15.42500	860.00000
15.43200	865.00000
15.43900	868.00000
15.44600	867.00000
15.45300	863.00000
15.46000	857.00000
15.46700	850.00000
15.47400	843.00000
15.48100	838.00000
15.48800	833.00000
15.49500	831.00000
15.50200	829.00000
15.50900	827.00000
15.51600	825.00000
15.52300	824.00000
15.53000	824.00000
15.53700	824.00000
15.54400	824.00000
15.55100	824.00000
15.55800	823.00000
15.56500	822.00000
15.57200	822.00000
15.57900	822.00000
15.58600	822.00000
15.59300	822.00000
15.60000	822.00000
15.60700	822.00000
15.61400	822.00000
15.62100	822.00000
15.62800	822.00000
15.63500	822.00000
15.64200	822.00000
15.64900	822.00000
15.65600	822.00000
15.66300	822.00000
15.67000	823.00000
15.67700	822.00000
15.68400	822.00000
15.69100	822.00000
15.69800	822.00000
15.70500	822.00000
15.71200	823.00000
15.71900	823.00000
15.72600	823.00000
15.73300	822.00000
15.74000	822.00000
15.74700	822.00000
15.75400	822.00000
15.76100	822.00000
15.76800	822.00000
15.77500	822.00000
15.78200	822.00000
15.78900	822.00000
15.79600	822.00000
15.80300	822.00000
15.81000	823.00000
15.81700	823.00000
15.82400	823.00000
15.83100	823.00000
15.83800	823.00000
15.84500	823.00000
15.85200	823.00000
15.85800	823.00000
15.86600	823.00000
15.87300	824.00000
15.88000	824.00000
15.88700	823.00000
15.89400	824.00000
15.90100	824.00000
15.90800	824.00000
15.91500	823.00000
15.92200	823.00000
15.92900	824.00000
15.93600	824.00000
15.94300	823.00000
15.95000	824.00000
15.95700	824.00000
15.96400	825.00000
15.97100	825.00000
15.97800	825.00000
15.98500	825.00000
15.99200	825.00000
15.99900	825.00000
16.00600	825.00000
16.01300	825.00000
16.02000	825.00000
16.02700	825.00000
16.03400	825.00000
16.04100	825.00000
16.04800	825.00000
16.05500	825.00000
16.06200	826.00000
16.06900	826.00000
16.07600	826.00000
16.08300	826.00000
16.09000	826.00000
16.09600	826.00000
16.10400	826.00000
16.11000	826.00000
16.11800	826.00000
16.12500	827.00000
16.13100	827.00000
16.13900	827.00000
16.14500	827.00000
16.15300	827.00000
16.16000	826.00000
16.16600	826.00000
16.17400	826.00000
16.18000	826.00000
16.18800	826.00000
16.19500	826.00000
16.20200	826.00000
16.20900	826.00000
16.21600	826.00000
16.22300	826.00000
16.23000	826.00000
16.23700	826.00000
16.24400	826.00000
16.25100	826.00000
16.25800	826.00000
16.26500	827.00000
16.27200	827.00000
16.27900	828.00000
16.28600	828.00000
16.29300	828.00000
16.30000	828.00000
16.30700	828.00000
16.31400	828.00000
16.32100	829.00000
16.32800	829.00000
16.33500	830.00000
16.34200	830.00000
16.34900	831.00000
16.35600	833.00000
16.36300	834.00000
16.37000	835.00000
16.37700	836.00000
16.38400	837.00000
16.39100	836.00000
16.39800	836.00000
16.40500	835.00000
16.41200	834.00000
16.41900	833.00000
16.42600	832.00000
16.43300	831.00000
16.44000	831.00000
16.44700	831.00000
16.45400	831.00000
16.46100	831.00000
16.46800	831.00000
16.47500	830.00000
16.48200	830.00000
16.48900	830.00000
16.49600	830.00000
16.50300	830.00000
16.51000	830.00000
16.51700	830.00000
16.52300	830.00000
16.53100	830.00000
16.53800	831.00000
16.54400	830.00000
16.55200	831.00000
16.55800	832.00000
16.56600	832.00000
16.57300	832.00000
16.57900	832.00000
16.58700	831.00000
16.59300	831.00000
16.60100	832.00000
16.60800	832.00000
16.61500	832.00000
16.62200	833.00000
16.62900	833.00000
16.63600	833.00000
16.64300	834.00000
16.65000	834.00000
16.65700	834.00000
16.66400	834.00000
16.67100	834.00000
16.67800	834.00000
16.68500	834.00000
16.69200	834.00000
16.69900	834.00000
16.70600	834.00000
16.71300	835.00000
16.72000	835.00000
16.72700	836.00000
16.73400	836.00000
16.74100	836.00000
16.74800	836.00000
16.75500	836.00000
16.76200	836.00000
16.76900	836.00000
16.77600	836.00000
16.78300	836.00000
16.79000	836.00000
16.79700	836.00000
16.80400	836.00000
16.81100	837.00000
16.81800	837.00000
16.82500	838.00000
16.83200	838.00000
16.83900	838.00000
16.84600	838.00000
16.85300	838.00000
16.86000	838.00000
16.86700	838.00000
16.87400	838.00000
16.88100	839.00000
16.88800	839.00000
16.89500	839.00000
16.90200	840.00000
16.90900	840.00000
16.91600	841.00000
16.92300	841.00000
16.93000	841.00000
16.93700	841.00000
16.94400	841.00000
16.95100	841.00000
16.95800	842.00000
16.96500	841.00000
16.97100	842.00000
16.97900	843.00000
16.98500	844.00000
16.99300	844.00000
17.00000	844.00000
17.00600	844.00000
17.01400	844.00000
17.02000	844.00000
17.02800	845.00000
17.03500	846.00000
17.04100	846.00000
17.04900	847.00000
17.05600	847.00000
17.06300	847.00000
17.07000	847.00000
17.07700	848.00000
17.08400	848.00000
17.09100	849.00000
17.09800	849.00000
17.10500	849.00000
17.11200	850.00000
17.11900	850.00000
17.12600	850.00000
17.13300	851.00000
17.14000	852.00000
17.14700	852.00000
17.15400	852.00000
17.16100	853.00000
17.16800	853.00000
17.17500	854.00000
17.18200	854.00000
17.18900	855.00000
17.19600	855.00000
17.20300	856.00000
17.21000	857.00000
17.21700	857.00000
17.22400	858.00000
17.23100	859.00000
17.23800	860.00000
17.24500	861.00000
17.25200	863.00000
17.25900	864.00000
17.26600	865.00000
17.27300	867.00000
17.28000	870.00000
17.28700	873.00000
17.29400	877.00000
17.30100	884.00000
17.30800	893.00000
17.31500	905.00000
17.32200	920.00000
17.32900	941.00000
17.33600	967.00000
17.34300	1002.00000
17.35000	1042.00000
17.35700	1087.00000
17.36400	1125.00000
17.37100	1168.00000
17.37800	1213.00000
17.38500	1268.00000
17.39200	1322.00000
17.39800	1375.00000
17.40600	1411.00000
17.41300	1410.00000
17.41900	1400.00000
17.42700	1363.00000
17.43300	1305.00000
17.44100	1232.00000
17.44800	1169.00000
17.45400	1120.00000
17.46200	1077.00000
17.46800	1042.00000
17.47600	1012.00000
17.48300	985.00000
17.49000	963.00000
17.49700	942.00000
17.50400	926.00000
17.51100	912.00000
17.51800	902.00000
17.52500	894.00000
17.53200	888.00000
17.53900	883.00000
17.54600	880.00000
17.55300	877.00000
17.56000	876.00000
17.56700	874.00000
17.57400	873.00000
17.58100	872.00000
17.58800	871.00000
17.59500	870.00000
17.60200	870.00000
17.60900	870.00000
17.61600	870.00000
17.62300	870.00000
17.63000	869.00000
17.63700	868.00000
17.64400	868.00000
17.65100	868.00000
17.65800	868.00000
17.66500	868.00000
17.67200	867.00000
17.67900	867.00000
17.68600	867.00000
17.69300	867.00000
17.70000	866.00000
17.70700	866.00000
17.71400	866.00000
17.72100	866.00000
17.72800	865.00000
17.73500	865.00000
17.74200	865.00000
17.74900	865.00000
17.75600	866.00000
17.76300	866.00000
17.77000	866.00000
17.77700	867.00000
17.78400	867.00000
17.79100	868.00000
17.79800	869.00000
17.80500	870.00000
17.81200	872.00000
17.81900	874.00000
17.82600	877.00000
17.83300	879.00000
17.84000	881.00000
17.84600	881.00000
17.85400	881.00000
17.86000	880.00000
17.86800	878.00000
17.87500	876.00000
17.88100	873.00000
17.88900	870.00000
17.89500	868.00000
17.90300	867.00000
17.91000	865.00000
17.91700	864.00000
17.92400	863.00000
17.93100	863.00000
17.93800	863.00000
17.94500	862.00000
17.95200	862.00000
17.95900	861.00000
17.96600	861.00000
17.97300	861.00000
17.98000	861.00000
17.98700	862.00000
17.99400	862.00000
18.00100	861.00000
18.00800	861.00000
18.01500	861.00000
18.02200	861.00000
18.02900	860.00000
18.03600	860.00000
18.04300	860.00000
18.05000	860.00000
18.05700	860.00000
18.06400	860.00000
18.07100	861.00000
18.07800	861.00000
18.08500	861.00000
18.09200	860.00000
18.09900	861.00000
18.10600	860.00000
18.11300	859.00000
18.12000	859.00000
18.12700	859.00000
18.13400	860.00000
18.14100	860.00000
18.14800	860.00000
18.15500	859.00000
18.16200	859.00000
18.16900	860.00000
18.17600	860.00000
18.18300	860.00000
18.19000	861.00000
18.19700	861.00000
18.20400	862.00000
18.21100	862.00000
18.21800	862.00000
18.22500	862.00000
18.23200	862.00000
18.23900	862.00000
18.24600	863.00000
18.25300	863.00000
18.26000	863.00000
18.26700	863.00000
18.27300	864.00000
18.28100	866.00000
18.28800	867.00000
18.29400	868.00000
18.30200	869.00000
18.30800	870.00000
18.31600	871.00000
18.32300	872.00000
18.32900	874.00000
18.33700	875.00000
18.34300	877.00000
18.35100	879.00000
18.35800	882.00000
18.36500	884.00000
18.37200	887.00000
18.37900	891.00000
18.38600	896.00000
18.39300	902.00000
18.40000	909.00000
18.40700	917.00000
18.41400	926.00000
18.42100	938.00000
18.42800	954.00000
18.43500	975.00000
18.44200	1006.00000
18.44900	1049.00000
18.45600	1118.00000
18.46300	1217.00000
18.47000	1373.00000
18.47700	1578.00000
18.48400	1869.00000
18.49100	2206.00000
18.49800	2559.00000
18.50500	2880.00000
18.51200	3155.00000
18.51900	3313.00000
18.52600	3328.00000
18.53300	3171.00000
18.54000	2910.00000
18.54700	2604.00000
18.55400	2246.00000
18.56100	1912.00000
18.56800	1630.00000
18.57500	1408.00000
18.58200	1260.00000
18.58900	1156.00000
18.59600	1084.00000
18.60300	1033.00000
18.61000	996.00000
18.61700	970.00000
18.62400	951.00000
18.63100	937.00000
18.63800	927.00000
18.64500	920.00000
18.65200	915.00000
18.65900	911.00000
18.66600	906.00000
18.67300	903.00000
18.68000	899.00000
18.68700	894.00000
18.69400	890.00000
18.70100	887.00000
18.70800	883.00000
18.71500	880.00000
18.72100	877.00000
18.72900	874.00000
18.73500	872.00000
18.74300	871.00000
18.75000	869.00000
18.75600	868.00000
18.76400	867.00000
18.77000	866.00000
18.77800	866.00000
18.78500	865.00000
18.79200	864.00000
18.79900	864.00000
18.80600	864.00000
18.81300	864.00000
18.82000	863.00000
18.82700	862.00000
18.83400	862.00000
18.84100	862.00000
18.84800	862.00000
18.85500	862.00000
18.86200	861.00000
18.86900	862.00000
18.87600	861.00000
18.88300	861.00000
18.89000	861.00000
18.89700	861.00000
18.90400	862.00000
18.91100	862.00000
18.91800	861.00000
18.92500	861.00000
18.93200	861.00000
18.93900	861.00000
18.94600	861.00000
18.95300	861.00000
18.96000	860.00000
18.96700	860.00000
18.97400	859.00000
18.98100	859.00000
18.98800	858.00000
18.99500	859.00000
19.00200	859.00000
19.00900	859.00000
19.01600	859.00000
19.02300	859.00000
19.03000	859.00000
19.03700	860.00000
19.04400	860.00000
19.05100	860.00000
19.05800	860.00000
19.06500	860.00000
19.07200	860.00000
19.07900	860.00000
19.08600	860.00000
19.09300	860.00000
19.10000	860.00000
19.10700	860.00000
19.11400	861.00000
19.12100	861.00000
19.12800	861.00000
19.13500	862.00000
19.14200	862.00000
19.14800	862.00000
19.15600	861.00000
19.16300	861.00000
19.16900	861.00000
19.17700	861.00000
19.18300	862.00000
19.19100	862.00000
19.19800	862.00000
19.20400	862.00000
19.21200	862.00000
19.21900	863.00000
19.22600	863.00000
19.23300	862.00000
19.24000	862.00000
19.24700	863.00000
19.25400	863.00000
19.26100	863.00000
19.26800	863.00000
19.27500	864.00000
19.28200	864.00000
19.28900	864.00000
19.29600	864.00000
19.30300	864.00000
19.31000	865.00000
19.31700	866.00000
19.32400	866.00000
19.33100	866.00000
19.33800	867.00000
19.34500	868.00000
19.35200	869.00000
19.35900	870.00000
19.36600	872.00000
19.37300	875.00000
19.38000	878.00000
19.38700	882.00000
19.39400	886.00000
19.40100	890.00000
19.40800	896.00000
19.41500	903.00000
19.42200	911.00000
19.42900	920.00000
19.43600	931.00000
19.44300	945.00000
19.45000	960.00000
19.45700	978.00000
19.46400	995.00000
19.47100	1012.00000
19.47800	1024.00000
19.48500	1034.00000
19.49200	1037.00000
19.49900	1038.00000
19.50600	1030.00000
19.51300	1017.00000
19.52000	1002.00000
19.52700	983.00000
19.53400	966.00000
19.54100	950.00000
19.54800	936.00000
19.55500	925.00000
19.56200	916.00000
19.56900	908.00000
19.57600	901.00000
19.58300	895.00000
19.59000	890.00000
19.59600	885.00000
19.60400	882.00000
19.61000	879.00000
19.61800	877.00000
19.62500	875.00000
19.63100	874.00000
19.63900	873.00000
19.64600	873.00000
19.65300	872.00000
19.66000	871.00000
19.66700	871.00000
19.67400	871.00000
19.68100	872.00000
19.68800	872.00000
19.69500	872.00000
19.70200	872.00000
19.70900	872.00000
19.71600	872.00000
19.72300	872.00000
19.73000	872.00000
19.73700	871.00000
19.74400	871.00000
19.75100	871.00000
19.75800	871.00000
19.76500	871.00000
19.77200	871.00000
19.77900	872.00000
19.78600	871.00000
19.79300	871.00000
19.80000	871.00000
19.80700	872.00000
19.81400	872.00000
19.82100	872.00000
19.82800	872.00000
19.83500	872.00000
19.84200	873.00000
19.84900	873.00000
19.85600	873.00000
19.86300	873.00000
19.87000	873.00000
19.87700	873.00000
19.88400	873.00000
19.89100	873.00000
19.89800	873.00000
19.90500	873.00000
19.91200	874.00000
19.91900	874.00000
19.92600	875.00000
19.93300	875.00000
19.94000	876.00000
19.94700	876.00000
19.95400	877.00000
19.96100	878.00000
19.96800	879.00000
19.97500	879.00000
19.98200	879.00000
19.98900	879.00000
19.99600	879.00000
20.00300	879.00000
20.01000	878.00000
20.01700	877.00000
20.02300	878.00000
20.03100	878.00000
20.03800	877.00000
20.04400	878.00000
20.05200	878.00000
20.05800	878.00000
20.06600	878.00000
20.07300	879.00000
20.08000	879.00000
20.08700	879.00000
20.09400	878.00000
20.10100	879.00000
20.10800	879.00000
20.11500	879.00000
20.12200	879.00000
20.12900	879.00000
20.13600	880.00000
20.14300	880.00000
20.15000	880.00000
20.15700	881.00000
20.16400	881.00000
20.17100	881.00000
20.17800	881.00000
20.18500	881.00000
20.19200	881.00000
20.19900	881.00000
20.20600	881.00000
20.21300	881.00000
20.22000	881.00000
20.22700	882.00000
20.23400	882.00000
20.24100	882.00000
20.24800	882.00000
20.25500	881.00000
20.26200	881.00000
20.26900	882.00000
20.27600	883.00000
20.28300	883.00000
20.29000	884.00000
20.29700	884.00000
20.30400	884.00000
20.31100	884.00000
20.31800	884.00000
20.32500	884.00000
20.33200	884.00000
20.33900	885.00000
20.34600	885.00000
20.35300	886.00000
20.36000	887.00000
20.36700	887.00000
20.37400	887.00000
20.38100	888.00000
20.38800	889.00000
20.39500	889.00000
20.40200	889.00000
20.40900	890.00000
20.41600	891.00000
20.42300	891.00000
20.43000	892.00000
20.43700	893.00000
20.44400	894.00000
20.45100	894.00000
20.45800	893.00000
20.46500	893.00000
20.47100	893.00000
20.47900	892.00000
20.48500	892.00000
20.49300	891.00000
20.50000	891.00000
20.50700	890.00000
20.51400	890.00000
20.52100	890.00000
20.52800	889.00000
20.53500	890.00000
20.54200	890.00000
20.54900	890.00000
20.55600	890.00000
20.56300	890.00000
20.57000	890.00000
20.57700	890.00000
20.58400	890.00000
20.59100	890.00000
20.59800	890.00000
20.60500	890.00000
20.61200	890.00000
20.61900	890.00000
20.62600	891.00000
20.63300	891.00000
20.64000	891.00000
20.64700	892.00000
20.65400	892.00000
20.66100	893.00000
20.66800	893.00000
20.67500	894.00000
20.68200	895.00000
20.68900	897.00000
20.69600	898.00000
20.70300	899.00000
20.71000	900.00000
20.71700	900.00000
20.72400	900.00000
20.73100	900.00000
20.73800	899.00000
20.74500	899.00000
20.75200	898.00000
20.75900	898.00000
20.76600	897.00000
20.77300	896.00000
20.78000	896.00000
20.78700	895.00000
20.79400	896.00000
20.80100	895.00000
20.80800	895.00000
20.81500	895.00000
20.82200	895.00000
20.82900	895.00000
20.83600	896.00000
20.84300	896.00000
20.85000	896.00000
20.85700	896.00000
20.86400	896.00000
20.87100	896.00000
20.87800	896.00000
20.88500	896.00000
20.89200	897.00000
20.89800	897.00000
20.90600	897.00000
20.91300	897.00000
20.91900	897.00000
20.92700	898.00000
20.93300	898.00000
20.94100	898.00000
20.94800	898.00000
20.95500	898.00000
20.96200	898.00000
20.96900	898.00000
20.97600	898.00000
20.98300	898.00000
20.99000	899.00000
20.99700	899.00000
21.00400	899.00000
21.01100	899.00000
21.01800	899.00000
21.02500	900.00000
21.03200	900.00000
21.03900	900.00000
21.04600	900.00000
21.05300	901.00000
21.06000	901.00000
21.06700	901.00000
21.07400	901.00000
21.08100	901.00000
21.08800	902.00000
21.09500	902.00000
21.10200	903.00000
21.10900	903.00000
21.11600	903.00000
21.12300	903.00000
21.13000	904.00000
21.13700	904.00000
21.14400	904.00000
21.15100	904.00000
21.15800	905.00000
21.16500	905.00000
21.17200	905.00000
21.17900	906.00000
21.18600	906.00000
21.19300	906.00000
21.20000	906.00000
21.20700	906.00000
21.21400	907.00000
21.22100	907.00000
21.22800	908.00000
21.23500	908.00000
21.24200	909.00000
21.24900	910.00000
21.25600	911.00000
21.26300	912.00000
21.27000	913.00000
21.27700	914.00000
21.28400	916.00000
21.29100	918.00000
21.29800	921.00000
21.30500	923.00000
21.31200	926.00000
21.31900	928.00000
21.32600	931.00000
21.33300	934.00000
21.34000	937.00000
21.34600	942.00000
21.35400	946.00000
21.36000	951.00000
21.36800	957.00000
21.37500	960.00000
21.38200	961.00000
21.38900	958.00000
21.39600	953.00000
21.40300	946.00000
21.41000	940.00000
21.41700	936.00000
21.42400	932.00000
21.43100	929.00000
21.43800	927.00000
21.44500	926.00000
21.45200	924.00000
21.45900	923.00000
21.46600	922.00000
21.47300	922.00000
21.48000	921.00000
21.48700	921.00000
21.49400	921.00000
21.50100	921.00000
21.50800	922.00000
21.51500	922.00000
21.52200	922.00000
21.52900	922.00000
21.53600	922.00000
21.54300	923.00000
21.55000	923.00000
21.55700	924.00000
21.56400	924.00000
21.57100	925.00000
21.57800	927.00000
21.58500	928.00000
21.59200	930.00000
21.59900	931.00000
21.60600	932.00000
21.61300	933.00000
21.62000	934.00000
21.62700	936.00000
21.63400	938.00000
21.64100	941.00000
21.64800	945.00000
21.65500	949.00000
21.66200	955.00000
21.66900	963.00000
21.67600	975.00000
21.68300	993.00000
21.69000	1021.00000
21.69700	1059.00000
21.70400	1126.00000
21.71100	1207.00000
21.71800	1305.00000
21.72500	1404.00000
21.73200	1506.00000
21.73900	1574.00000
21.74600	1603.00000
21.75300	1621.00000
21.76000	1609.00000
21.76700	1587.00000
21.77300	1540.00000
21.78100	1480.00000
21.78800	1408.00000
21.79400	1322.00000
21.80200	1237.00000
21.80900	1160.00000
21.81600	1100.00000
21.82300	1055.00000
21.83000	1022.00000
21.83700	999.00000
21.84400	982.00000
21.85100	971.00000
21.85800	963.00000
21.86500	957.00000
21.87200	952.00000
21.87900	949.00000
21.88600	947.00000
21.89300	945.00000
21.90000	944.00000
21.90700	943.00000
21.91400	941.00000
21.92100	940.00000
21.92800	939.00000
21.93500	938.00000
21.94200	937.00000
21.94900	937.00000
21.95600	937.00000
21.96300	936.00000
21.97000	936.00000
21.97700	935.00000
21.98400	935.00000
21.99100	935.00000
