2.50500	5740.88273
2.52000	5744.03677
2.53500	5747.09508
2.55000	5750.05847
2.56500	5752.92772
2.58000	5755.70363
2.59500	5758.38697
2.61000	5760.97853
2.62500	5763.47908
2.64000	5765.88941
2.65500	5768.21027
2.67000	5770.44244
2.68500	5772.58668
2.70000	5774.64376
2.71500	5776.61443
2.73000	5778.49945
2.74500	5780.29956
2.76000	5782.01552
2.77500	5783.64808
2.79000	5785.19798
2.80500	5786.66595
2.82000	5788.05274
2.83500	5789.35907
2.85000	5790.58569
2.86500	5791.73332
2.88000	5792.80268
2.89500	5793.79451
2.91000	5794.70951
2.92500	5795.54842
2.94000	5796.31194
2.95500	5797.00079
2.97000	5797.61569
2.98500	5798.15733
3.00000	5798.62643
3.01500	5799.02370
3.03000	5799.34982
3.04500	5799.60552
3.06000	5799.79147
3.07500	5799.90839
3.09000	5799.95696
3.10500	5799.93788
3.12000	5799.85184
3.13500	5799.69953
3.15000	5799.48163
3.16500	5799.19884
3.18000	5798.85183
3.19500	5798.44130
3.21000	5797.96792
3.22500	5797.43238
3.24000	5796.83536
3.25500	5796.17754
3.27000	5795.45959
3.28500	5794.68220
3.30000	5793.84604
3.31500	5792.95179
3.33000	5792.00013
3.34500	5790.99174
3.36000	5789.92728
3.37500	5788.80745
3.39000	5787.63292
3.40500	5786.40437
3.42000	5785.12247
3.43500	5783.78790
3.45000	5782.40135
3.46500	5780.96350
3.48000	5779.47503
3.49500	5777.93663
3.51000	5776.34898
3.52500	5774.71278
3.54000	5773.02871
3.55500	5771.29748
3.57000	5769.51977
3.58500	5767.69628
3.60000	5765.82773
3.61500	5763.91482
3.63000	5761.95826
3.64500	5759.95877
3.66000	5757.91708
3.67500	5755.83390
3.69000	5753.70997
3.70500	5751.54604
3.72000	5749.34284
3.73500	5747.10113
3.75000	5744.82168
3.76500	5742.50525
3.78000	5740.15263
3.79500	5737.76460
3.81000	5735.34195
3.82500	5732.88551
3.84000	5730.39610
3.85500	5727.87454
3.87000	5725.32170
3.88500	5722.73843
3.90000	5720.12561
3.91500	5717.48415
3.93000	5714.81495
3.94500	5712.11896
3.96000	5709.39713
3.97500	5706.65043
3.99000	5703.87987
4.00500	5701.08648
4.02000	5698.27131
4.03500	5695.43546
4.05000	5692.58003
4.06500	5689.70617
4.08000	5686.81509
4.09500	5683.90800
4.11000	5680.98618
4.12500	5678.05094
4.14000	5675.10366
4.15500	5672.14575
4.17000	5669.17869
4.18500	5666.20403
4.20000	5663.22337
4.21500	5660.23840
4.23000	5657.25089
4.24500	5654.26268
4.26000	5651.27573
4.27500	5648.29208
4.29000	5645.31389
4.30500	5642.34347
4.32000	5639.38323
4.33500	5636.43575
4.35000	5633.50376
4.36500	5630.59019
4.38000	5627.69817
4.39500	5624.83103
4.41000	5621.99237
4.42500	5619.18606
4.44000	5616.41628
4.45500	5613.68755
4.47000	5611.00480
4.48500	5608.37338
4.50000	5605.79914
4.51500	5603.28852
4.53000	5600.84860
4.54500	5598.48721
4.56000	5596.21305
4.57500	5594.03582
4.59000	5591.96642
4.60500	5590.01713
4.62000	5588.20189
4.63500	5586.53659
4.65000	5585.03955
4.66500	5583.73198
4.68000	5582.63876
4.69500	5581.78953
4.71000	5581.22067
4.72500	5580.97935
4.74000	5581.13273
4.75500	5581.78816
4.77000	5583.13472
4.78500	5585.51916
4.80000	5589.56578
4.81500	5596.33303
4.83000	5607.46753
4.84500	5625.27989
4.86000	5652.65007
4.87500	5692.69448
4.89000	5748.19461
4.90500	5820.90833
4.92000	5911.07522
4.93500	6017.45249
4.95000	6137.83807
4.96500	6269.72701
4.98000	6410.83373
4.99500	6559.38584
5.01000	6714.19892
5.02500	6874.60133
5.04000	7040.29579
5.05500	7211.22434
5.07000	7387.46858
5.08500	7569.18870
5.10000	7756.59164
5.11500	7949.91683
5.13000	8149.43077
5.14500	8355.42576
5.16000	8568.22043
5.17500	8788.16110
5.19000	9015.62378
5.20500	9251.01652
5.22000	9494.78231
5.23500	9747.40238
5.25000	10009.40008
5.26500	10281.34529
5.28000	10563.85958
5.29500	10857.62210
5.31000	11163.37635
5.32500	11481.93809
5.34000	11814.20447
5.35500	12161.16459
5.37000	12523.91197
5.38500	12903.65909
5.40000	13301.75453
5.41500	13719.70331
5.43000	14159.19116
5.44500	14622.11357
5.46000	15110.61084
5.47500	15627.11078
5.49000	16174.38094
5.50500	16755.59330
5.52000	17374.40493
5.53500	18035.05983
5.55000	18742.51915
5.56500	19502.62987
5.58000	20322.34732
5.59500	21210.03441
5.61000	22175.87476
5.62500	23232.46241
5.64000	24395.67932
5.65500	25686.06507
5.67000	27131.04196
5.68500	28768.56624
5.70000	30652.84900
5.71500	32862.16495
5.73000	35506.38358
5.74500	38726.70456
5.76000	42673.07073
5.77500	47441.33887
5.79000	52962.56405
5.80500	58867.77993
5.82000	64393.35570
5.83500	68411.94077
5.85000	69646.30277
5.86500	67080.56358
5.88000	60531.24174
5.89500	51026.83364
5.91000	40399.30565
5.92500	30391.58589
5.94000	22121.52798
5.95500	16003.36745
5.97000	11901.07147
5.98500	9375.48074
6.00000	7919.23774
6.01500	7106.44475
6.03000	6644.79376
6.04500	6362.32821
6.06000	6169.65511
6.07500	6024.36106
6.09000	5907.16615
6.10500	5809.00929
6.12000	5725.08525
6.13500	5652.40209
6.15000	5588.84571
6.16500	5532.81370
6.18000	5483.05014
6.19500	5438.55339
6.21000	5398.51541
6.22500	5362.27831
6.24000	5329.30200
6.25500	5299.13969
6.27000	5271.41919
6.28500	5245.82839
6.30000	5222.10399
6.31500	5200.02253
6.33000	5179.39343
6.34500	5160.05325
6.36000	5141.86123
6.37500	5124.69557
6.39000	5108.45043
6.40500	5093.03349
6.42000	5078.36393
6.43500	5064.37073
6.45000	5050.99132
6.46500	5038.17033
6.48000	5025.85872
6.49500	5014.01288
6.51000	5002.59405
6.52500	4991.56775
6.54000	4980.90386
6.55500	4970.58209
6.57000	4960.55308
6.58500	4950.80359
6.60000	4941.31709
6.61500	4932.07483
6.63000	4923.05976
6.64500	4914.25639
6.66000	4905.65058
6.67500	4897.22942
6.69000	4888.98113
6.70500	4880.89489
6.72000	4872.96079
6.73500	4865.16972
6.75000	4857.51331
6.76500	4849.98382
6.78000	4842.57415
6.79500	4835.27772
6.81000	4828.08845
6.82500	4821.00071
6.84000	4814.00929
6.85500	4807.10934
6.87000	4800.29638
6.88500	4793.56621
6.90000	4786.91496
6.91500	4780.33900
6.93000	4773.83495
6.94500	4767.39966
6.96000	4761.03018
6.97500	4754.72377
6.99000	4748.47785
7.00500	4742.29000
7.02000	4736.15797
7.03500	4730.07964
7.05000	4724.05301
7.06500	4718.07623
7.08000	4712.14753
7.09500	4706.26527
7.11000	4700.42789
7.12500	4694.63394
7.14000	4688.88202
7.15500	4683.17086
7.17000	4677.49921
7.18500	4671.86592
7.20000	4666.26991
7.21500	4660.71014
7.23000	4655.18563
7.24500	4649.69547
7.26000	4644.23877
7.27500	4638.81472
7.29000	4633.42253
7.30500	4628.06146
7.32000	4622.73081
7.33500	4617.42991
7.35000	4612.15812
7.36500	4606.91485
7.38000	4601.69953
7.39500	4596.51161
7.41000	4591.35057
7.42500	4586.21594
7.44000	4581.10724
7.45500	4576.02403
7.47000	4570.96589
7.48500	4565.93241
7.50000	4560.92322
7.51500	4555.93795
7.53000	4550.97624
7.54500	4546.03778
7.56000	4541.12224
7.57500	4536.22932
7.59000	4531.35873
7.60500	4526.51020
7.62000	4521.68346
7.63500	4516.87827
7.65000	4512.09438
7.66500	4507.33157
7.68000	4502.58961
7.69500	4497.86830
7.71000	4493.16743
7.72500	4488.48681
7.74000	4483.82626
7.75500	4479.18560
7.77000	4474.56466
7.78500	4469.96327
7.80000	4465.38130
7.81500	4460.81857
7.83000	4456.27496
7.84500	4451.75031
7.86000	4447.24451
7.87500	4442.75743
7.89000	4438.28893
7.90500	4433.83891
7.92000	4429.40725
7.93500	4424.99384
7.95000	4420.59859
7.96500	4416.22138
7.98000	4411.86212
7.99500	4407.52072
8.01000	4403.19709
8.02500	4398.89114
8.04000	4394.60278
8.05500	4390.33194
8.07000	4386.07854
8.08500	4381.84251
8.10000	4377.62376
8.11500	4373.42223
8.13000	4369.23785
8.14500	4365.07055
8.16000	4360.92027
8.17500	4356.78695
8.19000	4352.67053
8.20500	4348.57095
8.22000	4344.48815
8.23500	4340.42207
8.25000	4336.37267
8.26500	4332.33989
8.28000	4328.32368
8.29500	4324.32399
8.31000	4320.34077
8.32500	4316.37398
8.34000	4312.42357
8.35500	4308.48949
8.37000	4304.57170
8.38500	4300.67016
8.40000	4296.78483
8.41500	4292.91566
8.43000	4289.06262
8.44500	4285.22566
8.46000	4281.40475
8.47500	4277.59984
8.49000	4273.81091
8.50500	4270.03792
8.52000	4266.28082
8.53500	4262.53959
8.55000	4258.81419
8.56500	4255.10458
8.58000	4251.41073
8.59500	4247.73261
8.61000	4244.07018
8.62500	4240.42342
8.64000	4236.79228
8.65500	4233.17674
8.67000	4229.57677
8.68500	4225.99233
8.70000	4222.42340
8.71500	4218.86993
8.73000	4215.33191
8.74500	4211.80930
8.76000	4208.30208
8.77500	4204.81020
8.79000	4201.33365
8.80500	4197.87239
8.82000	4194.42640
8.83500	4190.99564
8.85000	4187.58008
8.86500	4184.17970
8.88000	4180.79447
8.89500	4177.42436
8.91000	4174.06933
8.92500	4170.72937
8.94000	4167.40444
8.95500	4164.09451
8.97000	4160.79956
8.98500	4157.51955
9.00000	4154.25447
9.01500	4151.00427
9.03000	4147.76894
9.04500	4144.54844
9.06000	4141.34275
9.07500	4138.15184
9.09000	4134.97570
9.10500	4131.81427
9.12000	4128.66749
9.13500	4125.53536
9.15000	4122.41787
9.16500	4119.31498
9.18000	4116.22666
9.19500	4113.15289
9.21000	4110.09363
9.22500	4107.04886
9.24000	4104.01855
9.25500	4101.00267
9.27000	4098.00119
9.28500	4095.01408
9.30000	4092.04131
9.31500	4089.08285
9.33000	4086.13867
9.34500	4083.20875
9.36000	4080.29305
9.37500	4077.39154
9.39000	4074.50420
9.40500	4071.63099
9.42000	4068.77189
9.43500	4065.92687
9.45000	4063.09589
9.46500	4060.27892
9.48000	4057.47594
9.49500	4054.68691
9.51000	4051.91181
9.52500	4049.15061
9.54000	4046.40327
9.55500	4043.66977
9.57000	4040.95007
9.58500	4038.24414
9.60000	4035.55196
9.61500	4032.87350
9.63000	4030.20872
9.64500	4027.55759
9.66000	4024.92009
9.67500	4022.29618
9.69000	4019.68583
9.70500	4017.08902
9.72000	4014.50565
9.73500	4011.93540
9.75000	4009.37817
9.76500	4006.83393
9.78000	4004.30264
9.79500	4001.78427
9.81000	3999.27876
9.82500	3996.78610
9.84000	3994.30623
9.85500	3991.83912
9.87000	3989.38473
9.88500	3986.94302
9.90000	3984.51395
9.91500	3982.09748
9.93000	3979.69357
9.94500	3977.30217
9.96000	3974.92325
9.97500	3972.55677
9.99000	3970.20267
10.00500	3967.86100
10.02000	3965.53210
10.03500	3963.21604
10.05000	3960.91279
10.06500	3958.62238
10.08000	3956.34480
10.09500	3954.08009
10.11000	3951.82825
10.12500	3949.58934
10.14000	3947.36339
10.15500	3945.15049
10.17000	3942.95072
10.18500	3940.76419
10.20000	3938.59108
10.21500	3936.43159
10.23000	3934.28602
10.24500	3932.15478
10.26000	3930.03848
10.27500	3927.93801
10.29000	3925.85486
10.30500	3923.79170
10.32000	3921.75436
10.33500	3919.76273
10.35000	3917.85099
10.36500	3915.79258
10.38000	3913.74492
10.39500	3911.70789
10.41000	3909.68134
10.42500	3907.66510
10.44000	3905.65900
10.45500	3903.66281
10.47000	3901.67632
10.48500	3899.69923
10.50000	3897.73120
10.51500	3895.77180
10.53000	3893.82052
10.54500	3891.87672
10.56000	3889.93956
10.57500	3888.00796
10.59000	3886.08045
10.60500	3884.15499
10.62000	3882.22856
10.63500	3880.29640
10.65000	3878.35031
10.66500	3876.37369
10.68000	3874.32050
10.69500	3872.11018
10.71000	3870.13011
10.72500	3868.44577
10.74000	3866.77666
10.75500	3865.12338
10.77000	3863.48729
10.78500	3861.87115
10.80000	3860.26228
10.81500	3858.67003
10.83000	3857.09492
10.84500	3855.53754
10.86000	3853.99854
10.87500	3852.47867
10.89000	3850.97878
10.90500	3849.49982
10.92000	3848.04290
10.93500	3846.60929
10.95000	3845.20044
10.96500	3843.81805
10.98000	3842.46408
10.99500	3841.14086
11.01000	3839.85113
11.02500	3838.59819
11.04000	3837.38605
11.05500	3836.21985
11.07000	3835.10642
11.08500	3834.05559
11.10000	3833.08240
11.11500	3832.21079
11.13000	3831.47889
11.14500	3830.94530
11.16000	3830.69481
11.17500	3830.84070
11.19000	3831.52060
11.20500	3832.88266
11.22000	3835.05986
11.23500	3838.13839
11.25000	3842.13902
11.26500	3847.02673
11.28000	3852.73896
11.29500	3859.21244
11.31000	3866.40083
11.32500	3874.28330
11.34000	3882.86651
11.35500	3892.18264
11.37000	3902.28641
11.38500	3913.25284
11.40000	3925.17681
11.41500	3938.17479
11.43000	3952.38877
11.44500	3967.99266
11.46000	3985.20225
11.47500	4004.29067
11.49000	4025.61454
11.50500	4049.68829
11.52000	4076.99643
11.53500	4108.53064
11.55000	4145.53812
11.56500	4189.65640
11.58000	4242.77978
11.59500	4306.56025
11.61000	4381.46001
11.62500	4465.24201
11.64000	4551.45049
11.65500	4628.49007
11.67000	4680.02320
11.68500	4687.57487
11.70000	4637.35729
11.71500	4531.31831
11.73000	4391.05529
11.74500	4245.11379
11.76000	4114.68623
11.77500	4010.10109
11.79000	3933.17697
11.80500	3880.44106
11.82000	3846.07738
11.83500	3824.17406
11.85000	3809.99027
11.86500	3800.30960
11.88000	3793.19342
11.89500	3787.57715
11.91000	3782.90397
11.92500	3778.88021
11.94000	3775.33957
11.95500	3772.17710
11.97000	3769.31952
11.98500	3766.71220
12.00000	3764.31282
12.01500	3762.08792
12.03000	3760.01074
12.04500	3758.05960
12.06000	3756.21682
12.07500	3754.46786
12.09000	3752.80066
12.10500	3751.20516
12.12000	3749.67291
12.13500	3748.19678
12.15000	3746.77068
12.16500	3745.38944
12.18000	3744.04859
12.19500	3742.74430
12.21000	3741.47324
12.22500	3740.23249
12.24000	3739.01952
12.25500	3737.83211
12.27000	3736.66829
12.28500	3735.52632
12.30000	3734.40468
12.31500	3733.30198
12.33000	3732.21700
12.34500	3731.14865
12.36000	3730.09594
12.37500	3729.05798
12.39000	3728.03397
12.40500	3727.02319
12.42000	3726.02502
12.43500	3725.03889
12.45000	3724.06426
12.46500	3723.10063
12.48000	3722.14755
12.49500	3721.20461
12.51000	3720.27143
12.52500	3719.34766
12.54000	3718.43300
12.55500	3717.52715
12.57000	3716.62987
12.58500	3715.74092
12.60000	3714.86011
12.61500	3713.98729
12.63000	3713.12237
12.64500	3712.26537
12.66000	3711.41649
12.67500	3710.57661
12.69000	3709.75241
12.70500	3708.92452
12.72000	3708.09716
12.73500	3707.27593
12.75000	3706.46070
12.76500	3705.65134
12.78000	3704.84772
12.79500	3704.04972
12.81000	3703.25721
12.82500	3702.47010
12.84000	3701.68827
12.85500	3700.91163
12.87000	3700.14006
12.88500	3699.37349
12.90000	3698.61181
12.91500	3697.85493
12.93000	3697.10279
12.94500	3696.35540
12.96000	3695.61334
12.97500	3694.87670
12.99000	3694.14592
13.00500	3693.42132
13.02000	3692.70301
13.03500	3691.99116
13.05000	3691.28598
13.06500	3690.58774
13.08000	3689.89678
13.09500	3689.21357
13.11000	3688.53873
13.12500	3687.87311
13.14000	3687.21790
13.15500	3686.57492
13.17000	3685.94711
13.18500	3685.33996
13.20000	3684.76665
13.21500	3684.30729
13.23000	3683.74672
13.24500	3683.17153
13.26000	3682.63718
13.27500	3681.97975
13.29000	3681.32561
13.30500	3680.67471
13.32000	3680.02700
13.33500	3679.38244
13.35000	3678.74098
13.36500	3678.10259
13.38000	3677.46722
13.39500	3676.83483
13.41000	3676.20539
13.42500	3675.57885
13.44000	3674.95518
13.45500	3674.33434
13.47000	3673.71630
13.48500	3673.10101
13.50000	3672.48846
13.51500	3671.87859
13.53000	3671.27138
13.54500	3670.66680
13.56000	3670.06482
13.57500	3669.46540
13.59000	3668.86852
13.60500	3668.27415
13.62000	3667.68226
13.63500	3667.09282
13.65000	3666.50581
13.66500	3665.92121
13.68000	3665.33898
13.69500	3664.75911
13.71000	3664.18158
13.72500	3663.60636
13.74000	3663.03344
13.75500	3662.46283
13.77000	3661.89450
13.78500	3661.32845
13.80000	3660.76466
13.81500	3660.20313
13.83000	3659.64384
13.84500	3659.08680
13.86000	3658.53200
13.87500	3657.97945
13.89000	3657.42916
13.90500	3656.88114
13.92000	3656.33542
13.93500	3655.79205
13.95000	3655.25111
13.96500	3654.71278
13.98000	3654.17758
13.99500	3653.64764
14.01000	3653.11435
14.02500	3652.58329
14.04000	3652.05449
14.05500	3651.52798
14.07000	3651.00380
14.08500	3650.48202
14.10000	3649.96270
14.11500	3649.44596
14.13000	3648.93194
14.14500	3648.42089
14.16000	3647.91313
14.17500	3647.40911
14.19000	3646.90944
14.20500	3646.41484
14.22000	3645.92609
14.23500	3645.44395
14.25000	3644.96901
14.26500	3644.50161
14.28000	3644.04181
14.29500	3643.58956
14.31000	3643.14482
14.32500	3642.70765
14.34000	3642.27827
14.35500	3641.85707
14.37000	3641.44468
14.38500	3641.04199
14.40000	3640.65017
14.41500	3640.27081
14.43000	3639.90605
14.44500	3639.55880
14.46000	3639.23296
14.47500	3638.93349
14.49000	3638.66604
14.50500	3638.43566
14.52000	3638.24437
14.53500	3638.08748
14.55000	3637.94950
14.56500	3637.80098
14.58000	3637.59751
14.59500	3637.28317
14.61000	3636.80385
14.62500	3636.13742
14.64000	3635.32318
14.65500	3634.44658
14.67000	3633.58944
14.68500	3632.80180
14.70000	3632.10347
14.71500	3631.49383
14.73000	3630.96068
14.74500	3630.48739
14.76000	3630.05796
14.77500	3629.65972
14.79000	3629.28398
14.80500	3628.92549
14.82000	3628.58137
14.83500	3628.25024
14.85000	3627.93157
14.86500	3627.62528
14.88000	3627.33152
14.89500	3627.05062
14.91000	3626.78302
14.92500	3626.52926
14.94000	3626.28994
14.95500	3626.06576
14.97000	3625.85749
14.98500	3625.66651
15.00000	3625.49519
15.01500	3625.34505
15.03000	3625.21749
15.04500	3625.11406
15.06000	3625.03648
15.07500	3624.98669
15.09000	3624.96689
15.10500	3624.97961
15.12000	3625.02781
15.13500	3625.11508
15.15000	3625.24596
15.16500	3625.42661
15.18000	3625.66648
15.19500	3625.98372
15.21000	3626.44621
15.22500	3627.05372
15.24000	3627.41635
15.25500	3627.80560
15.27000	3628.25366
15.28500	3628.76537
15.30000	3629.34609
15.31500	3630.00172
15.33000	3630.73884
15.34500	3631.56477
15.36000	3632.48765
15.37500	3633.51661
15.39000	3634.66189
15.40500	3635.93506
15.42000	3637.34911
15.43500	3638.91877
15.45000	3640.66081
15.46500	3642.59438
15.48000	3644.74138
15.49500	3647.12701
15.51000	3649.78015
15.52500	3652.73495
15.54000	3656.03115
15.55500	3659.71565
15.57000	3663.84447
15.58500	3668.48562
15.60000	3673.72400
15.61500	3679.67358
15.63000	3686.46173
15.64500	3694.30108
15.66000	3703.49313
15.67500	3714.46901
15.69000	3727.85999
15.70500	3744.57489
15.72000	3765.83137
15.73500	3793.18067
15.75000	3828.46310
15.76500	3873.66789
15.78000	3930.67367
15.79500	4000.92768
15.81000	4085.25855
15.82500	4183.98247
15.84000	4297.21267
15.85500	4425.17883
15.87000	4568.47425
15.88500	4728.24708
15.90000	4906.37856
15.91500	5105.69566
15.93000	5330.25877
15.94500	5585.72739
15.96000	5879.70664
15.97500	6221.78424
15.99000	6622.73480
16.00500	7092.22155
16.02000	7634.34962
16.03500	8241.21061
16.05000	8885.48213
16.06500	9514.07526
16.08000	10045.01379
16.09500	10370.56357
16.11000	10375.56780
16.12500	9987.00669
16.14000	9240.88396
16.15500	8286.65366
16.17000	7300.84891
16.18500	6409.21483
16.20000	5673.16658
16.21500	5106.79234
16.23000	4695.22269
16.24500	4409.14241
16.26000	4215.76460
16.27500	4085.94665
16.29000	3997.42266
16.30500	3934.97601
16.32000	3889.19076
16.33500	3854.36659
16.35000	3827.38851
16.36500	3806.37372
16.38000	3790.14672
16.39500	3777.92545
16.41000	3769.16960
16.42500	3763.51024
16.44000	3760.71869
16.45500	3760.69554
16.47000	3763.47188
16.48500	3769.21609
16.50000	3778.23462
16.51500	3790.94475
16.53000	3807.78708
16.54500	3829.04447
16.56000	3854.55462
16.57500	3883.34634
16.59000	3913.27898
16.60500	3940.78761
16.62000	3960.84390
16.63500	3967.39204
16.65000	3954.97130
16.66500	3922.01782
16.68000	3873.41641
16.69500	3818.26972
16.71000	3764.90361
16.72500	3718.35590
16.74000	3680.65656
16.75500	3651.82535
16.77000	3630.72506
16.78500	3615.71898
16.80000	3605.14876
16.81500	3597.61754
16.83000	3592.09303
16.84500	3587.88529
16.86000	3584.56149
16.87500	3581.90356
16.89000	3579.74938
16.90500	3578.01704
16.92000	3576.65828
16.93500	3575.64445
16.95000	3574.95958
16.96500	3574.59703
16.98000	3574.55800
16.99500	3574.85098
17.01000	3575.49191
17.02500	3576.50745
17.04000	3577.91929
17.05500	3579.77082
17.07000	3582.12168
17.08500	3585.04758
17.10000	3588.65349
17.11500	3593.08873
17.13000	3598.56900
17.14500	3605.40555
17.16000	3614.03959
17.17500	3625.07676
17.19000	3639.31355
17.20500	3657.74451
17.22000	3681.53604
17.23500	3711.94880
17.25000	3750.20090
17.26500	3797.31530
17.28000	3854.05607
17.29500	3921.01479
17.31000	3998.78516
17.32500	4088.13430
17.34000	4190.14699
17.35500	4306.37385
17.37000	4439.01418
17.38500	4591.11089
17.40000	4766.66065
17.41500	4970.46551
17.43000	5207.48344
17.44500	5481.43077
17.46000	5792.52925
17.47500	6134.59574
17.49000	6492.02029
17.50500	6837.34515
17.52000	7130.18737
17.53500	7319.20976
17.55000	7352.34376
17.56500	7201.45853
17.58000	6889.02021
17.59500	6481.32657
17.61000	6047.90522
17.62500	5632.38693
17.64000	5253.01016
17.65500	4916.57653
17.67000	4628.59382
17.68500	4393.13271
17.70000	4209.31942
17.71500	4071.58984
17.73000	3972.27901
17.74500	3903.64139
17.76000	3858.80359
17.77500	3832.13243
17.79000	3819.36690
17.80500	3817.61698
17.82000	3825.18943
17.83500	3841.16490
17.85000	3864.78732
17.86500	3894.83044
17.88000	3929.03992
17.89500	3963.70119
17.91000	3993.40666
17.92500	4011.19019
17.94000	4009.51906
17.95500	3982.93430
17.97000	3931.87437
17.98500	3864.06354
18.00000	3790.67184
18.01500	3721.02680
18.03000	3660.52095
18.04500	3611.18994
18.06000	3572.86472
18.07500	3544.11686
18.09000	3522.97981
18.10500	3507.46412
18.12000	3495.86878
18.13500	3486.90375
18.15000	3479.67744
18.16500	3473.61529
18.18000	3468.36330
18.19500	3463.70629
18.21000	3459.51062
18.22500	3455.68888
18.24000	3452.17995
18.25500	3448.93876
18.27000	3445.93210
18.28500	3443.12382
18.30000	3440.49611
18.31500	3438.03031
18.33000	3435.71116
18.34500	3433.52612
18.36000	3431.46500
18.37500	3429.51962
18.39000	3427.68423
18.40500	3425.95205
18.42000	3424.31688
18.43500	3422.77822
18.45000	3421.33434
18.46500	3419.98450
18.48000	3418.72903
18.49500	3417.56944
18.51000	3416.50915
18.52500	3415.54991
18.54000	3414.69602
18.55500	3413.95989
18.57000	3413.34063
18.58500	3412.84124
18.60000	3412.48429
18.61500	3412.28932
18.63000	3412.26972
18.64500	3412.46109
18.66000	3412.90754
18.67500	3413.67071
18.69000	3414.83943
18.70500	3416.52000
18.72000	3418.87219
18.73500	3422.09195
18.75000	3426.41459
18.76500	3432.10652
18.78000	3439.44560
18.79500	3448.69218
18.81000	3460.06424
18.82500	3473.73788
18.84000	3489.88073
18.85500	3508.68269
18.87000	3530.43882
18.88500	3555.56571
18.90000	3584.63574
18.91500	3618.37050
18.93000	3657.57058
18.94500	3702.94627
18.96000	3754.82373
18.97500	3812.73309
18.99000	3874.93166
19.00500	3937.95343
19.02000	3996.28345
19.03500	4042.28349
19.05000	4066.74837
19.06500	4061.06537
19.08000	4021.69034
19.09500	3954.23057
19.11000	3871.70333
19.12500	3787.78785
19.14000	3712.00711
19.15500	3649.18025
19.17000	3600.70033
19.18500	3565.82712
19.20000	3542.66669
19.21500	3528.90783
19.23000	3522.34072
19.24500	3521.15501
19.26000	3524.04465
19.27500	3530.18215
19.29000	3539.13207
19.30500	3550.75934
19.32000	3565.16398
19.33500	3582.65518
19.35000	3603.76606
19.36500	3629.30554
19.38000	3660.44138
19.39500	3698.80534
19.41000	3746.60914
19.42500	3806.72622
19.44000	3882.78110
19.45500	3979.11887
19.47000	4100.65394
19.48500	4252.58863
19.50000	4440.08384
19.51500	4668.07942
19.53000	4941.37743
19.54500	5264.95860
19.56000	5644.50140
19.57500	6087.03298
19.59000	6601.44392
19.60500	7198.44979
19.62000	7889.55363
19.63500	8684.60234
19.65000	9587.71615
19.66500	10591.70238
19.68000	11671.46410
19.69500	12777.29311
19.71000	13829.26929
19.72500	14715.64931
19.74000	15302.94967
19.75500	15469.06772
19.77000	15153.33207
19.78500	14381.26721
19.80000	13242.31853
19.81500	11864.54359
19.83000	10401.88334
19.84500	9001.45298
19.86000	7765.00832
19.87500	6738.81189
19.89000	5926.83412
19.90500	5308.02245
19.92000	4849.60465
19.93500	4516.06372
19.95000	4274.72377
19.96500	4098.63316
19.98000	3967.37387
19.99500	3866.51002
20.01000	3786.37278
20.02500	3720.71978
20.04000	3665.57673
20.05500	3618.39020
20.07000	3577.46226
20.08500	3541.60475
20.10000	3509.94295
20.11500	3481.79363
20.13000	3456.62711
20.14500	3434.00947
20.16000	3413.58426
20.17500	3395.05605
20.19000	3378.17800
20.20500	3362.74279
20.22000	3348.57536
20.23500	3335.52721
20.25000	3323.47188
20.26500	3312.30136
20.28000	3301.92316
20.29500	3292.25810
20.31000	3283.23854
20.32500	3274.80775
20.34000	3266.91434
20.35500	3259.51876
20.37000	3252.59060
20.38500	3246.10769
20.40000	3240.05812
20.41500	3234.44173
20.43000	3229.27192
20.44500	3224.57744
20.46000	3220.40666
20.47500	3216.80928
20.49000	3213.86243
20.50500	3211.65473
20.52000	3210.27452
20.53500	3209.80651
20.55000	3210.33092
20.56500	3211.93156
20.58000	3214.70969
20.59500	3218.79567
20.61000	3224.35175
20.62500	3231.55903
20.64000	3240.58114
20.65500	3251.49597
20.67000	3264.21379
20.68500	3278.36159
20.70000	3293.17651
20.71500	3307.41592
20.73000	3319.31004
20.74500	3326.57852
20.76000	3326.77048
20.77500	3318.03895
20.79000	3300.30473
20.80500	3275.84549
20.82000	3248.28717
20.83500	3220.94278
20.85000	3195.97937
20.86500	3174.45384
20.88000	3156.63825
20.89500	3142.31349
20.91000	3130.98860
20.92500	3122.06544
20.94000	3114.95679
20.95500	3109.15779
20.97000	3104.27519
20.98500	3100.02588
21.00000	3096.21819
21.01500	3092.72799
21.03000	3089.47679
21.04500	3086.41559
21.06000	3083.51458
21.07500	3080.73698
21.09000	3078.07617
21.10500	3075.52008
21.12000	3073.05940
21.13500	3070.68681
21.15000	3068.39654
21.16500	3066.18408
21.18000	3064.04591
21.19500	3061.97939
21.21000	3059.98257
21.22500	3058.05414
21.24000	3056.19337
21.25500	3054.39999
21.27000	3052.67416
21.28500	3051.01647
21.30000	3049.42788
21.31500	3047.90974
21.33000	3046.46375
21.34500	3045.09203
21.36000	3043.79713
21.37500	3042.58248
21.39000	3041.45094
21.40500	3040.40190
21.42000	3039.44246
21.43500	3038.57696
21.45000	3037.81030
21.46500	3037.14774
21.48000	3036.59508
21.49500	3036.15872
21.51000	3035.84566
21.52500	3035.66363
21.54000	3035.62118
21.55500	3035.72785
21.57000	3035.99467
21.58500	3036.43879
21.60000	3037.05468
21.61500	3037.85926
21.63000	3038.87255
21.64500	3040.11072
21.66000	3041.59167
21.67500	3043.33521
21.69000	3045.36329
21.70500	3047.70035
21.72000	3050.37358
21.73500	3053.41343
21.75000	3056.85425
21.76500	3060.73549
21.78000	3065.09285
21.79500	3069.97891
21.81000	3075.44798
21.82500	3081.56159
21.84000	3088.38893
21.85500	3096.00968
21.87000	3104.51397
21.88500	3114.00355
21.90000	3124.58816
21.91500	3136.32649
21.93000	3149.68331
21.94500	3164.66875
21.96000	3181.51903
21.97500	3200.52086
21.99000	3222.02954
22.00500	3246.49602
22.02000	3274.50813
22.03500	3306.85091
22.05000	3344.59048
22.06500	3389.18630
22.08000	3442.63095
22.09500	3507.61205
22.11000	3587.68276
22.12500	3687.43030
22.14000	3812.60562
22.15500	3970.19137
22.17000	4168.36385
22.18500	4416.29243
22.20000	4723.78828
22.21500	5100.94552
22.23000	5558.02985
22.24500	6105.69591
22.26000	6755.19177
22.27500	7517.92147
22.29000	8403.78549
22.30500	9417.98124
22.32000	10556.26628
22.33500	11799.18228
22.35000	13105.89217
22.36500	14408.58472
22.38000	15608.39624
22.39500	16574.82371
22.41000	17154.65877
22.42500	17202.30861
22.44000	16637.94208
22.45500	15506.06753
22.47000	13976.79550
22.48500	12274.77056
22.50000	10596.20732
22.51500	9070.30852
22.53000	7762.41379
22.54500	6691.61625
22.56000	5847.28595
22.57500	5201.61410
22.59000	4719.06356
22.60500	4363.31163
22.62000	4101.76633
22.63500	3907.84338
22.65000	3761.45519
22.66500	3648.34913
22.68000	3558.91459
22.69500	3486.91765
22.71000	3428.42052
22.72500	3380.97444
22.74000	3343.07051
22.75500	3313.78943
22.77000	3292.59072
22.78500	3279.20152
22.80000	3273.57656
22.81500	3275.88505
22.83000	3286.45715
22.84500	3305.63467
22.86000	3333.58890
22.87500	3370.11251
22.89000	3414.42140
22.90500	3464.93065
22.92000	3519.02688
22.93500	3572.85799
22.95000	3621.25798
22.96500	3658.10025
22.98000	3677.48438
22.99500	3675.61223
23.01000	3651.97310
23.02500	3608.39610
23.04000	3547.31808
23.05500	3471.68060
23.07000	3386.19991
23.08500	3297.48665
23.10000	3212.22025
23.11500	3135.26097
23.13000	3069.13067
23.14500	3014.49823
23.16000	2970.87221
23.17500	2937.14314
23.19000	2911.96279
23.20500	2894.00130
23.22000	2882.09561
23.23500	2875.33222
23.25000	2873.06429
23.26500	2874.88772
23.28000	2880.59631
23.29500	2890.12549
23.31000	2903.48230
23.32500	2920.65512
23.34000	2941.48335
23.35500	2965.56738
23.37000	2992.10364
23.38500	3019.77011
23.40000	3046.62698
23.41500	3070.06413
23.43000	3086.87142
23.44500	3093.63090
23.46000	3087.69697
23.47500	3068.62907
23.49000	3039.02109
23.50500	3003.63986
23.52000	2967.48401
23.53500	2934.38997
23.55000	2906.75104
23.56500	2885.83708
23.58000	2872.21348
23.59500	2866.02313
23.61000	2867.35500
23.62500	2876.36798
23.64000	2893.59899
23.65500	2919.93951
23.67000	2956.73118
23.68500	3005.86378
23.70000	3069.71064
23.71500	3151.04978
23.73000	3252.94749
23.74500	3378.61901
23.76000	3531.17059
23.77500	3713.39376
23.79000	3927.37485
23.80500	4173.92232
23.82000	4451.74592
23.83500	4756.41690
23.85000	5079.21164
23.86500	5406.00050
23.88000	5716.45541
23.89500	5984.13596
23.91000	6178.43985
23.92500	6269.32256
23.94000	6234.34768
23.95500	6066.24416
23.97000	5778.74679
23.98500	5406.41593
24.00000	4994.63292
24.01500	4585.17463
24.03000	4207.37187
24.04500	3877.27284
24.06000	3600.69407
24.07500	3376.66575
24.09000	3200.11736
24.10500	3063.86400
24.12000	2960.11144
24.13500	2881.43021
24.15000	2821.41383
24.16500	2774.92340
24.18000	2738.07980
24.19500	2708.09658
24.21000	2683.04467
24.22500	2661.60287
24.24000	2642.91374
24.25500	2626.37147
24.27000	2611.54687
24.28500	2598.15670
24.30000	2585.97525
24.31500	2574.82631
24.33000	2564.56838
24.34500	2555.08567
24.36000	2546.28226
24.37500	2538.07777
24.39000	2530.40490
24.40500	2523.20692
24.42000	2516.43605
24.43500	2510.05223
24.45000	2504.02194
24.46500	2498.31747
24.48000	2492.91720
24.49500	2487.80059
24.51000	2482.95573
24.52500	2478.37530
24.54000	2474.05774
24.55500	2470.01241
24.57000	2466.22949
24.58500	2462.74369
24.60000	2459.58935
24.61500	2456.81839
24.63000	2454.50346
24.64500	2452.74333
24.66000	2451.66812
24.67500	2451.44440
24.69000	2452.27939
24.70500	2454.42304
24.72000	2458.16563
24.73500	2463.82844
24.75000	2471.74620
24.76500	2482.24288
24.78000	2495.60255
24.79500	2512.03268
24.81000	2531.61256
24.82500	2554.22210
24.84000	2579.45389
24.85500	2606.51834
24.87000	2634.15322
24.88500	2660.54879
24.90000	2683.30856
24.91500	2699.50864
24.93000	2706.01066
24.94500	2700.23364
24.96000	2681.32160
24.97500	2650.97721
24.99000	2613.03896
25.00500	2571.97452
25.02000	2531.50156
25.03500	2494.06981
25.05000	2460.98370
25.06500	2432.71339
25.08000	2409.17314
25.09500	2389.92649
25.11000	2374.34834
25.12500	2361.75823
25.14000	2351.49835
25.15500	2342.99305
25.17000	2335.77432
25.18500	2329.48394
25.20000	2323.86070
25.21500	2318.72133
25.23000	2313.94087
25.24500	2309.43350
25.26000	2305.13884
25.27500	2301.01839
25.29000	2297.04284
25.30500	2293.19018
25.32000	2289.44326
25.33500	2285.78827
25.35000	2282.21388
25.36500	2278.71061
25.38000	2275.27049
25.39500	2271.88678
25.41000	2268.55362
25.42500	2265.26586
25.44000	2262.01888
25.45500	2258.80789
25.47000	2255.62126
25.48500	2252.48639
25.50000	2249.38468
25.51500	2246.30558
25.53000	2243.24886
25.54500	2240.21577
25.56000	2237.20487
25.57500	2234.21490
25.59000	2231.24473
25.60500	2228.29335
25.62000	2225.35993
25.63500	2222.44375
25.65000	2219.54434
25.66500	2216.66232
25.68000	2213.79522
25.69500	2210.94022
25.71000	2208.09949
25.72500	2205.27288
25.74000	2202.46028
25.75500	2199.66175
25.77000	2196.87777
25.78500	2194.11292
25.80000	2191.35234
25.81500	2188.60509
25.83000	2185.87158
25.84500	2183.15370
25.86000	2180.44943
25.87500	2177.75248
25.89000	2175.06890
25.90500	2172.39908
25.92000	2169.74437
25.93500	2167.10358
25.95000	2164.47373
25.96500	2161.85836
25.98000	2159.25797
25.99500	2156.67311
26.01000	2154.10376
26.02500	2151.55105
26.04000	2149.01510
26.05500	2146.49631
26.07000	2143.99547
26.08500	2141.51349
26.10000	2139.05094
26.11500	2136.60869
26.13000	2134.18794
26.14500	2131.79009
26.16000	2129.41691
26.17500	2127.06866
26.19000	2124.74796
26.20500	2122.45672
26.22000	2120.19701
26.23500	2117.97117
26.25000	2115.78064
26.26500	2113.62655
26.28000	2111.50852
26.29500	2109.41576
26.31000	2107.26653
26.32500	2105.39309
26.34000	2103.59536
26.35500	2101.86610
26.37000	2100.22716
26.38500	2098.87113
26.40000	2097.70732
26.41500	2096.78369
26.43000	2096.16223
26.44500	2095.92195
26.46000	2096.16189
26.47500	2097.00469
26.49000	2098.59022
26.50500	2101.08299
26.52000	2104.66508
26.53500	2109.51942
26.55000	2115.81424
26.56500	2123.68173
26.58000	2133.19437
26.59500	2144.33919
26.61000	2156.99004
26.62500	2170.88004
26.64000	2185.57078
26.65500	2200.41496
26.67000	2214.58295
26.68500	2227.04387
26.70000	2236.65028
26.71500	2242.37020
26.73000	2243.66930
26.74500	2240.89177
26.76000	2235.32379
26.77500	2228.78366
26.79000	2223.02091
26.80500	2219.31263
26.82000	2218.35837
26.83500	2220.34570
26.85000	2225.05709
26.86500	2231.97299
26.88000	2240.38927
26.89500	2249.60164
26.91000	2259.20075
26.92500	2269.42012
26.94000	2281.31830
26.95500	2296.58332
26.97000	2317.03265
26.98500	2344.12834
27.00000	2378.71837
27.01500	2420.91266
27.03000	2470.04829
27.04500	2524.66221
27.06000	2582.47470
27.07500	2640.47478
27.09000	2695.11739
27.10500	2742.60175
27.12000	2779.12420
27.13500	2801.19099
27.15000	2806.30920
27.16500	2794.04439
27.18000	2766.62109
27.19500	2728.21190
27.21000	2683.29330
27.22500	2635.44412
27.24000	2587.16839
27.25500	2540.31692
27.27000	2496.30238
27.28500	2455.87204
27.30000	2418.84585
27.31500	2384.21471
27.33000	2350.67679
27.34500	2317.40090
27.36000	2284.59563
27.37500	2253.48257
27.39000	2225.71378
27.40500	2202.71138
27.42000	2185.31011
27.43500	2173.70510
27.45000	2167.53097
27.46500	2165.94924
27.48000	2167.70896
27.49500	2171.18954
27.51000	2174.45236
27.52500	2175.35016
27.54000	2171.77474
27.55500	2162.10534
27.57000	2145.75919
27.58500	2123.50176
27.60000	2097.19271
27.61500	2069.07128
27.63000	2041.11471
27.64500	2014.73194
27.66000	1990.76437
27.67500	1969.60872
27.69000	1951.33839
27.70500	1935.82218
27.72000	1922.79104
27.73500	1911.90460
27.75000	1902.80101
27.76500	1895.13368
27.78000	1888.59501
27.79500	1882.92824
27.81000	1877.92974
27.82500	1873.44483
27.84000	1869.36014
27.85500	1865.59498
27.87000	1862.09320
27.88500	1858.81581
27.90000	1855.73697
27.91500	1852.83964
27.93000	1850.11314
27.94500	1847.55179
27.96000	1845.15420
27.97500	1842.92326
27.99000	1840.86659
28.00500	1838.99901
28.02000	1837.33638
28.03500	1835.90098
28.05000	1834.73829
28.06500	1833.90327
28.08000	1833.47072
28.09500	1833.54084
28.11000	1834.24552
28.12500	1835.75495
28.14000	1838.28458
28.15500	1842.09514
28.17000	1847.49615
28.18500	1854.84530
28.20000	1864.52424
28.21500	1876.91143
28.23000	1892.33677
28.24500	1911.02563
28.26000	1933.03393
28.27500	1958.18812
28.29000	1986.02777
28.30500	2015.75306
28.32000	2046.17890
28.33500	2075.69753
28.35000	2102.26342
28.36500	2123.44591
28.38000	2136.63432
28.39500	2139.51284
28.41000	2130.80233
28.42500	2110.95718
28.44000	2082.28220
28.45500	2048.24100
28.47000	2012.42068
28.48500	1977.76111
28.50000	1946.33896
28.51500	1919.44691
28.53000	1897.76110
28.54500	1881.50226
28.56000	1870.55159
28.57500	1864.53211
28.59000	1862.86588
28.60500	1864.81904
28.62000	1869.53071
28.63500	1876.02679
28.65000	1883.22153
28.66500	1889.91706
28.68000	1894.82422
28.69500	1896.64813
28.71000	1894.28643
28.72500	1887.13306
28.74000	1875.34791
28.75500	1859.87249
28.77000	1842.12034
28.78500	1823.54059
28.80000	1805.29695
28.81500	1788.19634
28.83000	1772.70843
28.84500	1759.05178
28.86000	1747.25738
28.87500	1737.22982
28.89000	1728.81423
28.90500	1721.80674
28.92000	1715.99215
28.93500	1711.16596
28.95000	1707.15003
28.96500	1703.79561
28.98000	1700.99509
28.99500	1698.67687
29.01000	1696.80324
29.02500	1695.36845
29.04000	1694.39678
29.05500	1693.94268
29.07000	1694.07965
29.08500	1694.91991
29.10000	1696.59822
29.11500	1699.27354
29.13000	1703.12371
29.14500	1708.33652
29.16000	1715.09724
29.17500	1723.57303
29.19000	1733.89462
29.20500	1746.13486
29.22000	1760.28216
29.23500	1776.20794
29.25000	1793.62841
29.26500	1812.07163
29.28000	1830.86123
29.29500	1849.14629
29.31000	1865.99761
29.32500	1880.55032
29.34000	1892.12642
29.35500	1900.20933
29.37000	1904.29380
29.38500	1903.75515
29.40000	1897.91850
29.41500	1886.37148
29.43000	1869.35903
29.44500	1847.96563
29.46000	1823.90411
29.47500	1799.04351
29.49000	1774.99057
29.50500	1752.90524
29.52000	1733.51327
29.53500	1717.20123
29.55000	1704.11591
29.56500	1694.24129
29.58000	1687.45186
29.59500	1683.55183
29.61000	1682.29836
29.62500	1683.41764
29.64000	1686.61148
29.65500	1691.54294
29.67000	1697.84729
29.68500	1705.44741
29.70000	1714.02489
29.71500	1723.05635
29.73000	1732.18852
29.74500	1741.13733
29.76000	1749.80176
29.77500	1758.38560
29.79000	1767.44453
29.80500	1777.77797
29.82000	1790.16902
29.83500	1805.17132
29.85000	1822.93122
29.86500	1843.13324
29.88000	1864.98322
29.89500	1887.24825
29.91000	1908.26535
29.92500	1926.01573
29.94000	1938.29910
29.95500	1943.08522
29.97000	1939.06921
29.98500	1926.22274
30.00000	1905.99502
30.01500	1880.94233
30.03000	1853.98924
30.04500	1827.77017
30.06000	1804.31296
30.07500	1785.01489
30.09000	1770.75030
30.10500	1762.03775
30.12000	1759.13045
30.13500	1762.11682
30.15000	1770.99264
30.16500	1785.71400
30.18000	1806.23639
30.19500	1832.54766
30.21000	1864.71016
30.22500	1902.90689
30.24000	1947.46558
30.25500	1998.78458
30.27000	2057.11512
30.28500	2122.24643
30.30000	2193.20496
30.31500	2268.05618
30.33000	2343.84907
30.34500	2416.73736
30.36000	2482.28081
30.37500	2535.89936
30.39000	2573.33357
30.40500	2590.87045
30.42000	2585.60227
30.43500	2555.94233
30.45000	2502.52108
30.46500	2428.84818
30.48000	2340.91319
30.49500	2245.76935
30.51000	2149.95462
30.52500	2058.52461
30.54000	1974.85105
30.55500	1900.86423
30.57000	1837.41771
30.58500	1784.61887
30.60000	1742.07899
30.61500	1709.12320
30.63000	1684.93932
30.64500	1668.68630
30.66000	1659.55856
30.67500	1656.82619
30.69000	1659.83172
30.70500	1667.94357
30.72000	1680.50317
30.73500	1696.76177
30.75000	1715.82066
30.76500	1736.57934
30.78000	1757.69477
30.79500	1777.55765
30.81000	1794.30685
30.82500	1805.92716
30.84000	1810.49251
30.85500	1806.58124
30.87000	1793.75683
30.88500	1772.84620
30.90000	1745.77160
30.91500	1714.99011
30.93000	1682.87428
30.94500	1651.32693
30.96000	1621.67705
30.97500	1594.74190
30.99000	1570.95839
31.00500	1550.45424
31.02000	1533.16302
31.03500	1518.89287
31.05000	1507.37660
31.06500	1498.31733
31.08000	1491.43153
31.09500	1486.45975
31.11000	1483.21178
31.12500	1481.55127
31.14000	1481.39897
31.15500	1482.72214
31.17000	1485.51739
31.18500	1489.78869
31.20000	1495.52189
31.21500	1502.65889
31.23000	1511.07370
31.24500	1520.55301
31.26000	1530.78235
31.27500	1541.33756
31.29000	1551.68304
31.30500	1561.18260
31.32000	1569.13820
31.33500	1574.87989
31.35000	1577.92227
31.36500	1578.16230
31.38000	1576.02543
31.39500	1572.46188
31.41000	1568.76448
31.42500	1566.31738
31.44000	1566.40099
31.45500	1570.09656
31.47000	1578.25957
31.48500	1591.51146
31.50000	1610.21919
31.51500	1634.45712
31.53000	1663.95783
31.54500	1698.06232
31.56000	1735.67626
31.57500	1775.27303
31.59000	1814.85894
31.60500	1851.91926
31.62000	1883.60222
31.63500	1906.95017
31.65000	1919.07726
31.66500	1918.02675
31.68000	1903.39752
31.69500	1876.69230
31.71000	1841.01555
31.72500	1800.23541
31.74000	1758.08150
31.75500	1717.57295
31.77000	1680.83892
31.78500	1649.17884
31.80000	1623.20141
31.81500	1602.95950
31.83000	1588.06022
31.84500	1577.74864
31.86000	1570.99105
31.87500	1566.54103
31.89000	1563.02457
31.90500	1559.05767
31.92000	1553.41719
31.93500	1545.25126
31.95000	1534.24899
31.96500	1520.67054
31.98000	1505.19799
31.99500	1488.67236
32.01000	1471.88044
32.02500	1455.45234
32.04000	1439.85274
32.05500	1425.40866
32.07000	1412.33443
32.08500	1400.74630
32.10000	1390.67467
32.11500	1382.08051
32.13000	1374.87543
32.14500	1368.94220
32.16000	1364.14873
32.17500	1360.36221
32.19000	1357.46445
32.20500	1355.34871
32.22000	1353.92063
32.23500	1353.10587
32.25000	1352.84088
32.26500	1353.07344
32.28000	1353.76201
32.29500	1354.86872
32.31000	1356.37738
32.32500	1358.27217
32.34000	1360.52933
32.35500	1363.10115
32.37000	1365.90225
32.38500	1368.80524
32.40000	1371.64113
32.41500	1374.22843
32.43000	1376.39946
32.44500	1378.04833
32.46000	1379.17519
32.47500	1379.87938
32.49000	1380.38543
32.50500	1380.99339
32.52000	1382.06689
32.53500	1384.02847
32.55000	1387.34541
32.56500	1392.49811
32.58000	1399.91524
32.59500	1409.96107
32.61000	1422.86942
32.62500	1438.71527
32.64000	1457.38393
32.65500	1478.53984
32.67000	1501.60064
32.68500	1525.71643
32.70000	1549.75864
32.71500	1572.32877
32.73000	1591.81134
32.74500	1606.50523
32.76000	1614.86161
32.77500	1615.80146
32.79000	1608.99105
32.80500	1594.95056
32.82000	1574.87573
32.83500	1550.33625
32.85000	1522.98797
32.86500	1494.38916
32.88000	1465.89079
32.89500	1438.56347
32.91000	1413.19444
32.92500	1390.24700
32.94000	1369.94281
32.95500	1352.30918
32.97000	1337.23327
32.98500	1324.51058
33.00000	1313.88427
33.01500	1305.07593
33.03000	1297.80869
33.04500	1291.82359
33.06000	1286.88950
33.07500	1282.80853
33.09000	1279.41738
33.10500	1276.58753
33.12000	1274.21141
33.13500	1272.21528
33.15000	1270.54720
33.16500	1269.17199
33.18000	1268.07020
33.19500	1267.23642
33.21000	1266.67833
33.22500	1266.41759
33.24000	1266.49071
33.25500	1266.95121
33.27000	1267.87224
33.28500	1269.34940
33.30000	1271.50334
33.31500	1274.48149
33.33000	1278.45809
33.34500	1283.63171
33.36000	1290.21945
33.37500	1298.44739
33.39000	1308.53036
33.40500	1320.65670
33.42000	1334.95924
33.43500	1351.48191
33.45000	1370.14699
33.46500	1390.70433
33.48000	1412.72664
33.49500	1435.56367
33.51000	1458.33190
33.52500	1479.91629
33.54000	1499.00243
33.55500	1514.15389
33.57000	1523.98252
33.58500	1527.38196
33.60000	1523.78679
33.61500	1513.36035
33.63000	1497.00583
33.64500	1476.17752
33.66000	1452.56832
33.67500	1427.80278
33.69000	1403.23458
33.70500	1379.87409
33.72000	1358.40415
33.73500	1339.23760
33.75000	1322.58049
33.76500	1308.48941
33.78000	1296.91720
33.79500	1287.75184
33.81000	1280.84842
33.82500	1276.05529
33.84000	1273.23372
33.85500	1272.27082
33.87000	1273.08559
33.88500	1275.62879
33.90000	1279.87052
33.91500	1285.79415
33.93000	1293.37677
33.94500	1302.56669
33.96000	1313.26269
33.97500	1325.29341
33.99000	1338.40006
34.00500	1352.22440
34.02000	1366.30358
34.03500	1380.07526
34.05000	1392.90123
34.06500	1404.12080
34.08000	1413.15584
34.09500	1419.65751
34.11000	1423.65610
34.12500	1425.63930
34.14000	1426.49361
34.15500	1427.31661
34.17000	1429.18660
34.18500	1432.97817
34.20000	1439.25885
34.21500	1448.25113
34.23000	1459.82925
34.24500	1473.52950
34.26000	1488.56619
34.27500	1503.85645
34.29000	1518.06589
34.30500	1529.69866
34.32000	1537.26101
34.33500	1539.51221
34.35000	1535.76303
34.36500	1526.10812
34.38000	1511.46003
34.39500	1493.33986
34.41000	1473.53155
34.42500	1453.76151
34.44000	1435.52079
34.45500	1420.02419
34.47000	1408.23623
34.48500	1400.93188
34.50000	1398.74900
34.51500	1402.22440
34.53000	1411.81206
34.54500	1427.88468
34.56000	1450.71745
34.57500	1480.45945
34.59000	1517.08484
34.60500	1560.33287
34.62000	1609.63813
34.63500	1664.05827
34.65000	1722.20666
34.66500	1782.19982
34.68000	1841.63084
34.69500	1897.60379
34.71000	1946.87274
34.72500	1986.14378
34.74000	2012.54719
34.75500	2024.17045
34.77000	2020.43367
34.78500	2002.07964
34.80000	1970.81204
34.81500	1928.81528
34.83000	1878.44011
34.84500	1822.11665
34.86000	1762.34268
34.87500	1701.58637
34.89000	1642.08654
34.90500	1585.65206
34.92000	1533.55542
34.93500	1486.53888
34.95000	1444.89548
34.96500	1408.57597
34.98000	1377.29525
34.99500	1350.63663
35.01000	1328.11926
35.02500	1309.25576
35.04000	1293.58513
35.05500	1280.68803
35.07000	1270.19230
35.08500	1261.77557
35.10000	1255.16772
35.11500	1250.15310
35.13000	1246.57161
35.14500	1244.31817
35.16000	1243.34094
35.17500	1243.63859
35.19000	1245.25662
35.20500	1248.28226
35.22000	1252.84670
35.23500	1259.10397
35.25000	1267.23029
35.26500	1277.41374
35.28000	1289.83713
35.29500	1304.64892
35.31000	1321.95760
35.32500	1341.80133
35.34000	1364.11721
35.35500	1388.71758
35.37000	1415.27381
35.38500	1443.29654
35.40000	1472.13431
35.41500	1500.98798
35.43000	1528.95514
35.44500	1555.12443
35.46000	1578.73676
35.47500	1599.41817
35.49000	1617.40329
35.50500	1633.68492
35.52000	1649.95293
35.53500	1668.33720
35.55000	1691.04785
35.56500	1720.04915
35.58000	1756.83466
35.59500	1802.29863
35.61000	1856.66312
35.62500	1919.42260
35.64000	1989.29631
35.65500	2064.18895
35.67000	2141.19164
35.68500	2216.65348
35.70000	2286.36720
35.71500	2345.88881
35.73000	2390.96787
35.74500	2417.99830
35.76000	2424.38445
35.77500	2408.81876
35.79000	2371.51856
35.80500	2314.33785
35.82000	2240.74839
35.83500	2155.39677
35.85000	2063.37877
35.86500	1969.49447
35.88000	1877.75182
35.89500	1791.16423
35.91000	1711.79434
35.92500	1640.91361
35.94000	1579.17708
35.95500	1526.78330
35.97000	1483.60624
35.98500	1449.30136
36.00000	1423.38511
36.01500	1405.31082
36.03000	1394.49979
36.04500	1390.36436
36.06000	1392.32245
36.07500	1399.79337
36.09000	1412.17378
36.10500	1428.81665
36.12000	1449.00251
36.13500	1471.91573
36.15000	1496.63428
36.16500	1522.13580
36.18000	1547.30191
36.19500	1570.91409
36.21000	1591.63513
36.22500	1608.00748
36.24000	1618.51351
36.25500	1621.74721
36.27000	1616.68987
36.28500	1603.00460
36.30000	1581.21068
36.31500	1552.63736
36.33000	1519.14106
36.34500	1482.73504
36.36000	1445.28057
36.37500	1408.30468
36.39000	1372.94694
36.40500	1339.97955
36.42000	1309.88016
36.43500	1282.88498
36.45000	1259.04762
36.46500	1238.28539
36.48000	1220.41780
36.49500	1205.19898
36.51000	1192.34542
36.52500	1181.55904
36.54000	1172.54480
36.55500	1165.02640
36.57000	1158.74816
36.58500	1153.49292
36.60000	1149.07581
36.61500	1145.34386
36.63000	1142.17431
36.64500	1139.47118
36.66000	1137.16148
36.67500	1135.19161
36.69000	1133.52327
36.70500	1132.13088
36.72000	1131.00279
36.73500	1130.13702
36.75000	1129.54199
36.76500	1129.23642
36.78000	1129.24991
36.79500	1129.62373
36.81000	1130.41191
36.82500	1131.68047
36.84000	1133.50628
36.85500	1135.98209
36.87000	1139.20864
36.88500	1143.29294
36.90000	1148.34314
36.91500	1154.46166
36.93000	1161.73604
36.94500	1170.22982
36.96000	1179.96643
36.97500	1190.92144
36.99000	1203.00321
37.00500	1216.03870
37.02000	1229.75921
37.03500	1243.78927
37.05000	1257.64188
37.06500	1270.72529
37.08000	1282.36918
37.09500	1291.88007
37.11000	1298.63277
37.12500	1302.18992
37.14000	1302.41772
37.15500	1299.54709
37.17000	1294.14158
37.18500	1286.97770
37.20000	1278.88637
37.21500	1270.62180
37.23000	1262.77891
37.24500	1255.76520
37.26000	1249.80362
37.27500	1244.94865
37.29000	1241.10596
37.30500	1238.05484
37.32000	1235.47719
37.33500	1232.99866
37.35000	1230.24588
37.36500	1226.91615
37.38000	1222.84537
37.39500	1218.05143
37.41000	1212.72515
37.42500	1207.19005
37.44000	1201.86126
37.45500	1197.12808
37.47000	1193.36238
37.48500	1190.89321
37.50000	1190.00700
37.51500	1190.95359
37.53000	1193.94988
37.54500	1199.18041
37.56000	1206.79275
37.57500	1216.88742
37.59000	1229.50672
37.60500	1244.62223
37.62000	1262.11325
37.63500	1281.74806
37.65000	1303.16351
37.66500	1325.84581
37.68000	1349.12004
37.69500	1372.14920
37.71000	1393.95240
37.72500	1413.45347
37.74000	1429.55863
37.75500	1441.26468
37.77000	1447.79863
37.78500	1448.77138
37.80000	1444.29116
37.81500	1434.99788
37.83000	1421.97848
37.84500	1406.58524
37.86000	1390.22938
37.87500	1374.18871
37.89000	1359.51950
37.90500	1347.01818
37.92000	1337.22999
37.93500	1330.47375
37.95000	1326.87115
37.96500	1326.36924
37.98000	1328.76360
37.99500	1333.72063
38.01000	1340.80547
38.02500	1349.52459
38.04000	1359.38752
38.05500	1369.98586
38.07000	1381.07448
38.08500	1392.62830
38.10000	1404.83952
38.11500	1418.04796
38.13000	1432.62025
38.14500	1448.82263
38.16000	1466.72033
38.17500	1486.12047
38.19000	1506.55576
38.20500	1527.31650
38.22000	1547.51576
38.23500	1566.19962
38.25000	1582.48281
38.26500	1595.67330
38.28000	1605.33565
38.29500	1611.26331
38.31000	1613.38258
38.32500	1611.65649
38.34000	1606.05556
38.35500	1596.61293
38.37000	1583.51817
38.38500	1567.17369
38.40000	1548.16064
38.41500	1527.12333
38.43000	1504.63405
38.44500	1481.10735
38.46000	1456.79806
38.47500	1431.87170
38.49000	1406.50310
38.50500	1380.95083
38.52000	1355.57267
38.53500	1330.78309
38.55000	1306.98613
38.56500	1284.51780
38.58000	1263.61990
38.59500	1244.44289
38.61000	1227.06381
38.62500	1211.50628
38.64000	1197.75466
38.65500	1185.76749
38.67000	1175.47889
38.68500	1166.80319
38.70000	1159.63716
38.71500	1153.86143
38.73000	1149.34159
38.74500	1145.92750
38.76000	1143.45411
38.77500	1141.75659
38.79000	1140.65294
38.80500	1139.96500
38.82000	1139.52111
38.83500	1139.17196
38.85000	1138.80040
38.86500	1138.32917
38.88000	1137.72005
38.89500	1136.96222
38.91000	1136.05907
38.92500	1135.01251
38.94000	1133.81697
38.95500	1132.46810
38.97000	1130.97202
38.98500	1129.36062
39.00000	1127.70226
39.01500	1126.09796
39.03000	1124.67905
39.04500	1123.58836
39.06000	1122.96886
39.07500	1122.95554
39.09000	1123.67233
39.10500	1125.23042
39.12000	1127.73080
39.13500	1131.26386
39.15000	1135.90741
39.16500	1141.72546
39.18000	1148.76374
39.19500	1157.04623
39.21000	1166.56938
39.22500	1177.29413
39.24000	1189.14849
39.25500	1202.00172
39.27000	1215.67480
39.28500	1229.93468
39.30000	1244.49537
39.31500	1259.03474
39.33000	1273.22672
39.34500	1286.79379
39.36000	1299.57639
39.37500	1311.60202
39.39000	1323.13090
39.40500	1334.64791
39.42000	1346.79582
39.43500	1360.26899
39.45000	1375.69999
39.46500	1393.56624
39.48000	1414.12501
39.49500	1437.37192
39.51000	1463.02412
39.52500	1490.50231
39.54000	1518.90446
39.55500	1547.04199
39.57000	1573.47803
39.58500	1596.62059
39.60000	1614.87721
39.61500	1626.85680
39.63000	1631.57769
39.64500	1628.62067
39.66000	1618.15782
39.67500	1600.86110
39.69000	1577.73646
39.70500	1549.95373
39.72000	1518.74447
39.73500	1485.34051
39.75000	1450.93803
39.76500	1416.65414
39.78000	1383.47855
39.79500	1352.23395
39.81000	1323.55804
39.82500	1297.91153
39.84000	1275.60012
39.85500	1256.80678
39.87000	1241.62140
39.88500	1230.06629
39.90000	1222.12045
39.91500	1217.73434
39.93000	1216.83897
39.94500	1219.35284
39.96000	1225.17796
39.97500	1234.19829
39.99000	1246.26730
40.00500	1261.19429
40.02000	1278.72591
40.03500	1298.52189
40.05000	1320.15571
40.06500	1343.04893
40.08000	1366.49786
40.09500	1389.66052
40.11000	1411.58196
40.12500	1431.24792
40.14000	1447.69334
40.15500	1460.08775
40.17000	1467.82822
40.18500	1470.63231
40.20000	1468.53375
40.21500	1461.84206
40.23000	1451.08518
40.24500	1436.94879
40.26000	1420.24264
40.27500	1401.85098
40.29000	1382.68690
40.30500	1363.63640
40.32000	1345.50837
40.33500	1328.99179
40.35000	1314.62563
40.36500	1302.78348
40.38000	1293.66934
40.39500	1287.32237
40.41000	1283.62512
40.42500	1282.30961
40.44000	1282.97024
40.45500	1285.07210
40.47000	1287.97028
40.48500	1290.94095
40.50000	1293.23038
40.51500	1294.12334
40.53000	1293.02305
40.54500	1289.52491
40.56000	1283.46110
40.57500	1274.90083
40.59000	1264.11002
40.60500	1251.48959
40.62000	1237.51352
40.63500	1222.67725
40.65000	1207.45841
40.66500	1192.28691
40.68000	1177.52281
40.69500	1163.44690
40.71000	1150.27803
40.72500	1138.14340
40.74000	1127.11721
40.75500	1117.22356
40.77000	1108.44580
40.78500	1100.74095
40.80000	1094.04423
40.81500	1088.27757
40.83000	1083.35586
40.84500	1079.19209
40.86000	1075.70305
40.87500	1072.81131
40.89000	1070.44820
40.90500	1068.55571
40.92000	1067.08678
40.93500	1066.00763
40.95000	1065.29600
40.96500	1064.94173
40.98000	1064.94578
40.99500	1065.31873
41.01000	1066.08127
41.02500	1067.26186
41.04000	1068.89035
41.05500	1071.00385
41.07000	1073.63865
41.08500	1076.82793
41.10000	1080.59850
41.11500	1084.96682
41.13000	1089.93471
41.14500	1095.48459
41.16000	1101.57426
41.17500	1108.13114
41.19000	1115.04620
41.20500	1122.16806
41.22000	1129.29833
41.23500	1136.19082
41.25000	1142.55612
41.26500	1148.07535
41.28000	1152.42833
41.29500	1155.33131
41.31000	1156.58326
41.32500	1156.10737
41.34000	1153.97267
41.35500	1150.38531
41.37000	1145.65616
41.38500	1140.14664
41.40000	1134.21572
41.41500	1128.19174
41.43000	1122.35303
41.44500	1116.92486
41.46000	1112.08433
41.47500	1107.96861
41.49000	1104.68340
41.50500	1102.31067
41.52000	1100.91484
41.53500	1100.54900
41.55000	1101.24996
41.56500	1103.05819
41.58000	1106.00834
41.59500	1110.13484
41.61000	1115.47427
41.62500	1122.06625
41.64000	1129.95344
41.65500	1139.18136
41.67000	1149.79194
41.68500	1161.81298
41.70000	1175.24232
41.71500	1190.03916
41.73000	1206.10094
41.74500	1223.24902
41.76000	1241.21194
41.77500	1259.60411
41.79000	1277.96584
41.80500	1295.68263
41.82000	1312.07183
41.83500	1326.41330
41.85000	1338.02701
41.86500	1346.37184
41.88000	1351.14858
41.89500	1352.36854
41.91000	1350.36102
41.92500	1345.71825
41.94000	1339.17874
41.95500	1331.49814
41.97000	1323.35266
41.98500	1315.26501
42.00000	1307.57339
42.01500	1300.43448
42.03000	1293.83656
42.04500	1287.62957
42.06000	1281.56773
42.07500	1275.36357
42.09000	1268.74987
42.10500	1261.53901
42.12000	1253.66947
42.13500	1245.21752
42.15000	1236.38229
42.16500	1227.42052
42.18000	1218.61736
42.19500	1210.23532
42.21000	1202.49015
42.22500	1195.55152
42.24000	1189.54801
42.25500	1184.58358
42.27000	1180.75169
42.28500	1178.14905
42.30000	1176.88461
42.31500	1177.08374
42.33000	1178.88230
42.34500	1182.41856
42.36000	1187.82333
42.37500	1195.21194
42.39000	1204.67835
42.40500	1216.29108
42.42000	1230.08911
42.43500	1246.07465
42.45000	1264.20194
42.46500	1284.36400
42.48000	1306.37615
42.49500	1329.96074
42.51000	1354.73633
42.52500	1380.20322
42.54000	1405.74395
42.55500	1430.61311
42.57000	1453.94158
42.58500	1474.75611
42.60000	1492.02936
42.61500	1504.76473
42.63000	1512.12305
42.64500	1513.55713
42.66000	1508.91556
42.67500	1498.48028
42.69000	1482.91649
42.70500	1463.15122
42.72000	1440.23507
42.73500	1415.21624
42.75000	1389.06620
42.76500	1362.64635
42.78000	1336.70219
42.79500	1311.86764
42.81000	1288.67131
42.82500	1267.54093
42.84000	1248.81130
42.85500	1232.73075
42.87000	1219.47638
42.88500	1209.16675
42.90000	1201.87512
42.91500	1197.64114
42.93000	1196.48062
42.94500	1198.39045
42.96000	1203.35267
42.97500	1211.33420
42.99000	1222.28311
43.00500	1236.12148
43.02000	1252.73500
43.03500	1271.95982
43.05000	1293.56791
43.06500	1317.25273
43.08000	1342.61770
43.09500	1369.17490
43.11000	1396.35128
43.12500	1423.51197
43.14000	1449.99240
43.15500	1475.13622
43.17000	1498.32397
43.18500	1518.98134
43.20000	1536.56597
43.21500	1550.54516
43.23000	1560.38894
43.24500	1565.60376
43.26000	1565.80558
43.27500	1560.83523
43.29000	1550.83553
43.30500	1536.28717
43.32000	1517.97867
43.33500	1496.89257
43.35000	1474.06688
43.36500	1450.46941
43.38000	1426.90421
43.39500	1403.97928
43.41000	1382.10860
43.42500	1361.54229
43.44000	1342.40973
43.45500	1324.76328
43.47000	1308.61153
43.48500	1293.93333
43.50000	1280.67624
43.51500	1268.74344
43.53000	1257.97842
43.54500	1248.15439
43.56000	1238.98850
43.57500	1230.15964
43.59000	1221.34705
43.60500	1212.27501
43.62000	1202.75483
43.63500	1192.71230
43.65000	1182.19184
43.66500	1171.33740
43.68000	1160.35623
43.69500	1149.47953
43.71000	1138.93016
43.72500	1128.90011
43.74000	1119.54057
43.75500	1110.96634
43.77000	1103.25378
43.78500	1096.44668
43.80000	1090.56080
43.81500	1085.58722
43.83000	1081.49515
43.84500	1078.23426
43.86000	1075.73709
43.87500	1073.92115
43.89000	1072.69006
43.90500	1071.94058
43.92000	1071.55912
43.93500	1071.42775
43.95000	1071.42378
43.96500	1071.42100
43.98000	1071.29119
43.99500	1070.91059
44.01000	1070.16992
44.02500	1068.98432
44.04000	1067.30841
44.05500	1065.14219
44.07000	1062.53150
44.08500	1059.55986
44.10000	1056.33451
44.11500	1052.97101
44.13000	1049.58054
44.14500	1046.26129
44.16000	1043.09567
44.17500	1040.14794
44.19000	1037.46845
44.20500	1035.09189
44.22000	1033.04369
44.23500	1031.33817
44.25000	1029.98230
44.26500	1028.97584
44.28000	1028.31262
44.29500	1027.98182
44.31000	1027.96772
44.32500	1028.25091
44.34000	1028.80973
44.35500	1029.61832
44.37000	1030.65131
44.38500	1031.88250
44.40000	1033.28147
44.41500	1034.83230
44.43000	1036.51504
44.44500	1038.32685
44.46000	1040.28243
44.47500	1042.41795
44.49000	1044.79258
44.50500	1047.48724
44.52000	1050.60070
44.53500	1054.24415
44.55000	1058.53576
44.56500	1063.59578
44.58000	1069.54262
44.59500	1076.48944
44.61000	1084.54074
44.62500	1093.78875
44.64000	1104.30935
44.65500	1116.15768
44.67000	1129.36387
44.68500	1143.92927
44.70000	1159.82337
44.71500	1176.98122
44.73000	1195.30056
44.74500	1214.63705
44.76000	1234.79656
44.77500	1255.52420
44.79000	1276.49244
44.80500	1297.29321
44.82000	1317.44051
44.83500	1336.38948
44.85000	1353.57492
44.86500	1368.46610
44.88000	1380.62751
44.89500	1389.77004
44.91000	1395.77766
44.92500	1398.70342
44.94000	1398.74142
44.95500	1396.19041
44.97000	1391.42298
44.98500	1384.86570
45.00000	1376.98438
45.01500	1368.26597
45.03000	1359.19271
45.04500	1350.21265
45.06000	1341.71509
45.07500	1334.02397
45.09000	1327.39433
45.10500	1322.02432
45.12000	1318.07423
45.13500	1315.67042
45.15000	1314.89956
45.16500	1315.79159
45.18000	1318.29661
45.19500	1322.26191
45.21000	1327.41458
45.22500	1333.35341
45.24000	1339.55362
45.25500	1345.38722
45.27000	1350.16416
45.28500	1353.19425
45.30000	1353.86582
45.31500	1351.72877
45.33000	1346.56266
45.34500	1338.40821
45.36000	1327.55121
45.37500	1314.46302
45.39000	1299.71587
45.40500	1283.90270
45.42000	1267.57994
45.43500	1251.20500
45.45000	1235.14963
45.46500	1219.70030
45.48000	1205.07562
45.49500	1191.44585
45.51000	1178.94818
45.52500	1167.69490
45.54000	1157.77385
45.55500	1149.24352
45.57000	1142.12599
45.58500	1136.40074
45.60000	1132.00077
45.61500	1128.81153
45.63000	1126.67227
45.64500	1125.37984
45.66000	1124.69525
45.67500	1124.35406
45.69000	1124.08134
45.70500	1123.61124
45.72000	1122.70957
45.73500	1121.19568
45.75000	1118.95936
45.76500	1115.96879
45.78000	1112.26844
45.79500	1107.96859
45.81000	1103.23010
45.82500	1098.24796
45.84000	1093.23601
45.85500	1088.41362
45.87000	1083.99501
45.88500	1080.18156
45.90000	1077.15701
45.91500	1075.08497
45.93000	1074.10734
45.94500	1074.34094
45.96000	1075.91954
45.97500	1078.90856
45.99000	1083.37181
46.00500	1089.35085
46.02000	1096.86229
46.03500	1105.89374
46.05000	1116.39512
46.06500	1128.29939
46.08000	1141.46682
46.09500	1155.71550
46.11000	1170.80554
46.12500	1186.43588
46.14000	1202.24620
46.15500	1217.82757
46.17000	1232.74080
46.18500	1246.54292
46.20000	1258.81689
46.21500	1269.19778
46.23000	1277.38795
46.24500	1283.15837
46.26000	1286.33972
46.27500	1286.81279
46.29000	1284.50946
46.30500	1279.42696
46.32000	1271.65273
46.33500	1261.38741
46.35000	1248.95180
46.36500	1234.77129
46.38000	1219.34031
46.39500	1203.17752
46.41000	1186.78394
46.42500	1170.61271
46.44000	1155.05327
46.45500	1140.42794
46.47000	1126.99667
46.48500	1114.96608
46.50000	1104.49959
46.51500	1095.72705
46.53000	1088.75316
46.54500	1083.66422
46.56000	1080.53349
46.57500	1079.42504
46.59000	1080.39624
46.60500	1083.49887
46.62000	1088.77902
46.63500	1096.27552
46.65000	1106.01723
46.66500	1118.01894
46.68000	1132.27603
46.69500	1148.75780
46.71000	1167.39932
46.72500	1188.09170
46.74000	1210.67069
46.75500	1234.90362
46.77000	1260.47526
46.78500	1286.97415
46.80000	1313.88196
46.81500	1340.57030
46.83000	1366.31046
46.84500	1390.30160
46.86000	1411.72013
46.87500	1429.78845
46.89000	1443.85269
46.90500	1453.45263
46.92000	1458.36421
46.93500	1458.60082
46.95000	1454.37784
46.96500	1446.05502
46.98000	1434.04197
46.99500	1418.76899
47.01000	1400.65447
47.02500	1380.10638
47.04000	1357.53961
47.05500	1333.39473
47.07000	1308.14539
47.08500	1282.28892
47.10000	1256.32294
47.11500	1230.71600
47.13000	1205.88147
47.14500	1182.16022
47.16000	1159.81390
47.17500	1139.02741
47.19000	1119.91684
47.20500	1102.54024
47.22000	1086.90887
47.23500	1072.99765
47.25000	1060.75507
47.26500	1050.10870
47.28000	1040.96943
47.29500	1033.26813
47.31000	1026.89417
47.32500	1021.75023
47.34000	1017.73998
47.35500	1014.76725
47.37000	1012.74734
47.38500	1011.62594
47.40000	1011.30799
47.41500	1011.72512
47.43000	1012.81463
47.44500	1014.51947
47.46000	1016.78884
47.47500	1019.58002
47.49000	1022.86190
47.50500	1026.62027
47.52000	1030.86449
47.53500	1035.63440
47.55000	1041.00563
47.56500	1047.09143
47.58000	1054.03977
47.59500	1062.02566
47.61000	1071.24055
47.62500	1081.87784
47.64000	1094.12125
47.65500	1108.13267
47.67000	1124.04184
47.68500	1141.93729
47.70000	1161.85825
47.71500	1183.78705
47.73000	1207.64128
47.74500	1233.26511
47.76000	1260.41895
47.77500	1288.76709
47.79000	1317.86362
47.80500	1347.13840
47.82000	1375.88717
47.83500	1403.27154
47.85000	1428.33653
47.86500	1450.05300
47.88000	1467.38862
47.89500	1479.41067
47.91000	1485.38743
47.92500	1484.89898
47.94000	1477.90274
47.95500	1464.74574
47.97000	1446.11616
47.98500	1422.94759
48.00000	1396.30189
48.01500	1367.25774
48.03000	1336.82847
48.04500	1305.92554
48.06000	1275.29339
48.07500	1245.54525
48.09000	1217.16326
48.10500	1190.51136
48.12000	1165.85447
48.13500	1143.37027
48.15000	1123.16398
48.16500	1105.27852
48.18000	1089.70366
48.19500	1076.38393
48.21000	1065.22551
48.22500	1056.10239
48.24000	1048.86199
48.25500	1043.33056
48.27000	1039.31883
48.28500	1036.62837
48.30000	1035.05899
48.31500	1034.41708
48.33000	1034.52423
48.34500	1035.22451
48.36000	1036.38875
48.37500	1037.91414
48.39000	1039.71886
48.40500	1041.73247
48.42000	1043.88467
48.43500	1046.09473
48.45000	1048.26426
48.46500	1050.27522
48.48000	1051.99412
48.49500	1053.28275
48.51000	1054.01457
48.52500	1054.09403
48.54000	1053.47565
48.55500	1052.17747
48.57000	1050.28568
48.58500	1047.94869
48.60000	1045.36220
48.61500	1042.74928
48.63000	1040.34000
48.64500	1038.35439
48.66000	1036.99049
48.67500	1036.41735
48.69000	1036.77195
48.70500	1038.15839
48.72000	1040.64786
48.73500	1044.27873
48.75000	1049.05597
48.76500	1054.94994
48.78000	1061.89450
48.79500	1069.78533
48.81000	1078.47909
48.82500	1087.79473
48.84000	1097.51843
48.85500	1107.41304
48.87000	1117.23245
48.88500	1126.73968
48.90000	1135.72583
48.91500	1144.02644
48.93000	1151.53166
48.94500	1158.18860
48.96000	1163.99635
48.97500	1168.99594
48.99000	1173.25749
49.00500	1176.86632
49.02000	1179.90904
49.03500	1182.46127
49.05000	1184.57942
49.06500	1186.29943
49.08000	1187.64409
49.09500	1188.63826
49.11000	1189.32814
49.12500	1189.79832
49.14000	1190.18047
49.15500	1190.64973
49.17000	1191.40899
49.18500	1192.66513
49.20000	1194.60286
49.21500	1197.37019
49.23000	1201.05619
49.24500	1205.68640
49.26000	1211.23201
49.27500	1217.61549
49.29000	1224.72044
49.30500	1232.39948
49.32000	1240.47790
49.33500	1248.75234
49.35000	1256.98677
49.36500	1264.90961
49.38000	1272.21863
49.39500	1278.59677
49.41000	1283.74008
49.42500	1287.39350
49.44000	1289.38572
49.45500	1289.65256
49.47000	1288.24031
49.48500	1285.28675
49.50000	1280.98423
49.51500	1275.53516
49.53000	1269.11074
49.54500	1261.82719
49.56000	1253.73129
49.57500	1244.81000
49.59000	1235.01846
49.60500	1224.31340
49.62000	1212.68940
49.63500	1200.20766
49.65000	1187.01038
49.66500	1173.31753
49.68000	1159.40838
49.69500	1145.59381
49.71000	1132.18708
49.72500	1119.47898
49.74000	1107.72038
49.75500	1097.11236
49.77000	1087.80225
49.78500	1079.88340
49.80000	1073.39683
49.81500	1068.33334
49.83000	1064.63505
49.84500	1062.19661
49.86000	1060.86571
49.87500	1060.44380
49.89000	1060.68806
49.90500	1061.31611
49.92000	1062.01516
49.93500	1062.45693
49.95000	1062.31864
49.96500	1061.30844
49.98000	1059.19205
49.99500	1055.81555
50.01000	1051.11920
50.02500	1045.13905
50.04000	1037.99985
50.05500	1029.88888
50.07000	1021.03664
50.08500	1011.69032
50.10000	1002.09807
50.11500	992.48892
50.13000	983.07127
50.14500	974.01335
50.16000	965.45829
50.17500	957.52105
50.19000	950.29152
50.20500	943.83811
50.22000	938.21153
50.23500	933.44830
50.25000	929.57394
50.26500	926.60548
50.28000	924.55294
50.29500	923.41982
50.31000	923.20255
50.32500	923.88913
50.34000	925.45737
50.35500	927.87294
50.37000	931.08747
50.38500	935.03657
50.40000	939.63795
50.41500	944.78914
50.43000	950.36526
50.44500	956.21669
50.46000	962.16753
50.47500	968.01554
50.49000	973.53489
50.50500	978.48741
50.52000	982.63014
50.53500	985.73339
50.55000	987.60600
50.56500	988.11666
50.58000	987.21120
50.59500	984.92110
50.61000	981.36022
50.62500	976.71072
50.64000	971.20161
50.65500	965.08531
50.67000	958.61701
50.68500	952.03940
50.70000	945.57293
50.71500	939.41227
50.73000	933.72605
50.74500	928.65710
50.76000	924.33347
50.77500	920.86364
50.79000	918.33094
50.80500	916.80769
50.82000	916.35119
50.83500	917.00407
50.85000	918.79434
50.86500	921.73443
50.88000	925.82037
50.89500	931.03065
50.91000	937.33895
50.92500	944.67992
50.94000	952.97414
50.95500	962.11861
50.97000	971.98579
50.98500	982.42385
51.00000	993.25899
51.01500	1004.30022
51.03000	1015.34650
51.04500	1026.19515
51.06000	1036.64829
51.07500	1046.53275
51.09000	1055.67823
51.10500	1063.93635
51.12000	1071.17410
51.13500	1077.27374
51.15000	1082.13591
51.16500	1085.68649
51.18000	1087.88493
51.19500	1088.73047
51.21000	1088.26340
51.22500	1086.55527
51.24000	1083.69603
51.25500	1079.77564
51.27000	1074.86816
51.28500	1069.02278
51.30000	1062.26240
51.31500	1054.59320
51.33000	1046.01990
51.34500	1036.56362
51.36000	1026.27747
51.37500	1015.25548
51.39000	1003.63301
51.40500	991.57888
51.42000	979.28185
51.43500	966.93505
51.45000	954.72168
51.46500	942.80437
51.48000	931.31883
51.49500	920.37168
51.51000	910.04137
51.52500	900.38126
51.54000	891.42373
51.55500	883.18457
51.57000	875.66739
51.58500	868.86822
51.60000	862.77565
51.61500	857.37519
51.63000	852.64981
51.64500	848.58071
51.66000	845.14774
51.67500	842.32987
51.69000	840.10533
51.70500	838.45166
51.72000	837.34539
51.73500	836.76118
51.75000	836.67209
51.76500	837.04676
51.78000	837.84829
51.79500	839.03363
51.81000	840.55181
51.82500	842.34259
51.84000	844.33522
51.85500	846.44766
51.87000	848.58672
51.88500	850.64947
51.90000	852.52678
51.91500	854.10909
51.93000	855.29447
51.94500	855.99810
51.96000	856.16146
51.97500	855.75947
51.99000	854.80352
52.00500	853.33949
52.02000	851.44122
52.03500	849.20086
52.05000	846.71829
52.06500	844.09143
52.08000	841.40874
52.09500	838.74422
52.11000	836.15473
52.12500	833.67889
52.14000	831.33726
52.15500	829.13316
52.17000	827.05415
52.18500	825.07415
52.20000	823.15653
52.21500	821.25807
52.23000	819.33386
52.24500	817.34253
52.26000	815.25135
52.27500	813.03999
52.29000	810.70203
52.30500	808.24975
52.32000	805.70558
52.33500	803.09812
52.35000	800.46380
52.36500	797.84159
52.38000	795.27059
52.39500	792.78871
52.41000	790.43195
52.42500	788.23429
52.44000	786.22775
52.45500	784.44271
52.47000	782.90812
52.48500	781.65161
52.50000	780.69948
52.51500	780.07657
52.53000	779.80588
52.54500	779.90826
52.56000	780.40213
52.57500	781.30300
52.59000	782.62292
52.60500	784.36990
52.62000	786.54705
52.63500	789.14956
52.65000	792.17618
52.66500	795.61623
52.68000	799.44605
52.69500	803.63269
52.71000	808.13642
52.72500	812.90691
52.74000	817.88204
52.75500	822.98580
52.77000	828.13301
52.78500	833.22271
52.80000	838.13553
52.81500	842.74188
52.83000	846.90292
52.84500	850.47693
52.86000	853.32860
52.87500	855.34079
52.89000	856.42695
52.90500	856.54199
52.92000	855.68885
52.93500	853.91919
52.95000	851.32764
52.96500	848.04105
52.98000	844.20526
52.99500	839.97182
53.01000	835.48699
53.02500	830.88392
53.04000	826.27823
53.05500	821.76641
53.07000	817.42633
53.08500	813.31913
53.10000	809.49196
53.11500	805.98089
53.13000	802.81386
53.14500	800.01311
53.16000	797.59690
53.17500	795.58032
53.19000	793.97531
53.20500	792.79003
53.22000	792.02781
53.23500	791.68639
53.25000	791.75733
53.26500	792.22603
53.28000	793.07208
53.29500	794.26956
53.31000	795.78839
53.32500	797.59483
53.34000	799.65178
53.35500	801.91875
53.37000	804.35099
53.38500	806.89890
53.40000	809.52026
53.41500	812.15030
53.43000	814.72647
53.44500	817.18273
53.46000	819.45141
53.47500	821.46683
53.49000	823.17309
53.50500	824.52408
53.52000	825.48702
53.53500	826.05098
53.55000	826.22823
53.56500	826.05641
53.58000	825.59187
53.59500	824.91039
53.61000	824.09975
53.62500	823.25277
53.64000	822.46021
53.65500	821.80458
53.67000	821.35531
53.68500	821.16536
53.70000	821.26919
53.71500	821.68163
53.73000	822.39727
53.74500	823.39023
53.76000	824.61415
53.77500	826.00267
53.79000	827.47068
53.80500	828.91700
53.82000	830.22902
53.83500	831.28970
53.85000	831.98674
53.86500	832.22334
53.88000	831.92902
53.89500	831.06806
53.91000	829.64665
53.92500	827.71780
53.94000	825.36139
53.95500	822.69009
53.97000	819.83484
53.98500	816.93470
54.00000	814.12859
54.01500	811.55154
54.03000	809.32474
54.04500	807.55900
54.06000	806.35262
54.07500	805.79153
54.09000	805.94972
54.10500	806.88948
54.12000	808.66158
54.13500	811.30503
54.15000	814.84653
54.16500	819.29969
54.18000	824.66387
54.19500	830.92280
54.21000	838.04304
54.22500	845.97224
54.24000	854.63757
54.25500	863.94430
54.27000	873.77505
54.28500	883.98997
54.30000	894.42830
54.31500	904.91144
54.33000	915.24762
54.34500	925.23765
54.36000	934.68095
54.37500	943.38108
54.39000	951.14996
54.40500	957.81094
54.42000	963.20137
54.43500	967.17605
54.45000	969.61252
54.46500	970.41832
54.48000	969.53920
54.49500	966.96625
54.51000	962.73965
54.52500	956.94894
54.54000	949.72830
54.55500	941.24797
54.57000	931.70502
54.58500	921.31345
54.60000	910.29471
54.61500	898.86916
54.63000	887.24845
54.64500	875.62925
54.66000	864.18843
54.67500	853.07989
54.69000	842.43297
54.70500	832.35232
54.72000	822.91871
54.73500	814.19067
54.75000	806.20632
54.76500	798.98547
54.78000	792.53172
54.79500	786.83453
54.81000	781.87131
54.82500	777.60960
54.84000	774.00922
54.85500	771.02444
54.87000	768.60594
54.88500	766.70246
54.90000	765.26201
54.91500	764.23264
54.93000	763.56258
54.94500	763.20030
54.96000	763.09433
54.97500	763.19306
54.99000	763.44384
55.00500	763.80188
55.02000	764.21275
55.03500	764.62576
55.05000	764.98989
55.06500	765.25392
55.08000	765.36710
55.09500	765.28110
55.11000	764.95285
55.12500	764.34837
55.14000	763.44669
55.15500	762.24287
55.17000	760.74951
55.18500	758.99617
55.20000	757.02664
55.21500	754.89484
55.23000	752.65987
55.24500	750.38141
55.26000	748.11571
55.27500	745.91285
55.29000	743.81513
55.30500	741.85638
55.32000	740.06224
55.33500	738.45095
55.35000	737.03466
55.36500	735.82102
55.38000	734.81498
55.39500	734.02055
55.41000	733.44249
55.42500	733.08746
55.44000	732.96469
55.45500	733.08705
55.47000	733.46910
55.48500	734.12784
55.50000	735.08149
55.51500	736.34868
55.53000	737.94759
55.54500	739.89501
55.56000	742.20529
55.57500	744.88916
55.59000	747.95253
55.60500	751.39527
55.62000	755.21006
55.63500	759.38150
55.65000	763.88538
55.66500	768.68849
55.68000	773.74871
55.69500	779.01618
55.71000	784.43467
55.72500	789.94374
55.74000	795.48098
55.75500	800.98406
55.77000	806.39140
55.78500	811.65260
55.80000	816.71576
55.81500	821.52554
55.83000	826.03171
55.84500	830.18456
55.86000	833.93554
55.87500	837.23923
55.89000	840.05648
55.90500	842.35819
55.92000	844.12876
55.93500	845.36837
55.95000	846.09337
55.96500	846.33457
55.98000	846.13370
55.99500	845.53856
56.01000	844.59830
56.02500	843.35930
56.04000	841.86277
56.05500	840.14406
56.07000	838.23372
56.08500	836.15953
56.10000	833.95344
56.11500	831.64900
56.13000	829.28215
56.14500	826.89689
56.16000	824.54269
56.17500	822.27265
56.19000	820.14058
56.20500	818.19819
56.22000	816.49223
56.23500	815.06214
56.25000	813.93864
56.26500	813.14265
56.28000	812.68481
56.29500	812.56545
56.31000	812.77451
56.32500	813.29148
56.34000	814.08508
56.35500	815.11566
56.37000	816.33146
56.38500	817.67262
56.40000	819.07192
56.41500	820.45737
56.43000	821.75595
56.44500	822.89843
56.46000	823.82503
56.47500	824.49132
56.49000	824.87337
56.50500	824.97137
56.52000	824.81068
56.53500	824.44078
56.55000	823.92954
56.56500	823.35710
56.58000	822.80833
56.59500	822.36491
56.61000	822.09860
56.62500	822.06580
56.64000	822.30365
56.65500	822.82757
56.67000	823.62985
56.68500	824.67904
56.70000	825.92224
56.71500	827.28509
56.73000	828.67471
56.74500	829.98592
56.76000	831.10731
56.77500	831.92969
56.79000	832.35509
56.80500	832.30604
56.82000	831.73209
56.83500	830.61404
56.85000	828.96537
56.86500	826.85000
56.88000	824.32573
56.89500	821.47739
56.91000	818.39538
56.92500	815.16691
56.94000	811.86900
56.95500	808.56382
56.97000	805.29614
56.98500	802.09354
57.00000	798.97070
57.01500	795.92641
57.03000	792.95318
57.04500	790.04027
57.06000	787.17809
57.07500	784.36165
57.09000	781.59265
57.10500	778.87995
57.12000	776.23835
57.13500	773.68599
57.15000	771.24095
57.16500	768.91761
57.18000	766.72322
57.19500	764.65532
57.21000	762.70030
57.22500	760.83323
57.24000	759.01917
57.25500	757.21590
57.27000	755.37781
57.28500	753.46063
57.30000	751.42622
57.31500	749.24681
57.33000	746.90771
57.34500	744.40824
57.36000	741.76048
57.37500	738.98636
57.39000	736.11357
57.40500	733.17124
57.42000	730.18610
57.43500	727.17949
57.45000	724.16577
57.46500	721.15183
57.48000	718.13798
57.49500	715.11969
57.51000	712.08989
57.52500	709.04156
57.54000	705.97015
57.55500	702.87420
57.57000	699.76426
57.58500	696.65381
57.60000	693.55847
57.61500	690.50065
57.63000	687.50545
57.64500	684.59838
57.66000	681.80397
57.67500	679.14466
57.69000	676.63981
57.70500	674.30506
57.72000	672.15112
57.73500	670.18551
57.75000	668.43065
57.76500	666.87817
57.78000	665.52851
57.79500	664.37969
57.81000	663.42752
57.82500	662.66577
57.84000	662.08630
57.85500	661.67917
57.87000	661.43269
57.88500	661.33364
57.90000	661.36747
57.91500	661.51884
57.93000	661.77213
57.94500	662.11237
57.96000	662.52623
57.97500	663.00289
57.99000	663.53772
58.00500	664.12992
58.02000	664.78259
58.03500	665.50527
58.05000	666.31224
58.06500	667.22136
58.08000	668.25269
58.09500	669.42700
58.11000	670.76431
58.12500	672.28265
58.14000	673.99723
58.15500	675.91955
58.17000	678.05686
58.18500	680.41156
58.20000	682.98013
58.21500	685.75730
58.23000	688.72958
58.24500	691.87459
58.26000	695.16462
58.27500	698.56452
58.29000	702.03162
58.30500	705.51610
58.32000	708.96214
58.33500	712.30986
58.35000	715.49839
58.36500	718.46971
58.38000	721.17316
58.39500	723.56985
58.41000	725.63632
58.42500	727.36669
58.44000	728.77288
58.45500	729.88272
58.47000	730.73639
58.48500	731.38184
58.50000	731.86993
58.51500	732.25016
58.53000	732.56731
58.54500	732.85924
58.56000	733.15585
58.57500	733.47885
58.59000	733.84216
58.60500	734.25251
58.62000	734.71029
58.63500	735.21072
58.65000	735.74473
58.66500	736.30003
58.68000	736.86326
58.69500	737.42162
58.71000	737.96487
58.72500	738.48690
58.74000	738.98663
58.75500	739.46787
58.77000	739.93828
58.78500	740.40694
58.80000	740.88419
58.81500	741.37624
58.83000	741.88319
58.84500	742.39917
58.86000	742.91087
58.87500	743.39775
58.89000	743.83273
58.90500	744.18370
58.92000	744.41516
58.93500	744.49032
58.95000	744.37316
58.96500	744.03048
58.98000	743.43379
58.99500	742.56095
59.01000	741.39753
59.02500	739.93794
59.04000	738.18621
59.05500	736.15648
59.07000	733.87308
59.08500	731.36992
59.10000	728.68927
59.11500	725.87972
59.13000	722.99369
59.14500	720.08467
59.16000	717.20451
59.17500	714.40115
59.19000	711.71697
59.20500	709.18773
59.22000	706.84212
59.23500	704.70168
59.25000	702.78092
59.26500	701.08759
59.28000	699.62281
59.29500	698.38120
59.31000	697.35111
59.32500	696.51484
59.34000	695.84923
59.35500	695.32647
59.37000	694.91534
59.38500	694.58264
59.40000	694.29550
59.41500	694.02293
59.43000	693.73688
59.44500	693.41463
59.46000	693.03944
59.47500	692.60084
59.49000	692.09434
59.50500	691.52037
59.52000	690.88287
59.53500	690.18746
59.55000	689.43968
59.56500	688.64341
59.58000	687.79985
59.59500	686.90697
59.61000	685.95967
59.62500	684.95054
59.64000	683.87104
59.65500	682.71296
59.67000	681.46980
59.68500	680.13808
59.70000	678.71797
59.71500	677.21339
59.73000	675.63156
59.74500	673.98195
59.76000	672.27503
59.77500	670.52068
59.79000	668.72795
59.80500	666.90346
59.82000	665.05046
59.83500	663.17036
59.85000	661.26298
59.86500	659.32772
59.88000	657.36473
59.89500	655.37603
59.91000	653.36624
59.92500	651.34313
59.94000	649.31736
59.95500	647.30185
59.97000	645.31069
59.98500	643.35788
60.00000	641.46289
60.01500	639.64161
60.03000	637.90320
60.04500	636.25865
60.06000	634.71728
60.07500	633.28675
60.09000	631.97320
60.10500	630.78110
60.12000	629.71342
60.13500	628.78033
60.15000	627.98031
60.16500	627.31607
60.18000	626.79021
60.19500	626.40546
60.21000	626.16474
60.22500	626.07137
60.24000	626.12915
60.25500	626.34254
60.27000	626.71652
60.28500	627.25649
60.30000	627.96922
60.31500	628.86481
60.33000	629.94949
60.34500	631.23228
60.36000	632.72292
60.37500	634.43177
60.39000	636.36977
60.40500	638.54828
60.42000	640.97898
60.43500	643.67373
60.45000	646.64436
60.46500	649.90255
60.48000	653.45951
60.49500	657.32578
60.51000	661.51068
60.52500	666.02187
60.54000	670.86500
60.55500	676.04282
60.57000	681.55441
60.58500	687.39377
60.60000	693.54611
60.61500	700.01250
60.63000	706.75942
60.64500	713.75675
60.66000	720.96689
60.67500	728.34496
60.69000	735.83952
60.70500	743.39380
60.72000	750.94743
60.73500	758.43857
60.75000	765.80605
60.76500	772.99141
60.78000	779.94034
60.79500	786.60352
60.81000	792.93654
60.82500	798.89904
60.84000	804.45400
60.85500	809.56718
60.87000	814.20192
60.88500	818.32147
60.90000	821.88729
60.91500	824.85933
60.93000	827.19727
60.94500	828.86283
60.96000	829.82309
60.97500	830.05430
60.99000	829.54576
61.00500	828.30300
61.02000	826.34967
61.03500	823.72770
61.05000	820.49577
61.06500	816.72620
61.08000	812.50099
61.09500	807.90731
61.11000	803.03339
61.12500	797.96474
61.14000	792.78113
61.15500	787.55431
61.17000	782.34625
61.18500	777.21042
61.20000	772.18857
61.21500	767.31203
61.23000	762.60338
61.24500	758.07657
61.26000	753.73947
61.27500	749.59491
61.29000	745.64333
61.30500	741.88286
61.32000	738.31028
61.33500	734.92278
61.35000	731.71784
61.36500	728.69306
61.38000	725.84586
61.39500	723.17302
61.41000	720.67044
61.42500	718.33312
61.44000	716.15555
61.45500	714.13244
61.47000	712.25959
61.48500	710.53470
61.50000	708.95792
61.51500	707.53201
61.53000	706.26191
61.54500	705.15396
61.56000	704.21482
61.57500	703.45027
61.59000	702.86429
61.60500	702.45836
61.62000	702.23120
61.63500	702.17888
61.65000	702.29520
61.66500	702.57229
61.68000	703.00106
61.69500	703.57163
61.71000	704.27341
61.72500	705.09497
61.74000	706.02365
61.75500	707.04501
61.77000	708.14215
61.78500	709.29507
61.80000	710.48022
61.81500	711.66999
61.83000	712.83247
61.84500	713.93101
61.86000	714.92653
61.87500	715.78312
61.89000	716.45466
61.90500	716.90095
61.92000	717.08634
61.93500	716.98249
61.95000	716.57125
61.96500	715.84674
61.98000	714.81632
61.99500	713.50038
62.01000	711.92956
62.02500	710.14921
62.04000	708.21162
62.05500	706.16436
62.07000	704.05946
62.08500	701.94666
62.10000	699.87160
62.11500	697.87480
62.13000	695.99119
62.14500	694.25034
62.16000	692.67693
62.17500	691.29155
62.19000	690.11157
62.20500	689.15172
62.22000	688.42472
62.23500	687.94146
62.25000	687.71102
62.26500	687.74036
62.28000	688.03394
62.29500	688.59334
62.31000	689.41692
62.32500	690.49979
62.34000	691.83393
62.35500	693.40871
62.37000	695.21157
62.38500	697.22893
62.40000	699.44717
62.41500	701.85337
62.43000	704.43600
62.44500	707.18517
62.46000	710.09258
62.47500	713.15119
62.49000	716.35462
62.50500	719.69649
62.52000	723.16971
62.53500	726.76572
62.55000	730.47383
62.56500	734.28053
62.58000	738.16889
62.59500	742.11789
62.61000	746.10185
62.62500	750.08998
62.64000	754.04593
62.65500	757.92763
62.67000	761.68737
62.68500	765.27214
62.70000	768.62451
62.71500	771.68385
62.73000	774.38823
62.74500	776.67647
62.76000	778.49091
62.77500	779.78040
62.79000	780.50298
62.80500	780.62834
62.82000	780.13842
62.83500	779.03463
62.85000	777.34354
62.86500	775.08770
62.88000	772.31398
62.89500	769.08174
62.91000	765.45714
62.92500	761.51347
62.94000	757.32635
62.95500	752.97080
62.97000	748.51935
62.98500	744.03785
63.00000	739.58587
63.01500	735.21480
63.03000	730.97091
63.04500	726.89783
63.06000	723.02352
63.07500	719.37481
63.09000	715.97399
63.10500	712.83943
63.12000	709.98617
63.13500	707.42626
63.15000	705.16883
63.16500	703.22016
63.18000	701.58353
63.19500	700.25912
63.21000	699.24397
63.22500	698.53211
63.24000	698.11489
63.25500	697.98150
63.27000	698.11968
63.28500	698.51646
63.30000	699.15897
63.31500	700.03509
63.33000	701.13389
63.34500	702.44561
63.36000	703.96164
63.37500	705.67392
63.39000	707.57426
63.40500	709.65344
63.42000	711.90044
63.43500	714.30174
63.45000	716.84107
63.46500	719.49940
63.48000	722.25554
63.49500	725.08680
63.51000	727.97018
63.52500	730.88352
63.54000	733.80638
63.55500	736.72070
63.57000	739.61099
63.58500	742.46405
63.60000	745.26831
63.61500	748.01314
63.63000	750.68813
63.64500	753.28276
63.66000	755.78640
63.67500	758.18865
63.69000	760.47993
63.70500	762.65190
63.72000	764.69762
63.73500	766.61090
63.75000	768.38618
63.76500	770.01721
63.78000	771.49261
63.79500	772.79699
63.81000	773.90873
63.82500	774.79925
63.84000	775.43341
63.85500	775.77063
63.87000	775.76720
63.88500	775.37956
63.90000	774.56797
63.91500	773.30044
63.93000	771.55614
63.94500	769.32810
63.96000	766.62466
63.97500	763.46944
63.99000	759.89995
64.00500	755.96502
64.02000	751.72143
64.03500	747.23029
64.05000	742.55350
64.06500	737.75117
64.08000	732.87817
64.09500	727.98343
64.11000	723.10884
64.12500	718.28906
64.14000	713.55179
64.15500	708.91843
64.17000	704.40505
64.18500	700.02333
64.20000	695.78178
64.21500	691.68664
64.23000	687.74336
64.24500	683.95710
64.26000	680.33284
64.27500	676.88094
64.29000	673.60783
64.30500	670.54401
64.32000	667.68912
64.33500	665.05753
64.35000	662.66412
64.36500	660.52364
64.38000	658.65009
64.39500	657.05622
64.41000	655.75318
64.42500	654.75018
64.44000	654.05436
64.45500	653.67069
64.47000	653.60194
64.48500	653.84862
64.50000	654.40901
64.51500	655.27907
64.53000	656.45242
64.54500	657.92014
64.56000	659.67067
64.57500	661.68961
64.59000	663.95944
64.60500	666.45926
64.62000	669.16455
64.63500	672.04685
64.65000	675.07358
64.66500	678.20796
64.68000	681.40907
64.69500	684.63216
64.71000	687.82934
64.72500	690.95054
64.74000	693.94500
64.75500	696.76302
64.77000	699.35804
64.78500	701.68875
64.80000	703.72106
64.81500	705.42953
64.83000	706.79826
64.84500	707.82092
64.86000	708.50000
64.87500	708.84541
64.89000	708.87267
64.90500	708.60419
64.92000	708.06150
64.93500	707.26925
64.95000	706.25311
64.96500	705.03946
64.98000	703.65524
64.99500	702.12787
65.01000	700.48503
65.02500	698.75435
65.04000	696.96287
65.05500	695.13652
65.07000	693.29954
65.08500	691.47397
65.10000	689.67941
65.11500	687.93272
65.13000	686.24801
65.14500	684.63617
65.16000	683.10708
65.17500	681.66704
65.19000	680.32032
65.20500	679.06864
65.22000	677.91039
65.23500	676.84282
65.25000	675.86140
65.26500	674.96004
65.28000	674.13123
65.29500	673.36614
65.31000	672.65470
65.32500	671.98555
65.34000	671.34598
65.35500	670.72193
65.37000	670.09799
65.38500	669.45750
65.40000	668.78281
65.41500	668.05562
65.43000	667.25748
65.44500	666.37044
65.46000	665.37775
65.47500	664.26476
65.49000	663.01978
65.50500	661.63496
65.52000	660.10703
65.53500	658.43784
65.55000	656.63455
65.56500	654.70942
65.58000	652.67929
65.59500	650.56463
65.61000	648.38840
65.62500	646.17495
65.64000	643.94886
65.65500	641.73384
65.67000	639.55162
65.68500	637.42202
65.70000	635.36762
65.71500	633.40025
65.73000	631.53245
65.74500	629.77421
65.76000	628.13304
65.77500	626.61413
65.79000	625.21965
65.80500	623.95429
65.82000	622.81661
65.83500	621.80437
65.85000	620.91465
65.86500	620.14351
65.88000	619.48622
65.89500	618.93756
65.91000	618.49190
65.92500	618.14363
65.94000	617.88740
65.95500	617.71829
65.97000	617.63180
65.98500	617.62269
66.00000	617.69723
66.01500	617.84961
66.03000	618.08023
66.04500	618.39049
66.06000	618.78273
66.07500	619.25995
66.09000	619.82564
66.10500	620.48364
66.12000	621.23800
66.13500	622.09297
66.15000	623.05299
66.16500	624.12281
66.18000	625.30749
66.19500	626.61244
66.21000	628.04407
66.22500	629.60889
66.24000	631.31325
66.25500	633.16367
66.27000	635.16995
66.28500	637.33604
66.30000	639.66694
66.31500	642.16614
66.33000	644.83519
66.34500	647.67329
66.36000	650.67691
66.37500	653.83918
66.39000	657.14992
66.40500	660.59514
66.42000	664.15657
66.43500	667.80937
66.45000	671.53349
66.46500	675.30190
66.48000	679.07661
66.49500	682.82167
66.51000	686.49963
66.52500	690.07301
66.54000	693.50592
66.55500	696.76589
66.57000	699.82549
66.58500	702.66363
66.60000	705.26641
66.61500	707.62721
66.63000	709.74612
66.64500	711.62878
66.66000	713.28501
66.67500	714.72700
66.69000	715.96746
66.70500	717.01782
66.72000	717.89329
66.73500	718.60480
66.75000	719.15652
66.76500	719.55391
66.78000	719.80114
66.79500	719.90163
66.81000	719.85878
66.82500	719.67677
66.84000	719.36142
66.85500	718.92001
66.87000	718.36243
66.88500	717.70123
66.90000	716.95168
66.91500	716.13146
66.93000	715.26018
66.94500	714.35873
66.96000	713.44850
66.97500	712.55056
66.99000	711.68507
67.00500	710.87075
67.02000	710.12466
67.03500	709.46210
67.05000	708.89672
67.06500	708.44058
67.08000	708.10428
67.09500	707.89690
67.11000	707.82581
67.12500	707.89641
67.14000	708.11168
67.15500	708.47165
67.17000	708.97310
67.18500	709.60922
67.20000	710.36929
67.21500	711.23808
67.23000	712.19876
67.24500	713.23462
67.26000	714.31849
67.27500	715.42466
67.29000	716.52627
67.30500	717.59834
67.32000	718.61352
67.33500	719.54735
67.35000	720.37798
67.36500	721.08694
67.38000	721.65981
67.39500	722.08679
67.41000	722.36300
67.42500	722.48864
67.44000	722.46892
67.45500	722.31368
67.47000	722.03693
67.48500	721.65613
67.50000	721.19135
67.51500	720.66446
67.53000	720.09816
67.54500	719.51514
67.56000	718.93728
67.57500	718.38493
67.59000	717.87628
67.60500	717.42682
67.62000	717.04901
67.63500	716.75261
67.65000	716.54324
67.66500	716.42350
67.68000	716.39274
67.69500	716.44728
67.71000	716.58050
67.72500	716.78303
67.74000	717.04284
67.75500	717.34532
67.77000	717.67329
67.78500	718.00708
67.80000	718.32472
67.81500	718.60215
67.83000	718.81371
67.84500	718.93273
67.86000	718.93226
67.87500	718.78600
67.89000	718.46917
67.90500	717.95945
67.92000	717.23784
67.93500	716.28939
67.95000	715.10382
67.96500	713.67599
67.98000	712.00618
67.99500	710.10006
68.01000	707.96863
68.02500	705.62781
68.04000	703.09756
68.05500	700.40093
68.07000	697.56698
68.08500	694.62716
68.10000	691.60841
68.11500	688.54126
68.13000	685.45619
68.14500	682.38317
68.16000	679.35127
68.17500	676.38839
68.19000	673.52094
68.20500	670.77364
68.22000	668.16923
68.23500	665.72831
68.25000	663.46910
68.26500	661.40728
68.28000	659.55591
68.29500	657.92535
68.31000	656.52334
68.32500	655.35492
68.34000	654.42244
68.35500	653.72581
68.37000	653.26254
68.38500	653.02786
68.40000	653.01485
68.41500	653.21457
68.43000	653.61615
68.44500	654.20689
68.46000	654.97238
68.47500	655.89656
68.49000	656.96186
68.50500	658.14934
68.52000	659.43892
68.53500	660.80964
68.55000	662.24010
68.56500	663.70889
68.58000	665.19518
68.59500	666.67920
68.61000	668.14282
68.62500	669.56982
68.64000	670.94614
68.65500	672.25979
68.67000	673.50053
68.68500	674.65946
68.70000	675.72833
68.71500	676.69898
68.73000	677.56289
68.74500	678.31078
68.76000	678.93215
68.77500	679.41636
68.79000	679.75604
68.80500	679.93833
68.82000	679.95374
68.83500	679.79450
68.85000	679.45493
68.86500	678.93099
68.88000	678.22100
68.89500	677.32525
68.91000	676.24562
68.92500	674.98502
68.94000	673.54515
68.95500	671.94080
68.97000	670.17292
68.98500	668.24908
69.00000	666.17833
69.01500	663.97125
69.03000	661.63986
69.04500	659.19789
69.06000	656.66048
69.07500	654.04387
69.09000	651.36500
69.10500	648.64093
69.12000	645.88854
69.13500	643.12405
69.15000	640.36266
69.16500	637.61806
69.18000	634.90548
69.19500	632.23742
69.21000	629.62519
69.22500	627.07913
69.24000	624.60916
69.25500	622.22379
69.27000	619.93127
69.28500	617.73904
69.30000	615.65368
69.31500	613.68089
69.33000	611.82536
69.34500	610.09081
69.36000	608.47993
69.37500	606.99441
69.39000	605.63500
69.40500	604.40157
69.42000	603.29320
69.43500	602.30829
69.45000	601.44467
69.46500	600.69970
69.48000	600.07040
69.49500	599.55348
69.51000	599.14548
69.52500	598.84320
69.54000	598.64268
69.55500	598.54006
69.57000	598.53130
69.58500	598.61210
69.60000	598.77783
69.61500	599.02346
69.63000	599.34344
69.64500	599.73161
69.66000	600.18126
69.67500	600.68514
69.69000	601.23494
69.70500	601.82185
69.72000	602.43644
69.73500	603.06877
69.75000	603.70862
69.76500	604.34568
69.78000	604.96984
69.79500	605.57148
69.81000	606.14179
69.82500	606.67310
69.84000	607.15909
69.85500	607.59500
69.87000	607.97773
69.88500	608.30587
69.90000	608.57961
69.91500	608.80059
69.93000	608.97167
69.94500	609.09670
69.96000	609.18019
69.97500	609.22708
69.99000	609.24242
70.00500	609.23107
70.02000	609.19763
70.03500	609.14621
70.05000	609.08025
70.06500	609.00115
70.08000	608.91700
70.09500	608.82697
70.11000	608.73323
70.12500	608.63794
70.14000	608.54342
70.15500	608.45234
70.17000	608.36777
70.18500	608.29326
70.20000	608.23276
70.21500	608.19059
70.23000	608.17129
70.24500	608.17948
70.26000	608.21975
70.27500	608.29650
70.29000	608.41388
70.30500	608.57573
70.32000	608.78546
70.33500	609.04607
70.35000	609.36002
70.36500	609.72919
70.38000	610.15478
70.39500	610.63722
70.41000	611.17606
70.42500	611.76991
70.44000	612.41635
70.45500	613.11197
70.47000	613.85240
70.48500	614.63222
70.50000	615.44537
70.51500	616.28699
70.53000	617.14908
70.54500	618.02459
70.56000	618.90652
70.57500	619.78809
70.59000	620.66290
70.60500	621.52506
70.62000	622.36924
70.63500	623.19093
70.65000	623.98620
70.66500	624.75154
70.68000	625.48401
70.69500	626.18099
70.71000	626.84004
70.72500	627.45882
70.74000	628.03501
70.75500	628.56633
70.77000	629.05082
70.78500	629.48676
70.80000	629.87326
70.81500	630.21049
70.83000	630.50008
70.84500	630.74540
70.86000	630.95170
70.87500	631.12617
70.89000	631.27776
70.90500	631.41687
70.92000	631.55494
70.93500	631.70395
70.95000	631.87582
70.96500	632.08196
70.98000	632.33273
70.99500	632.63710
71.01000	633.00228
71.02500	633.43356
71.04000	633.93410
71.05500	634.50485
71.07000	635.14450
71.08500	635.84946
71.10000	636.61390
71.11500	637.42979
71.13000	638.28707
71.14500	639.17380
71.16000	640.07655
71.17500	640.98077
71.19000	641.87132
71.20500	642.73322
71.22000	643.55232
71.23500	644.31604
71.25000	645.01444
71.26500	645.64045
71.28000	646.19034
71.29500	646.66411
71.31000	647.06538
71.32500	647.40100
71.34000	647.68052
71.35500	647.91533
71.37000	648.11798
71.38500	648.30124
71.40000	648.47693
71.41500	648.65495
71.43000	648.85075
71.44500	649.06727
71.46000	649.30882
71.47500	649.57680
71.49000	649.86972
71.50500	650.18319
71.52000	650.51015
71.53500	650.84105
71.55000	651.16432
71.56500	651.46677
71.58000	651.73414
71.59500	651.95171
71.61000	652.10488
71.62500	652.17978
71.64000	652.16386
71.65500	652.04637
71.67000	651.81877
71.68500	651.47504
71.70000	651.01182
71.71500	650.42846
71.73000	649.72693
71.74500	648.91162
71.76000	647.98893
71.77500	646.96753
71.79000	645.85727
71.80500	644.66880
71.82000	643.41375
71.83500	642.10427
71.85000	640.75284
71.86500	639.37210
71.88000	637.97478
71.89500	636.57356
71.91000	635.18101
71.92500	633.80949
71.94000	632.47105
71.95500	631.17723
71.97000	629.93893
71.98500	628.76614
72.00000	627.66820
72.01500	626.65269
72.03000	625.72592
72.04500	624.89259
72.06000	624.15567
72.07500	623.51627
72.09000	622.97411
72.10500	622.52641
72.12000	622.16891
72.13500	621.89568
72.15000	621.69930
72.16500	621.57109
72.18000	621.50133
72.19500	621.47981
72.21000	621.49559
72.22500	621.53776
72.24000	621.59568
72.25500	621.65915
