5.49500	3246.00000
5.51000	3178.00000
5.52500	3148.00000
5.54000	3239.00000
5.55500	3328.00000
5.57000	3293.00000
5.58500	3381.00000
5.60000	3352.00000
5.61500	3392.00000
5.63000	3378.00000
5.64500	3308.00000
5.66000	3416.00000
5.67500	3353.00000
5.69000	3331.00000
5.70500	3433.00000
5.72000	3446.00000
5.73500	3403.00000
5.75000	3520.00000
5.76500	3489.00000
5.78000	3457.00000
5.79500	3447.00000
5.81000	3478.00000
5.82500	3500.00000
5.84000	3523.00000
5.85500	3556.00000
5.87000	3568.00000
5.88500	3515.00000
5.90000	3516.00000
5.91500	3536.00000
5.93000	3563.00000
5.94500	3619.00000
5.96000	3609.00000
5.97500	3649.00000
5.99000	3569.00000
6.00500	3614.00000
6.02000	3568.00000
6.03500	3542.00000
6.05000	3607.00000
6.06500	3505.00000
6.08000	3518.00000
6.09500	3475.00000
6.11000	3530.00000
6.12500	3574.00000
6.14000	3535.00000
6.15500	3689.00000
6.17000	3684.00000
6.18500	3628.00000
6.20000	3551.00000
6.21500	3526.00000
6.23000	3636.00000
6.24500	3599.00000
6.26000	3607.00000
6.27500	3621.00000
6.29000	3635.00000
6.30500	3685.00000
6.32000	3622.00000
6.33500	3626.00000
6.35000	3707.00000
6.36500	3588.00000
6.38000	3547.00000
6.39500	3495.00000
6.41000	3601.00000
6.42500	3683.00000
6.44000	3630.00000
6.45500	3769.00000
6.47000	3719.00000
6.48500	3671.00000
6.50000	3710.00000
6.51500	3753.00000
6.53000	3724.00000
6.54500	3791.00000
6.56000	3809.00000
6.57500	3782.00000
6.59000	3874.00000
6.60500	3818.00000
6.62000	3764.00000
6.63500	3735.00000
6.65000	3769.00000
6.66500	3917.00000
6.68000	3831.00000
6.69500	3873.00000
6.71000	3976.00000
6.72500	3979.00000
6.74000	4051.00000
6.75500	4015.00000
6.77000	3992.00000
6.78500	4029.00000
6.80000	4056.00000
6.81500	4098.00000
6.83000	4067.00000
6.84500	4043.00000
6.86000	4162.00000
6.87500	4184.00000
6.89000	4248.00000
6.90500	4314.00000
6.92000	4280.00000
6.93500	4385.00000
6.95000	4431.00000
6.96500	4424.00000
6.98000	4500.00000
6.99500	4563.00000
7.01000	4684.00000
7.02500	4781.00000
7.04000	4885.00000
7.05500	4903.00000
7.07000	5011.00000
7.08500	5069.00000
7.10000	5111.00000
7.11500	5302.00000
7.13000	5422.00000
7.14500	5451.00000
7.16000	5729.00000
7.17500	5908.00000
7.19000	6086.00000
7.20500	6233.00000
7.22000	6400.00000
7.23500	6703.00000
7.25000	6863.00000
7.26500	7183.00000
7.28000	7688.00000
7.29500	7931.00000
7.31000	8239.00000
7.32500	8587.00000
7.34000	9521.00000
7.35500	10068.00000
7.37000	10876.00000
7.38500	11878.00000
7.40000	12935.00000
7.41500	13623.00000
7.43000	14036.00000
7.44500	13512.00000
7.46000	12458.00000
7.47500	11315.00000
7.49000	11688.00000
7.50500	12605.00000
7.52000	13900.00000
7.53500	14355.00000
7.55000	13685.00000
7.56500	11220.00000
7.58000	7507.00000
7.59500	5276.00000
7.61000	4408.00000
7.62500	4080.00000
7.64000	4023.00000
7.65500	3858.00000
7.67000	3959.00000
7.68500	3846.00000
7.70000	3763.00000
7.71500	3902.00000
7.73000	3869.00000
7.74500	3949.00000
7.76000	3838.00000
7.77500	3748.00000
7.79000	3845.00000
7.80500	3783.00000
7.82000	3817.00000
7.83500	3834.00000
7.85000	3763.00000
7.86500	3865.00000
7.88000	3831.00000
7.89500	3794.00000
7.91000	3815.00000
7.92500	3874.00000
7.94000	3870.00000
7.95500	3967.00000
7.97000	3950.00000
7.98500	3925.00000
8.00000	3942.00000
8.01500	3899.00000
8.03000	3867.00000
8.04500	3861.00000
8.06000	3852.00000
8.07500	3834.00000
8.09000	3791.00000
8.10500	3777.00000
8.12000	3780.00000
8.13500	3882.00000
8.15000	3900.00000
8.16500	3841.00000
8.18000	3888.00000
8.19500	3898.00000
8.21000	3798.00000
8.22500	3861.00000
8.24000	3860.00000
8.25500	3771.00000
8.27000	3759.00000
8.28500	3947.00000
8.30000	3852.00000
8.31500	3810.00000
8.33000	3788.00000
8.34500	3814.00000
8.36000	3836.00000
8.37500	3830.00000
8.39000	3834.00000
8.40500	3829.00000
8.42000	3765.00000
8.43500	3885.00000
8.45000	3940.00000
8.46500	3975.00000
8.48000	3808.00000
8.49500	3845.00000
8.51000	3836.00000
8.52500	3858.00000
8.54000	3828.00000
8.55500	3806.00000
8.57000	3850.00000
8.58500	3847.00000
8.60000	3848.00000
8.61500	3777.00000
8.63000	3884.00000
8.64500	3895.00000
8.66000	3875.00000
8.67500	3845.00000
8.69000	3826.00000
8.70500	3823.00000
8.72000	3867.00000
8.73500	3742.00000
8.75000	3837.00000
8.76500	3877.00000
8.78000	3922.00000
8.79500	3913.00000
8.81000	3884.00000
8.82500	3821.00000
8.84000	3881.00000
8.85500	3786.00000
8.87000	3837.00000
8.88500	3864.00000
8.90000	3842.00000
8.91500	3794.00000
8.93000	3909.00000
8.94500	3897.00000
8.96000	3823.00000
8.97500	3915.00000
8.99000	3871.00000
9.00500	3807.00000
9.02000	3901.00000
9.03500	3883.00000
9.05000	3823.00000
9.06500	3806.00000
9.08000	3790.00000
9.09500	3854.00000
9.11000	3831.00000
9.12500	3778.00000
9.14000	3819.00000
9.15500	3824.00000
9.17000	3904.00000
9.18500	3885.00000
9.20000	3901.00000
9.21500	3851.00000
9.23000	3850.00000
9.24500	3825.00000
9.26000	3822.00000
9.27500	3781.00000
9.29000	3785.00000
9.30500	3811.00000
9.32000	3865.00000
9.33500	3775.00000
9.35000	3767.00000
9.36500	3872.00000
9.38000	3893.00000
9.39500	3844.00000
9.41000	3788.00000
9.42500	3913.00000
9.44000	3987.00000
9.45500	3976.00000
9.47000	4049.00000
9.48500	3954.00000
9.50000	3931.00000
9.51500	3901.00000
9.53000	3807.00000
9.54500	3828.00000
9.56000	3878.00000
9.57500	3945.00000
9.59000	3859.00000
9.60500	4034.00000
9.62000	4082.00000
9.63500	3980.00000
9.65000	4012.00000
9.66500	4025.00000
9.68000	4088.00000
9.69500	4021.00000
9.71000	3989.00000
9.72500	4149.00000
9.74000	4128.00000
9.75500	4123.00000
9.77000	4154.00000
9.78500	4202.00000
9.80000	4243.00000
9.81500	4238.00000
9.83000	4235.00000
9.84500	4383.00000
9.86000	4397.00000
9.87500	4527.00000
9.89000	4517.00000
9.90500	4465.00000
9.92000	4249.00000
9.93500	4131.00000
9.95000	3899.00000
9.96500	3923.00000
9.98000	3873.00000
9.99500	3898.00000
10.01000	3969.00000
10.02500	3837.00000
10.04000	3890.00000
10.05500	3758.00000
10.07000	3869.00000
10.08500	3866.00000
10.10000	3869.00000
10.11500	3834.00000
10.13000	3905.00000
10.14500	3932.00000
10.16000	3856.00000
10.17500	3961.00000
10.19000	4004.00000
10.20500	3946.00000
10.22000	3860.00000
10.23500	3940.00000
10.25000	3942.00000
10.26500	3864.00000
10.28000	3791.00000
10.29500	3929.00000
10.31000	3901.00000
10.32500	3893.00000
10.34000	3895.00000
10.35500	3845.00000
10.37000	3903.00000
10.38500	3883.00000
10.40000	3922.00000
10.41500	3896.00000
10.43000	3770.00000
10.44500	3886.00000
10.46000	3989.00000
10.47500	3912.00000
10.49000	3735.00000
10.50500	3864.00000
10.52000	3855.00000
10.53500	3903.00000
10.55000	3863.00000
10.56500	3896.00000
10.58000	3958.00000
10.59500	3878.00000
10.61000	3858.00000
10.62500	3888.00000
10.64000	3867.00000
10.65500	3831.00000
10.67000	3868.00000
10.68500	3932.00000
10.70000	3817.00000
10.71500	3889.00000
10.73000	3908.00000
10.74500	3887.00000
10.76000	3916.00000
10.77500	3890.00000
10.79000	3921.00000
10.80500	3892.00000
10.82000	3930.00000
10.83500	3801.00000
10.85000	3879.00000
10.86500	3859.00000
10.88000	3916.00000
10.89500	3912.00000
10.91000	3843.00000
10.92500	3809.00000
10.94000	3777.00000
10.95500	3903.00000
10.97000	3994.00000
10.98500	3962.00000
11.00000	3870.00000
11.01500	3904.00000
11.03000	4001.00000
11.04500	3901.00000
11.06000	3774.00000
11.07500	3992.00000
11.09000	3874.00000
11.10500	3907.00000
11.12000	3905.00000
11.13500	3790.00000
11.15000	3789.00000
11.16500	3876.00000
11.18000	3962.00000
11.19500	3946.00000
11.21000	3907.00000
11.22500	3868.00000
11.24000	3926.00000
11.25500	3930.00000
11.27000	3942.00000
11.28500	3906.00000
11.30000	3943.00000
11.31500	3850.00000
11.33000	3928.00000
11.34500	3873.00000
11.36000	4030.00000
11.37500	3927.00000
11.39000	3880.00000
11.40500	3962.00000
11.42000	3839.00000
11.43500	3823.00000
11.45000	3896.00000
11.46500	4091.00000
11.48000	4021.00000
11.49500	3902.00000
11.51000	3874.00000
11.52500	3918.00000
11.54000	3974.00000
11.55500	3917.00000
11.57000	3973.00000
11.58500	4091.00000
11.60000	3960.00000
11.61500	4073.00000
11.63000	4111.00000
11.64500	4080.00000
11.66000	4066.00000
11.67500	4037.00000
11.69000	3946.00000
11.70500	3846.00000
11.72000	3863.00000
11.73500	3937.00000
11.75000	3910.00000
11.76500	3968.00000
11.78000	3886.00000
11.79500	3879.00000
11.81000	3966.00000
11.82500	3917.00000
11.84000	3861.00000
11.85500	3882.00000
11.87000	3844.00000
11.88500	3942.00000
11.90000	4015.00000
11.91500	3894.00000
11.93000	3874.00000
11.94500	3962.00000
11.96000	3877.00000
11.97500	3893.00000
11.99000	3992.00000
12.00500	3897.00000
12.02000	3956.00000
12.03500	3946.00000
12.05000	3866.00000
12.06500	3815.00000
12.08000	3862.00000
12.09500	3956.00000
12.11000	3985.00000
12.12500	3920.00000
12.14000	3863.00000
12.15500	3996.00000
12.17000	4058.00000
12.18500	4095.00000
12.20000	4067.00000
12.21500	4060.00000
12.23000	4050.00000
12.24500	4114.00000
12.26000	4280.00000
12.27500	4257.00000
12.29000	4323.00000
12.30500	4534.00000
12.32000	4420.00000
12.33500	4498.00000
12.35000	4538.00000
12.36500	4656.00000
12.38000	4877.00000
12.39500	5009.00000
12.41000	5094.00000
12.42500	5326.00000
12.44000	5457.00000
12.45500	5678.00000
12.47000	5894.00000
12.48500	6091.00000
12.50000	6233.00000
12.51500	6508.00000
12.53000	6891.00000
12.54500	7416.00000
12.56000	7655.00000
12.57500	8362.00000
12.59000	8952.00000
12.60500	9397.00000
12.62000	10422.00000
12.63500	11518.00000
12.65000	12488.00000
12.66500	13856.00000
12.68000	15253.00000
12.69500	17246.00000
12.71000	19017.00000
12.72500	21344.00000
12.74000	25466.00000
12.75500	29728.00000
12.77000	34653.00000
12.78500	37240.00000
12.80000	37026.00000
12.81500	33375.00000
12.83000	25458.00000
12.84500	17215.00000
12.86000	12627.00000
12.87500	10932.00000
12.89000	11154.00000
12.90500	12011.00000
12.92000	13024.00000
12.93500	14279.00000
12.95000	16695.00000
12.96500	18989.00000
12.98000	21219.00000
12.99500	21708.00000
13.01000	19737.00000
13.02500	15575.00000
13.04000	10548.00000
13.05500	6671.00000
13.07000	5145.00000
13.08500	4666.00000
13.10000	4470.00000
13.11500	4309.00000
13.13000	4216.00000
13.14500	4162.00000
13.16000	4135.00000
13.17500	4097.00000
13.19000	4178.00000
13.20500	4365.00000
13.22000	4253.00000
13.23500	4223.00000
13.25000	4173.00000
13.26500	4262.00000
13.28000	4287.00000
13.29500	4247.00000
13.31000	4461.00000
13.32500	4559.00000
13.34000	4569.00000
13.35500	4269.00000
13.37000	4208.00000
13.38500	4160.00000
13.40000	4053.00000
13.41500	3929.00000
13.43000	3838.00000
13.44500	3809.00000
13.46000	3848.00000
13.47500	3928.00000
13.49000	3983.00000
13.50500	3867.00000
13.52000	3957.00000
13.53500	3819.00000
13.55000	3846.00000
13.56500	3799.00000
13.58000	3839.00000
13.59500	3856.00000
13.61000	3803.00000
13.62500	3834.00000
13.64000	3906.00000
13.65500	3902.00000
13.67000	3872.00000
13.68500	3972.00000
13.70000	4022.00000
13.71500	3899.00000
13.73000	3863.00000
13.74500	3887.00000
13.76000	3903.00000
13.77500	3895.00000
13.79000	3933.00000
13.80500	3998.00000
13.82000	3962.00000
13.83500	3907.00000
13.85000	3795.00000
13.86500	3832.00000
13.88000	3888.00000
13.89500	3909.00000
13.91000	3860.00000
13.92500	3911.00000
13.94000	3848.00000
13.95500	3916.00000
13.97000	3985.00000
13.98500	3979.00000
14.00000	4008.00000
14.01500	3983.00000
14.03000	4027.00000
14.04500	4124.00000
14.06000	4102.00000
14.07500	4101.00000
14.09000	4272.00000
14.10500	4261.00000
14.12000	4331.00000
14.13500	4321.00000
14.15000	4347.00000
14.16500	4581.00000
14.18000	4672.00000
14.19500	4723.00000
14.21000	4859.00000
14.22500	4941.00000
14.24000	5124.00000
14.25500	5275.00000
14.27000	5528.00000
14.28500	5743.00000
14.30000	5916.00000
14.31500	6327.00000
14.33000	6654.00000
14.34500	7049.00000
14.36000	7560.00000
14.37500	8257.00000
14.39000	8959.00000
14.40500	10019.00000
14.42000	11127.00000
14.43500	12460.00000
14.45000	14472.00000
14.46500	17234.00000
14.48000	19707.00000
14.49500	21193.00000
14.51000	20025.00000
14.52500	17450.00000
14.54000	13560.00000
14.55500	10406.00000
14.57000	8579.00000
14.58500	7529.00000
14.60000	6401.00000
14.61500	5327.00000
14.63000	4740.00000
14.64500	4362.00000
14.66000	4261.00000
14.67500	4211.00000
14.69000	4192.00000
14.70500	4288.00000
14.72000	4381.00000
14.73500	4423.00000
14.75000	4651.00000
14.76500	4671.00000
14.78000	4744.00000
14.79500	4937.00000
14.81000	5271.00000
14.82500	5456.00000
14.84000	5586.00000
14.85500	5765.00000
14.87000	5734.00000
14.88500	5361.00000
14.90000	4895.00000
14.91500	4566.00000
14.93000	4295.00000
14.94500	4348.00000
14.96000	4345.00000
14.97500	4362.00000
14.99000	4504.00000
15.00500	4603.00000
15.02000	4747.00000
15.03500	4954.00000
15.05000	5180.00000
15.06500	5467.00000
15.08000	5426.00000
15.09500	5479.00000
15.11000	5353.00000
15.12500	5027.00000
15.14000	4664.00000
15.15500	4442.00000
15.17000	4428.00000
15.18500	4358.00000
15.20000	4613.00000
15.21500	4675.00000
15.23000	4828.00000
15.24500	5017.00000
15.26000	5151.00000
15.27500	5362.00000
15.29000	5840.00000
15.30500	6222.00000
15.32000	6717.00000
15.33500	6962.00000
15.35000	6991.00000
15.36500	6399.00000
15.38000	5625.00000
15.39500	4812.00000
15.41000	4408.00000
15.42500	4158.00000
15.44000	4146.00000
15.45500	4241.00000
15.47000	4261.00000
15.48500	4333.00000
15.50000	4477.00000
15.51500	4457.00000
15.53000	4527.00000
15.54500	4655.00000
15.56000	4743.00000
15.57500	4950.00000
15.59000	5324.00000
15.60500	5491.00000
15.62000	5832.00000
15.63500	6318.00000
15.65000	6949.00000
15.66500	7373.00000
15.68000	7680.00000
15.69500	7603.00000
15.71000	7187.00000
15.72500	6156.00000
15.74000	5153.00000
15.75500	4689.00000
15.77000	4452.00000
15.78500	4500.00000
15.80000	4543.00000
15.81500	4666.00000
15.83000	4963.00000
15.84500	5008.00000
15.86000	4911.00000
15.87500	4790.00000
15.89000	4477.00000
15.90500	4223.00000
15.92000	4075.00000
15.93500	3891.00000
15.95000	3891.00000
15.96500	3889.00000
15.98000	3862.00000
15.99500	3902.00000
16.01000	3902.00000
16.02500	3779.00000
16.04000	3913.00000
16.05500	3990.00000
16.07000	3964.00000
16.08500	3939.00000
16.10000	3965.00000
16.11500	4037.00000
16.13000	4098.00000
16.14500	4022.00000
16.16000	4056.00000
16.17500	4173.00000
16.19000	4212.00000
16.20500	4375.00000
16.22000	4431.00000
16.23500	4505.00000
16.25000	4580.00000
16.26500	4760.00000
16.28000	5016.00000
16.29500	5084.00000
16.31000	5375.00000
16.32500	5838.00000
16.34000	6375.00000
16.35500	6849.00000
16.37000	7284.00000
16.38500	7829.00000
16.40000	7921.00000
16.41500	7191.00000
16.43000	6339.00000
16.44500	5280.00000
16.46000	4456.00000
16.47500	4064.00000
16.49000	3948.00000
16.50500	3966.00000
16.52000	3756.00000
16.53500	3702.00000
16.55000	3826.00000
16.56500	3853.00000
16.58000	3788.00000
16.59500	3801.00000
16.61000	3801.00000
16.62500	3851.00000
16.64000	3928.00000
16.65500	3969.00000
16.67000	3865.00000
16.68500	3809.00000
16.70000	3810.00000
16.71500	3882.00000
16.73000	3832.00000
16.74500	3871.00000
16.76000	4003.00000
16.77500	3944.00000
16.79000	4069.00000
16.80500	4053.00000
16.82000	4181.00000
16.83500	4263.00000
16.85000	4262.00000
16.86500	4221.00000
16.88000	4369.00000
16.89500	4465.00000
16.91000	4566.00000
16.92500	4790.00000
16.94000	5023.00000
16.95500	5250.00000
16.97000	5375.00000
16.98500	5650.00000
17.00000	6163.00000
17.01500	6650.00000
17.03000	7057.00000
17.04500	8086.00000
17.06000	9144.00000
17.07500	10069.00000
17.09000	10775.00000
17.10500	10605.00000
17.12000	9564.00000
17.13500	7746.00000
17.15000	5907.00000
17.16500	4689.00000
17.18000	4303.00000
17.19500	4004.00000
17.21000	3930.00000
17.22500	3887.00000
17.24000	3813.00000
17.25500	3717.00000
17.27000	3822.00000
17.28500	3815.00000
17.30000	3803.00000
17.31500	3761.00000
17.33000	3902.00000
17.34500	3845.00000
17.36000	3772.00000
17.37500	3836.00000
17.39000	3819.00000
17.40500	3781.00000
17.42000	3704.00000
17.43500	3818.00000
17.45000	3775.00000
17.46500	3829.00000
17.48000	3795.00000
17.49500	3909.00000
17.51000	3881.00000
17.52500	3770.00000
17.54000	3757.00000
17.55500	3709.00000
17.57000	3816.00000
17.58500	3756.00000
17.60000	3868.00000
17.61500	3836.00000
17.63000	3876.00000
17.64500	3897.00000
17.66000	3851.00000
17.67500	3813.00000
17.69000	3774.00000
17.70500	3789.00000
17.72000	3835.00000
17.73500	3811.00000
17.75000	3806.00000
17.76500	3797.00000
17.78000	3806.00000
17.79500	3765.00000
17.81000	3854.00000
17.82500	3770.00000
17.84000	3810.00000
17.85500	3793.00000
17.87000	3712.00000
17.88500	3805.00000
17.90000	3698.00000
17.91500	3733.00000
17.93000	3730.00000
17.94500	3688.00000
17.96000	3672.00000
17.97500	3743.00000
17.99000	3725.00000
18.00500	3785.00000
18.02000	3719.00000
18.03500	3736.00000
18.05000	3782.00000
18.06500	3757.00000
18.08000	3674.00000
18.09500	3802.00000
18.11000	3838.00000
18.12500	3790.00000
18.14000	3768.00000
18.15500	3726.00000
18.17000	3754.00000
18.18500	3829.00000
18.20000	3786.00000
18.21500	3862.00000
18.23000	3795.00000
18.24500	3890.00000
18.26000	3814.00000
18.27500	3844.00000
18.29000	3929.00000
18.30500	4040.00000
18.32000	4006.00000
18.33500	4108.00000
18.35000	4051.00000
18.36500	4101.00000
18.38000	4127.00000
18.39500	4322.00000
18.41000	4494.00000
18.42500	4750.00000
18.44000	4907.00000
18.45500	4918.00000
18.47000	4874.00000
18.48500	4919.00000
18.50000	4757.00000
18.51500	4441.00000
18.53000	3995.00000
18.54500	3931.00000
18.56000	3800.00000
18.57500	3794.00000
18.59000	3712.00000
18.60500	3769.00000
18.62000	3875.00000
18.63500	3770.00000
18.65000	3789.00000
18.66500	3890.00000
18.68000	3817.00000
18.69500	3747.00000
18.71000	3782.00000
18.72500	3860.00000
18.74000	3796.00000
18.75500	3744.00000
18.77000	3864.00000
18.78500	3903.00000
18.80000	3902.00000
18.81500	3937.00000
18.83000	3888.00000
18.84500	3896.00000
18.86000	3935.00000
18.87500	4023.00000
18.89000	4133.00000
18.90500	4220.00000
18.92000	4392.00000
18.93500	4443.00000
18.95000	4317.00000
18.96500	4427.00000
18.98000	4462.00000
18.99500	4154.00000
19.01000	4071.00000
19.02500	4091.00000
19.04000	4072.00000
19.05500	4090.00000
19.07000	4128.00000
19.08500	4163.00000
19.10000	4042.00000
19.11500	4048.00000
19.13000	3932.00000
19.14500	3831.00000
19.16000	3717.00000
19.17500	3736.00000
19.19000	3766.00000
19.20500	3775.00000
19.22000	3815.00000
19.23500	3830.00000
19.25000	3833.00000
19.26500	3809.00000
19.28000	3892.00000
19.29500	3780.00000
19.31000	3853.00000
19.32500	3851.00000
19.34000	3958.00000
19.35500	3985.00000
19.37000	3973.00000
19.38500	3976.00000
19.40000	3887.00000
19.41500	3962.00000
19.43000	4021.00000
19.44500	3934.00000
19.46000	4187.00000
19.47500	4241.00000
19.49000	4391.00000
19.50500	4502.00000
19.52000	4768.00000
19.53500	4965.00000
19.55000	5232.00000
19.56500	5637.00000
19.58000	6008.00000
19.59500	6207.00000
19.61000	6391.00000
19.62500	6008.00000
19.64000	5325.00000
19.65500	4743.00000
19.67000	4325.00000
19.68500	4046.00000
19.70000	3926.00000
19.71500	3846.00000
19.73000	3982.00000
19.74500	3766.00000
19.76000	3849.00000
19.77500	3940.00000
19.79000	3910.00000
19.80500	4013.00000
19.82000	4036.00000
19.83500	3983.00000
19.85000	4037.00000
19.86500	3935.00000
19.88000	3874.00000
19.89500	3953.00000
19.91000	3931.00000
19.92500	3983.00000
19.94000	3948.00000
19.95500	3983.00000
19.97000	3989.00000
19.98500	3999.00000
20.00000	3991.00000
20.01500	4158.00000
20.03000	4280.00000
20.04500	4342.00000
20.06000	4418.00000
20.07500	4693.00000
20.09000	4858.00000
20.10500	5013.00000
20.12000	5400.00000
20.13500	5424.00000
20.15000	5454.00000
20.16500	5129.00000
20.18000	4750.00000
20.19500	4397.00000
20.21000	4111.00000
20.22500	3930.00000
20.24000	3875.00000
20.25500	3885.00000
20.27000	3960.00000
20.28500	3899.00000
20.30000	3940.00000
20.31500	3943.00000
20.33000	3770.00000
20.34500	3762.00000
20.36000	3713.00000
20.37500	3813.00000
20.39000	3691.00000
20.40500	3722.00000
20.42000	3761.00000
20.43500	3802.00000
20.45000	3819.00000
20.46500	3801.00000
20.48000	3753.00000
20.49500	3820.00000
20.51000	3852.00000
20.52500	3935.00000
20.54000	3901.00000
20.55500	4013.00000
20.57000	4046.00000
20.58500	4154.00000
20.60000	4256.00000
20.61500	4358.00000
20.63000	4475.00000
20.64500	4607.00000
20.66000	4844.00000
20.67500	4881.00000
20.69000	4895.00000
20.70500	4737.00000
20.72000	4514.00000
20.73500	4521.00000
20.75000	4293.00000
20.76500	4282.00000
20.78000	4393.00000
20.79500	4329.00000
20.81000	4352.00000
20.82500	4471.00000
20.84000	4727.00000
20.85500	4856.00000
20.87000	4977.00000
20.88500	5155.00000
20.90000	5235.00000
20.91500	5143.00000
20.93000	4839.00000
20.94500	4504.00000
20.96000	4105.00000
20.97500	3843.00000
20.99000	3887.00000
21.00500	3788.00000
21.02000	3799.00000
21.03500	3841.00000
21.05000	3787.00000
21.06500	3786.00000
21.08000	3802.00000
21.09500	3774.00000
21.11000	3746.00000
21.12500	3756.00000
21.14000	3692.00000
21.15500	3717.00000
21.17000	3798.00000
21.18500	3710.00000
21.20000	3807.00000
21.21500	3722.00000
21.23000	3704.00000
21.24500	3761.00000
21.26000	3834.00000
21.27500	3734.00000
21.29000	3734.00000
21.30500	3772.00000
21.32000	3730.00000
21.33500	3694.00000
21.35000	3790.00000
21.36500	3713.00000
21.38000	3709.00000
21.39500	3720.00000
21.41000	3881.00000
21.42500	3726.00000
21.44000	3741.00000
21.45500	3817.00000
21.47000	3793.00000
21.48500	3735.00000
21.50000	3662.00000
21.51500	3702.00000
21.53000	3687.00000
21.54500	3669.00000
21.56000	3722.00000
21.57500	3815.00000
21.59000	3729.00000
21.60500	3649.00000
21.62000	3772.00000
21.63500	3696.00000
21.65000	3756.00000
21.66500	3701.00000
21.68000	3691.00000
21.69500	3698.00000
21.71000	3779.00000
21.72500	3783.00000
21.74000	3771.00000
21.75500	3715.00000
21.77000	3718.00000
21.78500	3832.00000
21.80000	3827.00000
21.81500	3879.00000
21.83000	3860.00000
21.84500	3850.00000
21.86000	3877.00000
21.87500	3921.00000
21.89000	3918.00000
21.90500	3853.00000
21.92000	3727.00000
21.93500	3707.00000
21.95000	3780.00000
21.96500	3736.00000
21.98000	3805.00000
21.99500	3818.00000
22.01000	3884.00000
22.02500	3846.00000
22.04000	3962.00000
22.05500	3968.00000
22.07000	4069.00000
22.08500	4138.00000
22.10000	4305.00000
22.11500	4301.00000
22.13000	4487.00000
22.14500	4594.00000
22.16000	4962.00000
22.17500	5175.00000
22.19000	5384.00000
22.20500	5691.00000
22.22000	5849.00000
22.23500	6139.00000
22.25000	6510.00000
22.26500	6957.00000
22.28000	7549.00000
22.29500	8631.00000
22.31000	10065.00000
22.32500	11337.00000
22.34000	12559.00000
22.35500	13396.00000
22.37000	12514.00000
22.38500	10774.00000
22.40000	8519.00000
22.41500	6734.00000
22.43000	5213.00000
22.44500	4473.00000
22.46000	4162.00000
22.47500	4006.00000
22.49000	3902.00000
22.50500	4013.00000
22.52000	4050.00000
22.53500	4019.00000
22.55000	4022.00000
22.56500	3966.00000
22.58000	4224.00000
22.59500	4278.00000
22.61000	4325.00000
22.62500	4683.00000
22.64000	4905.00000
22.65500	5209.00000
22.67000	5728.00000
22.68500	5979.00000
22.70000	6169.00000
22.71500	6149.00000
22.73000	5970.00000
22.74500	5897.00000
22.76000	5547.00000
22.77500	5295.00000
22.79000	5762.00000
22.80500	6122.00000
22.82000	6804.00000
22.83500	7484.00000
22.85000	8255.00000
22.86500	8543.00000
22.88000	8289.00000
22.89500	7668.00000
22.91000	6541.00000
22.92500	5498.00000
22.94000	4606.00000
22.95500	4275.00000
22.97000	3928.00000
22.98500	3779.00000
23.00000	3819.00000
23.01500	3856.00000
23.03000	3799.00000
23.04500	3815.00000
23.06000	3837.00000
23.07500	3903.00000
23.09000	3807.00000
23.10500	3819.00000
23.12000	3879.00000
23.13500	4047.00000
23.15000	3983.00000
23.16500	4043.00000
23.18000	4035.00000
23.19500	4142.00000
23.21000	4220.00000
23.22500	4352.00000
23.24000	4676.00000
23.25500	4888.00000
23.27000	5104.00000
23.28500	5413.00000
23.30000	5664.00000
23.31500	5990.00000
23.33000	5852.00000
23.34500	5393.00000
23.36000	5104.00000
23.37500	4611.00000
23.39000	4358.00000
23.40500	4143.00000
23.42000	4089.00000
23.43500	4073.00000
23.45000	4081.00000
23.46500	4002.00000
23.48000	3747.00000
23.49500	3671.00000
23.51000	3729.00000
23.52500	3636.00000
23.54000	3704.00000
23.55500	3648.00000
23.57000	3595.00000
23.58500	3640.00000
23.60000	3719.00000
23.61500	3656.00000
23.63000	3694.00000
23.64500	3720.00000
23.66000	3620.00000
23.67500	3683.00000
23.69000	3784.00000
23.70500	3699.00000
23.72000	3554.00000
23.73500	3551.00000
23.75000	3653.00000
23.76500	3638.00000
23.78000	3574.00000
23.79500	3758.00000
23.81000	3714.00000
23.82500	3672.00000
23.84000	3713.00000
23.85500	3656.00000
23.87000	3617.00000
23.88500	3675.00000
23.90000	3617.00000
23.91500	3728.00000
23.93000	3580.00000
23.94500	3661.00000
23.96000	3720.00000
23.97500	3650.00000
23.99000	3724.00000
24.00500	3805.00000
24.02000	3918.00000
24.03500	3955.00000
24.05000	4025.00000
24.06500	4036.00000
24.08000	4132.00000
24.09500	4463.00000
24.11000	4601.00000
24.12500	4667.00000
24.14000	5024.00000
24.15500	5079.00000
24.17000	5074.00000
24.18500	4799.00000
24.20000	4489.00000
24.21500	4251.00000
24.23000	3980.00000
24.24500	3769.00000
24.26000	3736.00000
24.27500	3728.00000
24.29000	3568.00000
24.30500	3594.00000
24.32000	3694.00000
24.33500	3622.00000
24.35000	3722.00000
24.36500	3684.00000
24.38000	3640.00000
24.39500	3709.00000
24.41000	3620.00000
24.42500	3736.00000
24.44000	3765.00000
24.45500	3885.00000
24.47000	3789.00000
24.48500	3819.00000
24.50000	4117.00000
24.51500	4126.00000
24.53000	4288.00000
24.54500	4411.00000
24.56000	4192.00000
24.57500	4197.00000
24.59000	4021.00000
24.60500	3933.00000
24.62000	3718.00000
24.63500	3820.00000
24.65000	3849.00000
24.66500	3731.00000
24.68000	3768.00000
24.69500	3777.00000
24.71000	3913.00000
24.72500	3930.00000
24.74000	3971.00000
24.75500	4233.00000
24.77000	4282.00000
24.78500	4440.00000
24.80000	4813.00000
24.81500	5187.00000
24.83000	5654.00000
24.84500	5866.00000
24.86000	5823.00000
24.87500	5805.00000
24.89000	5508.00000
24.90500	5015.00000
24.92000	4554.00000
24.93500	4046.00000
24.95000	3879.00000
24.96500	3772.00000
24.98000	3569.00000
24.99500	3685.00000
25.01000	3671.00000
25.02500	3693.00000
25.04000	3822.00000
25.05500	3827.00000
25.07000	3814.00000
25.08500	3844.00000
25.10000	3965.00000
25.11500	4150.00000
25.13000	4342.00000
25.14500	4639.00000
25.16000	5102.00000
25.17500	5409.00000
25.19000	5708.00000
25.20500	5905.00000
25.22000	5893.00000
25.23500	5510.00000
25.25000	5146.00000
25.26500	4664.00000
25.28000	4304.00000
25.29500	3946.00000
25.31000	3916.00000
25.32500	3898.00000
25.34000	3947.00000
25.35500	3943.00000
25.37000	4180.00000
25.38500	4217.00000
25.40000	4371.00000
25.41500	4675.00000
25.43000	4947.00000
25.44500	5263.00000
25.46000	5770.00000
25.47500	6356.00000
25.49000	6873.00000
25.50500	7644.00000
25.52000	8503.00000
25.53500	8976.00000
25.55000	8994.00000
25.56500	8109.00000
25.58000	6938.00000
25.59500	5952.00000
25.61000	4988.00000
25.62500	4231.00000
25.64000	4021.00000
25.65500	3907.00000
25.67000	3912.00000
25.68500	4072.00000
25.70000	4104.00000
25.71500	4186.00000
25.73000	4034.00000
25.74500	3964.00000
25.76000	4066.00000
25.77500	3833.00000
25.79000	3578.00000
25.80500	3723.00000
25.82000	3619.00000
25.83500	3718.00000
25.85000	3520.00000
25.86500	3584.00000
25.88000	3595.00000
25.89500	3624.00000
25.91000	3558.00000
25.92500	3690.00000
25.94000	3785.00000
25.95500	3699.00000
25.97000	3882.00000
25.98500	3946.00000
26.00000	3999.00000
26.01500	4203.00000
26.03000	4382.00000
26.04500	4501.00000
26.06000	4805.00000
26.07500	5041.00000
26.09000	5406.00000
26.10500	5983.00000
26.12000	6398.00000
26.13500	6931.00000
26.15000	7372.00000
26.16500	7724.00000
26.18000	8309.00000
26.19500	8952.00000
26.21000	10199.00000
26.22500	12384.00000
26.24000	14896.00000
26.25500	18699.00000
26.27000	23583.00000
26.28500	28678.00000
26.30000	31600.00000
26.31500	31524.00000
26.33000	28932.00000
26.34500	23360.00000
26.36000	17120.00000
26.37500	11360.00000
26.39000	6696.00000
26.40500	4715.00000
26.42000	4227.00000
26.43500	4205.00000
26.45000	4264.00000
26.46500	4451.00000
26.48000	4656.00000
26.49500	4683.00000
26.51000	4593.00000
26.52500	4679.00000
26.54000	4668.00000
26.55500	4547.00000
26.57000	4485.00000
26.58500	4500.00000
26.60000	4581.00000
26.61500	4800.00000
26.63000	5184.00000
26.64500	5624.00000
26.66000	5953.00000
26.67500	6344.00000
26.69000	6866.00000
26.70500	7087.00000
26.72000	7154.00000
26.73500	6736.00000
26.75000	6185.00000
26.76500	5618.00000
26.78000	5089.00000
26.79500	4558.00000
26.81000	4443.00000
26.82500	4518.00000
26.84000	4722.00000
26.85500	4994.00000
26.87000	5456.00000
26.88500	6006.00000
26.90000	6508.00000
26.91500	7491.00000
26.93000	8754.00000
26.94500	10153.00000
26.96000	12338.00000
26.97500	15590.00000
26.99000	19036.00000
27.00500	22283.00000
27.02000	24732.00000
27.03500	24966.00000
27.05000	23218.00000
27.06500	19769.00000
27.08000	15153.00000
27.09500	10856.00000
27.11000	7696.00000
27.12500	6229.00000
27.14000	5712.00000
27.15500	5710.00000
27.17000	5860.00000
27.18500	6280.00000
27.20000	7025.00000
27.21500	7783.00000
27.23000	8783.00000
27.24500	9988.00000
27.26000	11180.00000
27.27500	11855.00000
27.29000	11960.00000
27.30500	11286.00000
27.32000	10228.00000
27.33500	8985.00000
27.35000	7435.00000
27.36500	6304.00000
27.38000	5615.00000
27.39500	5183.00000
27.41000	5083.00000
27.42500	5383.00000
27.44000	5938.00000
27.45500	6573.00000
27.47000	7319.00000
27.48500	7797.00000
27.50000	7957.00000
27.51500	7558.00000
27.53000	6900.00000
27.54500	6113.00000
27.56000	5212.00000
27.57500	4346.00000
27.59000	3876.00000
27.60500	3674.00000
27.62000	3698.00000
27.63500	3830.00000
27.65000	3932.00000
27.66500	4167.00000
27.68000	4347.00000
27.69500	4544.00000
27.71000	4556.00000
27.72500	4378.00000
27.74000	4075.00000
27.75500	3952.00000
27.77000	3766.00000
27.78500	3511.00000
27.80000	3472.00000
27.81500	3492.00000
27.83000	3359.00000
27.84500	3358.00000
27.86000	3403.00000
27.87500	3435.00000
27.89000	3558.00000
27.90500	3490.00000
27.92000	3557.00000
27.93500	3614.00000
27.95000	3657.00000
27.96500	3952.00000
27.98000	3985.00000
27.99500	4067.00000
28.01000	4379.00000
28.02500	4685.00000
28.04000	5057.00000
28.05500	5417.00000
28.07000	6195.00000
28.08500	6863.00000
28.10000	8090.00000
28.11500	9690.00000
28.13000	11571.00000
28.14500	13410.00000
28.16000	15174.00000
28.17500	16056.00000
28.19000	15251.00000
28.20500	13327.00000
28.22000	10819.00000
28.23500	8533.00000
28.25000	6339.00000
28.26500	4785.00000
28.28000	4017.00000
28.29500	3695.00000
28.31000	3706.00000
28.32500	3651.00000
28.34000	3636.00000
28.35500	3632.00000
28.37000	3616.00000
28.38500	3622.00000
28.40000	3581.00000
28.41500	3592.00000
28.43000	3491.00000
28.44500	3615.00000
28.46000	3611.00000
28.47500	3633.00000
28.49000	3585.00000
28.50500	3617.00000
28.52000	3532.00000
28.53500	3438.00000
28.55000	3445.00000
28.56500	3482.00000
28.58000	3282.00000
28.59500	3169.00000
28.61000	3102.00000
28.62500	3228.00000
28.64000	3162.00000
28.65500	3126.00000
28.67000	3215.00000
28.68500	3234.00000
28.70000	3308.00000
28.71500	3231.00000
28.73000	3301.00000
28.74500	3224.00000
28.76000	3172.00000
28.77500	3276.00000
28.79000	3331.00000
28.80500	3181.00000
28.82000	3323.00000
28.83500	3327.00000
28.85000	3330.00000
28.86500	3288.00000
28.88000	3260.00000
28.89500	3254.00000
28.91000	3280.00000
28.92500	3353.00000
28.94000	3403.00000
28.95500	3366.00000
28.97000	3401.00000
28.98500	3593.00000
29.00000	3687.00000
29.01500	3824.00000
29.03000	3995.00000
29.04500	4030.00000
29.06000	4109.00000
29.07500	4056.00000
29.09000	3914.00000
29.10500	3934.00000
29.12000	3917.00000
29.13500	3922.00000
29.15000	3934.00000
29.16500	4130.00000
29.18000	4327.00000
29.19500	4496.00000
29.21000	4656.00000
29.22500	4968.00000
29.24000	5493.00000
29.25500	5770.00000
29.27000	6125.00000
29.28500	6491.00000
29.30000	6942.00000
29.31500	7240.00000
29.33000	7393.00000
29.34500	7744.00000
29.36000	7739.00000
29.37500	7244.00000
29.39000	6926.00000
29.40500	6265.00000
29.42000	5558.00000
29.43500	4973.00000
29.45000	4488.00000
29.46500	4209.00000
29.48000	3939.00000
29.49500	3763.00000
29.51000	3528.00000
29.52500	3453.00000
29.54000	3398.00000
29.55500	3480.00000
29.57000	3584.00000
29.58500	3541.00000
29.60000	3549.00000
29.61500	3589.00000
29.63000	3691.00000
29.64500	3624.00000
29.66000	3681.00000
29.67500	3682.00000
29.69000	3550.00000
29.70500	3397.00000
29.72000	3362.00000
29.73500	3314.00000
29.75000	3168.00000
29.76500	3193.00000
29.78000	3286.00000
29.79500	3148.00000
29.81000	3123.00000
29.82500	3229.00000
29.84000	3212.00000
29.85500	3302.00000
29.87000	3295.00000
29.88500	3374.00000
29.90000	3402.00000
29.91500	3397.00000
29.93000	3395.00000
29.94500	3341.00000
29.96000	3225.00000
29.97500	3181.00000
29.99000	3195.00000
30.00500	3127.00000
30.02000	3213.00000
30.03500	3031.00000
30.05000	3057.00000
30.06500	3124.00000
30.08000	3252.00000
30.09500	3128.00000
30.11000	3269.00000
30.12500	3302.00000
30.14000	3344.00000
30.15500	3394.00000
30.17000	3556.00000
30.18500	3674.00000
30.20000	3918.00000
30.21500	4168.00000
30.23000	4429.00000
30.24500	4693.00000
30.26000	4638.00000
30.27500	4663.00000
30.29000	4527.00000
30.30500	4191.00000
30.32000	3862.00000
30.33500	3671.00000
30.35000	3479.00000
30.36500	3325.00000
30.38000	3342.00000
30.39500	3440.00000
30.41000	3434.00000
30.42500	3423.00000
30.44000	3431.00000
30.45500	3434.00000
30.47000	3446.00000
30.48500	3449.00000
30.50000	3525.00000
30.51500	3504.00000
30.53000	3602.00000
30.54500	3873.00000
30.56000	4301.00000
30.57500	4611.00000
30.59000	5099.00000
30.60500	5633.00000
30.62000	5840.00000
30.63500	6086.00000
30.65000	5993.00000
30.66500	5725.00000
30.68000	5398.00000
30.69500	4718.00000
30.71000	4156.00000
30.72500	3602.00000
30.74000	3345.00000
30.75500	3210.00000
30.77000	3167.00000
30.78500	3141.00000
30.80000	3187.00000
30.81500	3142.00000
30.83000	3248.00000
30.84500	3376.00000
30.86000	3577.00000
30.87500	3619.00000
30.89000	3722.00000
30.90500	3922.00000
30.92000	4161.00000
30.93500	4104.00000
30.95000	4021.00000
30.96500	3914.00000
30.98000	3809.00000
30.99500	3600.00000
31.01000	3420.00000
31.02500	3316.00000
31.04000	3389.00000
31.05500	3351.00000
31.07000	3479.00000
31.08500	3654.00000
31.10000	3671.00000
31.11500	3674.00000
31.13000	3768.00000
31.14500	3641.00000
31.16000	3434.00000
31.17500	3263.00000
31.19000	3094.00000
31.20500	3038.00000
31.22000	2938.00000
31.23500	2984.00000
31.25000	3066.00000
31.26500	2960.00000
31.28000	3073.00000
31.29500	3005.00000
31.31000	3013.00000
31.32500	3114.00000
31.34000	3162.00000
31.35500	3247.00000
31.37000	3298.00000
31.38500	3516.00000
31.40000	3744.00000
31.41500	3710.00000
31.43000	3688.00000
31.44500	3677.00000
31.46000	3512.00000
31.47500	3472.00000
31.49000	3358.00000
31.50500	3274.00000
31.52000	3069.00000
31.53500	2986.00000
31.55000	2944.00000
31.56500	2949.00000
31.58000	3021.00000
31.59500	2957.00000
31.61000	3005.00000
31.62500	2971.00000
31.64000	2992.00000
31.65500	2993.00000
31.67000	3128.00000
31.68500	3073.00000
31.70000	3023.00000
31.71500	3118.00000
31.73000	3177.00000
31.74500	3197.00000
31.76000	3140.00000
31.77500	3253.00000
31.79000	3395.00000
31.80500	3406.00000
31.82000	3464.00000
31.83500	3670.00000
31.85000	3854.00000
31.86500	4126.00000
31.88000	4211.00000
31.89500	4291.00000
31.91000	4241.00000
31.92500	4098.00000
31.94000	3795.00000
31.95500	3733.00000
31.97000	3584.00000
31.98500	3444.00000
32.00000	3476.00000
32.01500	3557.00000
32.03000	3636.00000
32.04500	3871.00000
32.06000	4114.00000
32.07500	4360.00000
32.09000	4544.00000
32.10500	4410.00000
32.12000	4106.00000
32.13500	3928.00000
32.15000	3651.00000
32.16500	3403.00000
32.18000	3132.00000
32.19500	2934.00000
32.21000	2910.00000
32.22500	2796.00000
32.24000	2809.00000
32.25500	2867.00000
32.27000	2863.00000
32.28500	2913.00000
32.30000	2906.00000
32.31500	2882.00000
32.33000	2894.00000
32.34500	2861.00000
32.36000	3044.00000
32.37500	2853.00000
32.39000	2793.00000
32.40500	2912.00000
32.42000	2880.00000
32.43500	2887.00000
32.45000	2910.00000
32.46500	2890.00000
32.48000	2823.00000
32.49500	2986.00000
32.51000	3024.00000
32.52500	3029.00000
32.54000	3014.00000
32.55500	3089.00000
32.57000	3034.00000
32.58500	3028.00000
32.60000	2942.00000
32.61500	2951.00000
32.63000	2936.00000
32.64500	2921.00000
32.66000	3003.00000
32.67500	3171.00000
32.69000	3226.00000
32.70500	3270.00000
32.72000	3440.00000
32.73500	3458.00000
32.75000	3437.00000
32.76500	3309.00000
32.78000	3227.00000
32.79500	3088.00000
32.81000	2918.00000
32.82500	2780.00000
32.84000	2849.00000
32.85500	2790.00000
32.87000	2709.00000
32.88500	2752.00000
32.90000	2662.00000
32.91500	2710.00000
32.93000	2800.00000
32.94500	2735.00000
32.96000	2863.00000
32.97500	2873.00000
32.99000	2862.00000
33.00500	2975.00000
33.02000	3004.00000
33.03500	3037.00000
33.05000	3125.00000
33.06500	3195.00000
33.08000	3286.00000
33.09500	3405.00000
33.11000	3556.00000
33.12500	3526.00000
33.14000	3500.00000
33.15500	3414.00000
33.17000	3205.00000
33.18500	3202.00000
33.20000	2996.00000
33.21500	2994.00000
33.23000	2973.00000
33.24500	2960.00000
33.26000	3076.00000
33.27500	3137.00000
33.29000	3190.00000
33.30500	3317.00000
33.32000	3453.00000
33.33500	3448.00000
33.35000	3497.00000
33.36500	3544.00000
33.38000	3425.00000
33.39500	3206.00000
33.41000	3105.00000
33.42500	3020.00000
33.44000	2803.00000
33.45500	2690.00000
33.47000	2742.00000
33.48500	2738.00000
33.50000	2655.00000
33.51500	2680.00000
33.53000	2631.00000
33.54500	2652.00000
33.56000	2793.00000
33.57500	2840.00000
33.59000	2882.00000
33.60500	2864.00000
33.62000	2901.00000
33.63500	2906.00000
33.65000	2905.00000
33.66500	2764.00000
33.68000	2727.00000
33.69500	2700.00000
33.71000	2558.00000
33.72500	2634.00000
33.74000	2639.00000
33.75500	2600.00000
33.77000	2547.00000
33.78500	2555.00000
33.80000	2694.00000
33.81500	2621.00000
33.83000	2570.00000
33.84500	2681.00000
33.86000	2690.00000
33.87500	2791.00000
33.89000	2851.00000
33.90500	2902.00000
33.92000	2985.00000
33.93500	3096.00000
33.95000	3171.00000
33.96500	3338.00000
33.98000	3382.00000
33.99500	3301.00000
34.01000	3316.00000
34.02500	3192.00000
34.04000	3052.00000
34.05500	2898.00000
34.07000	2866.00000
34.08500	2899.00000
34.10000	2794.00000
34.11500	2809.00000
34.13000	2815.00000
34.14500	2993.00000
34.16000	3074.00000
34.17500	3235.00000
34.19000	3460.00000
34.20500	3758.00000
34.22000	4159.00000
34.23500	4510.00000
34.25000	4738.00000
34.26500	5417.00000
34.28000	5837.00000
34.29500	6710.00000
34.31000	7213.00000
34.32500	7446.00000
34.34000	7311.00000
34.35500	6921.00000
34.37000	6339.00000
34.38500	5421.00000
34.40000	4419.00000
34.41500	3836.00000
34.43000	3266.00000
34.44500	2999.00000
34.46000	2788.00000
34.47500	2876.00000
34.49000	3108.00000
34.50500	3201.00000
34.52000	3398.00000
34.53500	3637.00000
34.55000	3875.00000
34.56500	3913.00000
34.58000	4106.00000
34.59500	3983.00000
34.61000	3639.00000
34.62500	3542.00000
34.64000	3289.00000
34.65500	3001.00000
34.67000	2809.00000
34.68500	2801.00000
34.70000	2739.00000
34.71500	2589.00000
34.73000	2555.00000
34.74500	2640.00000
34.76000	2530.00000
34.77500	2456.00000
34.79000	2455.00000
34.80500	2538.00000
34.82000	2487.00000
34.83500	2477.00000
34.85000	2667.00000
34.86500	2723.00000
34.88000	2824.00000
34.89500	2867.00000
34.91000	3064.00000
34.92500	3287.00000
34.94000	3412.00000
34.95500	3493.00000
34.97000	3670.00000
34.98500	3521.00000
35.00000	3600.00000
35.01500	3607.00000
35.03000	3479.00000
35.04500	3427.00000
35.06000	3490.00000
35.07500	3422.00000
35.09000	3283.00000
35.10500	3125.00000
35.12000	2940.00000
35.13500	2840.00000
35.15000	2669.00000
35.16500	2537.00000
35.18000	2510.00000
35.19500	2485.00000
35.21000	2377.00000
35.22500	2357.00000
35.24000	2307.00000
35.25500	2242.00000
35.27000	2397.00000
35.28500	2431.00000
35.30000	2373.00000
35.31500	2335.00000
35.33000	2386.00000
35.34500	2370.00000
35.36000	2375.00000
35.37500	2471.00000
35.39000	2479.00000
35.40500	2397.00000
35.42000	2426.00000
35.43500	2317.00000
35.45000	2324.00000
35.46500	2407.00000
35.48000	2393.00000
35.49500	2462.00000
35.51000	2490.00000
35.52500	2497.00000
35.54000	2565.00000
35.55500	2638.00000
35.57000	2611.00000
35.58500	2644.00000
35.60000	2638.00000
35.61500	2509.00000
35.63000	2516.00000
35.64500	2459.00000
35.66000	2493.00000
35.67500	2501.00000
35.69000	2641.00000
35.70500	2685.00000
35.72000	2683.00000
35.73500	2818.00000
35.75000	3163.00000
35.76500	3391.00000
35.78000	3735.00000
35.79500	4095.00000
35.81000	4590.00000
35.82500	4852.00000
35.84000	4772.00000
35.85500	4784.00000
35.87000	4543.00000
35.88500	4112.00000
35.90000	3671.00000
35.91500	3223.00000
35.93000	2901.00000
35.94500	2667.00000
35.96000	2512.00000
35.97500	2590.00000
35.99000	2526.00000
36.00500	2548.00000
36.02000	2632.00000
36.03500	2638.00000
36.05000	2769.00000
36.06500	2913.00000
36.08000	2905.00000
36.09500	3000.00000
36.11000	3132.00000
36.12500	3005.00000
36.14000	2951.00000
36.15500	2918.00000
36.17000	2930.00000
36.18500	2893.00000
36.20000	3028.00000
36.21500	3085.00000
36.23000	3252.00000
36.24500	3453.00000
36.26000	3700.00000
36.27500	4099.00000
36.29000	4111.00000
36.30500	4287.00000
36.32000	4201.00000
36.33500	3931.00000
36.35000	3720.00000
36.36500	3470.00000
36.38000	3216.00000
36.39500	3123.00000
36.41000	2938.00000
36.42500	3020.00000
36.44000	3065.00000
36.45500	3238.00000
36.47000	3535.00000
36.48500	3823.00000
36.50000	4051.00000
36.51500	4424.00000
36.53000	4395.00000
36.54500	4273.00000
36.56000	4131.00000
36.57500	3840.00000
36.59000	3575.00000
36.60500	3329.00000
36.62000	3022.00000
36.63500	2915.00000
36.65000	2840.00000
36.66500	2895.00000
36.68000	3001.00000
36.69500	3374.00000
36.71000	3693.00000
36.72500	3942.00000
36.74000	4652.00000
36.75500	5242.00000
36.77000	5666.00000
36.78500	5946.00000
36.80000	5919.00000
36.81500	5854.00000
36.83000	5224.00000
36.84500	4589.00000
36.86000	4045.00000
36.87500	3460.00000
36.89000	3064.00000
36.90500	2703.00000
36.92000	2520.00000
36.93500	2497.00000
36.95000	2403.00000
36.96500	2340.00000
36.98000	2473.00000
36.99500	2382.00000
37.01000	2500.00000
37.02500	2687.00000
37.04000	2700.00000
37.05500	2798.00000
37.07000	2758.00000
37.08500	2859.00000
37.10000	3007.00000
37.11500	3001.00000
37.13000	3155.00000
37.14500	3188.00000
37.16000	3573.00000
37.17500	3903.00000
37.19000	4392.00000
37.20500	5071.00000
37.22000	5900.00000
37.23500	7071.00000
37.25000	8671.00000
37.26500	10387.00000
37.28000	11754.00000
37.29500	12211.00000
37.31000	12212.00000
37.32500	11141.00000
37.34000	9624.00000
37.35500	7785.00000
37.37000	6029.00000
37.38500	4421.00000
37.40000	3368.00000
37.41500	2838.00000
37.43000	2555.00000
37.44500	2462.00000
37.46000	2345.00000
37.47500	2316.00000
37.49000	2337.00000
37.50500	2382.00000
37.52000	2277.00000
37.53500	2370.00000
37.55000	2360.00000
37.56500	2436.00000
37.58000	2535.00000
37.59500	2623.00000
37.61000	2818.00000
37.62500	2924.00000
37.64000	3030.00000
37.65500	3085.00000
37.67000	3287.00000
37.68500	3232.00000
37.70000	3211.00000
37.71500	3126.00000
37.73000	2963.00000
37.74500	2803.00000
37.76000	2673.00000
37.77500	2515.00000
37.79000	2432.00000
37.80500	2505.00000
37.82000	2672.00000
37.83500	2793.00000
37.85000	2727.00000
37.86500	2856.00000
37.88000	2815.00000
37.89500	2803.00000
37.91000	2784.00000
37.92500	2714.00000
37.94000	2649.00000
37.95500	2582.00000
37.97000	2613.00000
37.98500	2826.00000
38.00000	2928.00000
38.01500	3205.00000
38.03000	3416.00000
38.04500	3687.00000
38.06000	3939.00000
38.07500	3887.00000
38.09000	3752.00000
38.10500	3616.00000
38.12000	3457.00000
38.13500	3148.00000
38.15000	2919.00000
38.16500	2841.00000
38.18000	2822.00000
38.19500	2919.00000
38.21000	3154.00000
38.22500	3559.00000
38.24000	4094.00000
38.25500	4647.00000
38.27000	5056.00000
38.28500	5305.00000
38.30000	5193.00000
38.31500	4987.00000
38.33000	4619.00000
38.34500	4074.00000
38.36000	3580.00000
38.37500	3082.00000
38.39000	2897.00000
38.40500	2786.00000
38.42000	2746.00000
38.43500	2768.00000
38.45000	2682.00000
38.46500	2614.00000
38.48000	2542.00000
38.49500	2549.00000
38.51000	2494.00000
38.52500	2478.00000
38.54000	2581.00000
38.55500	2622.00000
38.57000	2634.00000
38.58500	2692.00000
38.60000	2825.00000
38.61500	2835.00000
38.63000	2738.00000
38.64500	2655.00000
38.66000	2518.00000
38.67500	2379.00000
38.69000	2262.00000
38.70500	2272.00000
38.72000	2262.00000
38.73500	2262.00000
38.75000	2287.00000
38.76500	2358.00000
38.78000	2529.00000
38.79500	2534.00000
38.81000	2566.00000
38.82500	2734.00000
38.84000	2783.00000
38.85500	2775.00000
38.87000	2875.00000
38.88500	2763.00000
38.90000	2851.00000
38.91500	3028.00000
38.93000	3171.00000
38.94500	3428.00000
38.96000	3834.00000
38.97500	4162.00000
38.99000	4649.00000
39.00500	4918.00000
39.02000	4897.00000
39.03500	4657.00000
39.05000	4329.00000
39.06500	3880.00000
39.08000	3398.00000
39.09500	2901.00000
39.11000	2595.00000
39.12500	2449.00000
39.14000	2312.00000
39.15500	2284.00000
39.17000	2297.00000
39.18500	2340.00000
39.20000	2442.00000
39.21500	2471.00000
39.23000	2608.00000
39.24500	2531.00000
39.26000	2689.00000
39.27500	2763.00000
39.29000	2695.00000
39.30500	2738.00000
39.32000	2918.00000
39.33500	2867.00000
39.35000	2693.00000
39.36500	2630.00000
39.38000	2662.00000
39.39500	2598.00000
39.41000	2502.00000
39.42500	2505.00000
39.44000	2446.00000
39.45500	2360.00000
39.47000	2416.00000
39.48500	2474.00000
39.50000	2475.00000
39.51500	2347.00000
39.53000	2411.00000
39.54500	2480.00000
39.56000	2533.00000
39.57500	2624.00000
39.59000	2779.00000
39.60500	2973.00000
39.62000	3260.00000
39.63500	3281.00000
39.65000	3349.00000
39.66500	3372.00000
39.68000	3439.00000
39.69500	3366.00000
39.71000	3328.00000
39.72500	3309.00000
39.74000	3329.00000
39.75500	3498.00000
39.77000	3618.00000
39.78500	3609.00000
39.80000	3738.00000
39.81500	3719.00000
39.83000	3789.00000
39.84500	3740.00000
39.86000	3583.00000
39.87500	3652.00000
39.89000	3673.00000
39.90500	3874.00000
39.92000	4104.00000
39.93500	4395.00000
39.95000	4440.00000
39.96500	4238.00000
39.98000	3977.00000
39.99500	3792.00000
40.01000	3385.00000
40.02500	2963.00000
40.04000	2633.00000
40.05500	2347.00000
40.07000	2205.00000
40.08500	2178.00000
40.10000	2179.00000
40.11500	2311.00000
40.13000	2452.00000
40.14500	2453.00000
40.16000	2658.00000
40.17500	2896.00000
40.19000	3263.00000
40.20500	3449.00000
40.22000	3862.00000
40.23500	4145.00000
40.25000	4431.00000
40.26500	4392.00000
40.28000	4294.00000
40.29500	4099.00000
40.31000	3774.00000
40.32500	3459.00000
40.34000	3078.00000
40.35500	2869.00000
40.37000	2753.00000
40.38500	2817.00000
40.40000	3044.00000
40.41500	3408.00000
40.43000	3941.00000
40.44500	4686.00000
40.46000	5491.00000
40.47500	6507.00000
40.49000	7537.00000
40.50500	8460.00000
40.52000	8941.00000
40.53500	8613.00000
40.55000	8026.00000
40.56500	7111.00000
40.58000	6052.00000
40.59500	5163.00000
40.61000	4143.00000
40.62500	3479.00000
40.64000	3080.00000
40.65500	3043.00000
40.67000	3272.00000
40.68500	3549.00000
40.70000	3827.00000
40.71500	4299.00000
40.73000	4637.00000
40.74500	4850.00000
40.76000	5130.00000
40.77500	5352.00000
40.79000	5372.00000
40.80500	5666.00000
40.82000	5897.00000
40.83500	6264.00000
40.85000	6222.00000
40.86500	6082.00000
40.88000	6176.00000
40.89500	5886.00000
40.91000	5690.00000
40.92500	5626.00000
40.94000	5497.00000
40.95500	5569.00000
40.97000	6011.00000
40.98500	6230.00000
41.00000	6693.00000
41.01500	6629.00000
41.03000	6471.00000
41.04500	6405.00000
41.06000	5923.00000
41.07500	5508.00000
41.09000	4899.00000
41.10500	4265.00000
41.12000	3872.00000
41.13500	3392.00000
41.15000	3054.00000
41.16500	2716.00000
41.18000	2497.00000
41.19500	2270.00000
41.21000	2195.00000
41.22500	2144.00000
41.24000	2192.00000
41.25500	2162.00000
41.27000	2270.00000
41.28500	2228.00000
41.30000	2303.00000
41.31500	2344.00000
41.33000	2460.00000
41.34500	2454.00000
41.36000	2461.00000
41.37500	2425.00000
41.39000	2382.00000
41.40500	2359.00000
41.42000	2324.00000
41.43500	2327.00000
41.45000	2421.00000
41.46500	2435.00000
41.48000	2325.00000
41.49500	2337.00000
41.51000	2460.00000
41.52500	2432.00000
41.54000	2450.00000
41.55500	2499.00000
41.57000	2388.00000
41.58500	2392.00000
41.60000	2377.00000
41.61500	2447.00000
41.63000	2444.00000
41.64500	2443.00000
41.66000	2403.00000
41.67500	2298.00000
41.69000	2398.00000
41.70500	2418.00000
41.72000	2450.00000
41.73500	2589.00000
41.75000	2690.00000
41.76500	2897.00000
41.78000	3055.00000
41.79500	3281.00000
41.81000	3377.00000
41.82500	3412.00000
41.84000	3417.00000
41.85500	3286.00000
41.87000	3146.00000
41.88500	3070.00000
41.90000	2830.00000
41.91500	2717.00000
41.93000	2593.00000
41.94500	2596.00000
41.96000	2579.00000
41.97500	2531.00000
41.99000	2643.00000
42.00500	2777.00000
42.02000	2794.00000
42.03500	2931.00000
42.05000	3090.00000
42.06500	3068.00000
42.08000	3116.00000
42.09500	3083.00000
42.11000	2983.00000
42.12500	2973.00000
42.14000	2775.00000
42.15500	2598.00000
42.17000	2515.00000
42.18500	2614.00000
42.20000	2602.00000
42.21500	2653.00000
42.23000	2795.00000
42.24500	2875.00000
42.26000	3157.00000
42.27500	3242.00000
42.29000	3213.00000
42.30500	3214.00000
42.32000	3089.00000
42.33500	2965.00000
42.35000	2810.00000
42.36500	2545.00000
42.38000	2413.00000
42.39500	2272.00000
42.41000	2231.00000
42.42500	2176.00000
42.44000	2139.00000
42.45500	2163.00000
42.47000	2121.00000
42.48500	2102.00000
42.50000	2117.00000
42.51500	2160.00000
42.53000	2218.00000
42.54500	2307.00000
42.56000	2401.00000
42.57500	2515.00000
42.59000	2613.00000
42.60500	2721.00000
42.62000	2749.00000
42.63500	2780.00000
42.65000	2629.00000
42.66500	2582.00000
42.68000	2573.00000
42.69500	2597.00000
42.71000	2670.00000
42.72500	2812.00000
42.74000	3084.00000
42.75500	3414.00000
42.77000	3837.00000
42.78500	4232.00000
42.80000	4437.00000
42.81500	4541.00000
42.83000	4503.00000
42.84500	4380.00000
42.86000	3926.00000
42.87500	3509.00000
42.89000	3309.00000
42.90500	2930.00000
42.92000	2710.00000
42.93500	2669.00000
42.95000	2656.00000
42.96500	2753.00000
42.98000	2590.00000
42.99500	2517.00000
43.01000	2605.00000
43.02500	2598.00000
43.04000	2634.00000
43.05500	2757.00000
43.07000	2695.00000
43.08500	2749.00000
43.10000	2692.00000
43.11500	2628.00000
43.13000	2630.00000
43.14500	2534.00000
43.16000	2510.00000
43.17500	2465.00000
43.19000	2492.00000
43.20500	2431.00000
43.22000	2321.00000
43.23500	2318.00000
43.25000	2313.00000
43.26500	2333.00000
43.28000	2385.00000
43.29500	2449.00000
43.31000	2693.00000
43.32500	2833.00000
43.34000	3043.00000
43.35500	3400.00000
43.37000	3478.00000
43.38500	3602.00000
43.40000	3652.00000
43.41500	3626.00000
43.43000	3445.00000
43.44500	3263.00000
43.46000	3047.00000
43.47500	2793.00000
43.49000	2489.00000
43.50500	2354.00000
43.52000	2221.00000
43.53500	2176.00000
43.55000	2197.00000
43.56500	2046.00000
43.58000	2046.00000
43.59500	2017.00000
43.61000	2103.00000
43.62500	2036.00000
43.64000	1999.00000
43.65500	1954.00000
43.67000	1934.00000
43.68500	1965.00000
43.70000	1964.00000
43.71500	1877.00000
43.73000	1945.00000
43.74500	1956.00000
43.76000	1934.00000
43.77500	1992.00000
43.79000	2024.00000
43.80500	2054.00000
43.82000	2087.00000
43.83500	2065.00000
43.85000	2046.00000
43.86500	2044.00000
43.88000	2032.00000
43.89500	2096.00000
43.91000	2038.00000
43.92500	2034.00000
43.94000	1982.00000
43.95500	1960.00000
43.97000	1923.00000
43.98500	1909.00000
44.00000	1951.00000
44.01500	2031.00000
44.03000	2024.00000
44.04500	2211.00000
44.06000	2323.00000
44.07500	2463.00000
44.09000	2529.00000
44.10500	2653.00000
44.12000	2635.00000
44.13500	2739.00000
44.15000	2731.00000
44.16500	2780.00000
44.18000	2768.00000
44.19500	2853.00000
44.21000	2850.00000
44.22500	2921.00000
44.24000	2994.00000
44.25500	2914.00000
44.27000	2887.00000
44.28500	2787.00000
44.30000	2799.00000
44.31500	2882.00000
44.33000	2966.00000
44.34500	3187.00000
44.36000	3660.00000
44.37500	4036.00000
44.39000	4502.00000
44.40500	4961.00000
44.42000	5409.00000
44.43500	5541.00000
44.45000	5584.00000
44.46500	5407.00000
44.48000	5024.00000
44.49500	4683.00000
44.51000	4069.00000
44.52500	3573.00000
44.54000	3134.00000
44.55500	2870.00000
44.57000	2612.00000
44.58500	2555.00000
44.60000	2551.00000
44.61500	2701.00000
44.63000	2894.00000
44.64500	3158.00000
44.66000	3320.00000
44.67500	3497.00000
44.69000	3642.00000
44.70500	3773.00000
44.72000	3790.00000
44.73500	3731.00000
44.75000	3500.00000
44.76500	3166.00000
44.78000	2902.00000
44.79500	2543.00000
44.81000	2217.00000
44.82500	2171.00000
44.84000	1996.00000
44.85500	1997.00000
44.87000	1842.00000
44.88500	1875.00000
44.90000	1950.00000
44.91500	1943.00000
44.93000	2030.00000
44.94500	2017.00000
44.96000	2032.00000
44.97500	2018.00000
44.99000	1946.00000
45.00500	1907.00000
45.02000	1893.00000
45.03500	1841.00000
45.05000	1790.00000
45.06500	1867.00000
45.08000	1836.00000
45.09500	1952.00000
45.11000	1935.00000
45.12500	2034.00000
45.14000	2148.00000
45.15500	2243.00000
45.17000	2300.00000
45.18500	2469.00000
45.20000	2652.00000
45.21500	2742.00000
45.23000	2663.00000
45.24500	2633.00000
45.26000	2646.00000
45.27500	2658.00000
45.29000	2501.00000
45.30500	2473.00000
45.32000	2362.00000
45.33500	2192.00000
45.35000	2086.00000
45.36500	2128.00000
45.38000	1981.00000
45.39500	1956.00000
45.41000	1975.00000
45.42500	2067.00000
45.44000	2080.00000
45.45500	2157.00000
45.47000	2276.00000
45.48500	2292.00000
45.50000	2380.00000
45.51500	2506.00000
45.53000	2730.00000
45.54500	2956.00000
45.56000	3298.00000
45.57500	3572.00000
45.59000	3769.00000
45.60500	3769.00000
45.62000	3796.00000
45.63500	3627.00000
45.65000	3373.00000
45.66500	2960.00000
45.68000	2593.00000
45.69500	2353.00000
45.71000	2085.00000
45.72500	1817.00000
45.74000	1821.00000
45.75500	1753.00000
45.77000	1740.00000
45.78500	1781.00000
45.80000	1809.00000
45.81500	1798.00000
45.83000	1704.00000
45.84500	1731.00000
45.86000	1766.00000
45.87500	1708.00000
45.89000	1649.00000
45.90500	1692.00000
45.92000	1710.00000
45.93500	1773.00000
45.95000	1809.00000
45.96500	1754.00000
45.98000	1787.00000
45.99500	1843.00000
46.01000	1832.00000
46.02500	1864.00000
46.04000	1827.00000
46.05500	1849.00000
46.07000	2033.00000
46.08500	2042.00000
46.10000	2046.00000
46.11500	2171.00000
46.13000	2174.00000
46.14500	2338.00000
46.16000	2556.00000
46.17500	2653.00000
46.19000	2787.00000
46.20500	2972.00000
46.22000	3095.00000
46.23500	3249.00000
46.25000	3235.00000
46.26500	3168.00000
46.28000	3078.00000
46.29500	3030.00000
46.31000	2988.00000
46.32500	2978.00000
46.34000	2986.00000
46.35500	3131.00000
46.37000	3233.00000
46.38500	3272.00000
46.40000	3434.00000
46.41500	3497.00000
46.43000	3539.00000
46.44500	3531.00000
46.46000	3406.00000
46.47500	3415.00000
46.49000	3147.00000
46.50500	2993.00000
46.52000	2949.00000
46.53500	3035.00000
46.55000	3122.00000
46.56500	3378.00000
46.58000	3761.00000
46.59500	3982.00000
46.61000	4240.00000
46.62500	4395.00000
46.64000	4375.00000
46.65500	4246.00000
46.67000	3870.00000
46.68500	3554.00000
46.70000	3317.00000
46.71500	3021.00000
46.73000	2674.00000
46.74500	2619.00000
46.76000	2607.00000
46.77500	2565.00000
46.79000	2817.00000
46.80500	2815.00000
46.82000	2953.00000
46.83500	2958.00000
46.85000	3026.00000
46.86500	3088.00000
46.88000	2848.00000
46.89500	2692.00000
46.91000	2491.00000
46.92500	2358.00000
46.94000	2257.00000
46.95500	2105.00000
46.97000	1971.00000
46.98500	1966.00000
47.00000	2016.00000
47.01500	2041.00000
47.03000	2082.00000
47.04500	2041.00000
47.06000	2121.00000
47.07500	2197.00000
47.09000	2092.00000
47.10500	2067.00000
47.12000	2103.00000
47.13500	2038.00000
47.15000	2060.00000
47.16500	2073.00000
47.18000	2041.00000
47.19500	2023.00000
47.21000	2003.00000
47.22500	1944.00000
47.24000	1994.00000
47.25500	1959.00000
47.27000	1892.00000
47.28500	1927.00000
47.30000	1899.00000
47.31500	1964.00000
47.33000	2014.00000
47.34500	1954.00000
47.36000	1959.00000
47.37500	1962.00000
47.39000	1956.00000
47.40500	1904.00000
47.42000	1846.00000
47.43500	1819.00000
47.45000	1750.00000
47.46500	1799.00000
47.48000	1880.00000
47.49500	1883.00000
47.51000	1863.00000
47.52500	1881.00000
47.54000	2025.00000
47.55500	2167.00000
47.57000	2265.00000
47.58500	2394.00000
47.60000	2492.00000
47.61500	2656.00000
47.63000	2816.00000
47.64500	2950.00000
47.66000	3122.00000
47.67500	3048.00000
47.69000	3011.00000
47.70500	2980.00000
47.72000	3060.00000
47.73500	3029.00000
47.75000	3118.00000
47.76500	3168.00000
47.78000	3188.00000
47.79500	3322.00000
47.81000	3233.00000
47.82500	3181.00000
47.84000	3042.00000
47.85500	2918.00000
47.87000	2917.00000
47.88500	2735.00000
47.90000	2478.00000
47.91500	2432.00000
47.93000	2362.00000
47.94500	2317.00000
47.96000	2283.00000
47.97500	2246.00000
47.99000	2141.00000
48.00500	2033.00000
48.02000	1984.00000
48.03500	1995.00000
48.05000	1952.00000
48.06500	2039.00000
48.08000	1938.00000
48.09500	1898.00000
48.11000	1881.00000
48.12500	1816.00000
48.14000	1828.00000
48.15500	1876.00000
48.17000	1863.00000
48.18500	1858.00000
48.20000	1817.00000
48.21500	1783.00000
48.23000	1877.00000
48.24500	1906.00000
48.26000	2021.00000
48.27500	2109.00000
48.29000	2135.00000
48.30500	2165.00000
48.32000	2207.00000
48.33500	2278.00000
48.35000	2212.00000
48.36500	2223.00000
48.38000	2146.00000
48.39500	2107.00000
48.41000	2044.00000
48.42500	2106.00000
48.44000	2178.00000
48.45500	2358.00000
48.47000	2689.00000
48.48500	2970.00000
48.50000	3229.00000
48.51500	3508.00000
48.53000	3794.00000
48.54500	3922.00000
48.56000	3980.00000
48.57500	4021.00000
48.59000	3917.00000
48.60500	3771.00000
48.62000	3658.00000
48.63500	3568.00000
48.65000	3375.00000
48.66500	3407.00000
48.68000	3426.00000
48.69500	3341.00000
48.71000	3427.00000
48.72500	3470.00000
48.74000	3378.00000
48.75500	3336.00000
48.77000	3299.00000
48.78500	3122.00000
48.80000	2944.00000
48.81500	2848.00000
48.83000	2592.00000
48.84500	2481.00000
48.86000	2400.00000
48.87500	2341.00000
48.89000	2262.00000
48.90500	2146.00000
48.92000	2170.00000
48.93500	2132.00000
48.95000	2137.00000
48.96500	2226.00000
48.98000	2292.00000
48.99500	2444.00000
49.01000	2470.00000
49.02500	2507.00000
49.04000	2750.00000
49.05500	2807.00000
49.07000	2805.00000
49.08500	2869.00000
49.10000	2776.00000
49.11500	2696.00000
49.13000	2533.00000
49.14500	2391.00000
49.16000	2287.00000
49.17500	2116.00000
49.19000	2029.00000
49.20500	1963.00000
49.22000	1853.00000
49.23500	1788.00000
49.25000	1795.00000
49.26500	1835.00000
49.28000	1859.00000
49.29500	1881.00000
49.31000	1941.00000
49.32500	2041.00000
49.34000	2033.00000
49.35500	2184.00000
49.37000	2203.00000
49.38500	2120.00000
49.40000	2074.00000
49.41500	2081.00000
49.43000	2081.00000
49.44500	2036.00000
49.46000	1955.00000
49.47500	1859.00000
49.49000	1851.00000
49.50500	1883.00000
49.52000	1920.00000
49.53500	2002.00000
49.55000	2056.00000
49.56500	2125.00000
49.58000	2187.00000
49.59500	2288.00000
49.61000	2362.00000
49.62500	2374.00000
49.64000	2397.00000
49.65500	2425.00000
49.67000	2326.00000
49.68500	2197.00000
49.70000	2171.00000
49.71500	2120.00000
49.73000	2101.00000
49.74500	2053.00000
49.76000	1956.00000
49.77500	1907.00000
49.79000	1871.00000
49.80500	1847.00000
49.82000	1744.00000
49.83500	1705.00000
49.85000	1673.00000
49.86500	1551.00000
49.88000	1528.00000
49.89500	1511.00000
49.91000	1535.00000
49.92500	1602.00000
49.94000	1607.00000
49.95500	1627.00000
49.97000	1716.00000
49.98500	1753.00000
50.00000	1748.00000
50.01500	1765.00000
50.03000	1793.00000
50.04500	1763.00000
50.06000	1798.00000
50.07500	1809.00000
50.09000	1946.00000
50.10500	1956.00000
50.12000	1954.00000
50.13500	1965.00000
50.15000	2003.00000
50.16500	1969.00000
50.18000	2022.00000
50.19500	2029.00000
50.21000	2037.00000
50.22500	2016.00000
50.24000	2026.00000
50.25500	2104.00000
50.27000	2035.00000
50.28500	1983.00000
50.30000	2057.00000
50.31500	2129.00000
50.33000	2195.00000
50.34500	2322.00000
50.36000	2326.00000
50.37500	2505.00000
50.39000	2546.00000
50.40500	2571.00000
50.42000	2518.00000
50.43500	2492.00000
50.45000	2463.00000
50.46500	2281.00000
50.48000	2151.00000
50.49500	2016.00000
50.51000	1814.00000
50.52500	1771.00000
50.54000	1659.00000
50.55500	1690.00000
50.57000	1649.00000
50.58500	1736.00000
50.60000	1809.00000
50.61500	1762.00000
50.63000	1747.00000
50.64500	1683.00000
50.66000	1728.00000
50.67500	1774.00000
50.69000	1685.00000
50.70500	1713.00000
50.72000	1680.00000
50.73500	1759.00000
50.75000	1676.00000
50.76500	1641.00000
50.78000	1674.00000
50.79500	1679.00000
50.81000	1703.00000
50.82500	1710.00000
50.84000	1765.00000
50.85500	1751.00000
50.87000	1844.00000
50.88500	2058.00000
50.90000	2144.00000
50.91500	2199.00000
50.93000	2428.00000
50.94500	2573.00000
50.96000	2527.00000
50.97500	2526.00000
50.99000	2461.00000
51.00500	2435.00000
51.02000	2414.00000
51.03500	2298.00000
51.05000	2171.00000
51.06500	2082.00000
51.08000	1943.00000
51.09500	1933.00000
51.11000	1891.00000
51.12500	1879.00000
51.14000	1821.00000
51.15500	1741.00000
51.17000	1765.00000
51.18500	1769.00000
51.20000	1718.00000
51.21500	1684.00000
51.23000	1721.00000
51.24500	1774.00000
51.26000	1789.00000
51.27500	1873.00000
51.29000	1893.00000
51.30500	1996.00000
51.32000	2032.00000
51.33500	2134.00000
51.35000	2245.00000
51.36500	2447.00000
51.38000	2721.00000
51.39500	2943.00000
51.41000	3226.00000
51.42500	3189.00000
51.44000	3503.00000
51.45500	3567.00000
51.47000	3422.00000
51.48500	3298.00000
51.50000	3118.00000
51.51500	2818.00000
51.53000	2579.00000
51.54500	2112.00000
51.56000	1908.00000
51.57500	1733.00000
51.59000	1694.00000
51.60500	1610.00000
51.62000	1557.00000
51.63500	1566.00000
51.65000	1600.00000
51.66500	1650.00000
51.68000	1666.00000
51.69500	1720.00000
51.71000	1756.00000
51.72500	1808.00000
51.74000	1780.00000
51.75500	1783.00000
51.77000	1819.00000
51.78500	1813.00000
51.80000	1764.00000
51.81500	1777.00000
51.83000	1824.00000
51.84500	1703.00000
51.86000	1712.00000
51.87500	1700.00000
51.89000	1691.00000
51.90500	1615.00000
51.92000	1635.00000
51.93500	1678.00000
51.95000	1682.00000
51.96500	1709.00000
51.98000	1758.00000
51.99500	1818.00000
52.01000	1845.00000
52.02500	1900.00000
52.04000	2078.00000
52.05500	2167.00000
52.07000	2151.00000
52.08500	2253.00000
52.10000	2296.00000
52.11500	2296.00000
52.13000	2218.00000
52.14500	2239.00000
52.16000	2164.00000
52.17500	2116.00000
52.19000	2127.00000
52.20500	2153.00000
52.22000	2199.00000
52.23500	2301.00000
52.25000	2315.00000
52.26500	2370.00000
52.28000	2382.00000
52.29500	2383.00000
52.31000	2384.00000
52.32500	2377.00000
52.34000	2241.00000
52.35500	2224.00000
52.37000	2193.00000
52.38500	2119.00000
52.40000	2059.00000
52.41500	1996.00000
52.43000	1858.00000
52.44500	1834.00000
52.46000	1889.00000
52.47500	1820.00000
52.49000	1746.00000
52.50500	1680.00000
52.52000	1623.00000
52.53500	1550.00000
52.55000	1569.00000
52.56500	1563.00000
52.58000	1601.00000
52.59500	1621.00000
52.61000	1687.00000
52.62500	1707.00000
52.64000	1678.00000
52.65500	1862.00000
52.67000	2003.00000
52.68500	2099.00000
52.70000	2119.00000
52.71500	2202.00000
52.73000	2297.00000
52.74500	2340.00000
52.76000	2333.00000
52.77500	2328.00000
52.79000	2347.00000
52.80500	2208.00000
52.82000	2166.00000
52.83500	2092.00000
52.85000	1945.00000
52.86500	1822.00000
52.88000	1724.00000
52.89500	1698.00000
52.91000	1609.00000
52.92500	1598.00000
52.94000	1585.00000
52.95500	1527.00000
52.97000	1582.00000
52.98500	1514.00000
53.00000	1524.00000
53.01500	1503.00000
53.03000	1457.00000
53.04500	1433.00000
53.06000	1509.00000
53.07500	1494.00000
53.09000	1453.00000
53.10500	1481.00000
53.12000	1466.00000
53.13500	1465.00000
53.15000	1497.00000
53.16500	1500.00000
53.18000	1504.00000
53.19500	1502.00000
53.21000	1555.00000
53.22500	1609.00000
53.24000	1680.00000
53.25500	1682.00000
53.27000	1750.00000
53.28500	1835.00000
53.30000	1971.00000
53.31500	2067.00000
53.33000	2092.00000
53.34500	2097.00000
53.36000	2051.00000
53.37500	2102.00000
53.39000	2023.00000
53.40500	2001.00000
53.42000	1992.00000
53.43500	1900.00000
53.45000	1877.00000
53.46500	1901.00000
53.48000	1833.00000
53.49500	1800.00000
53.51000	1846.00000
53.52500	1889.00000
53.54000	1916.00000
53.55500	1904.00000
53.57000	2000.00000
53.58500	1983.00000
53.60000	1959.00000
53.61500	1924.00000
53.63000	1894.00000
53.64500	1906.00000
53.66000	1895.00000
53.67500	1807.00000
53.69000	1855.00000
53.70500	1738.00000
53.72000	1762.00000
53.73500	1776.00000
53.75000	1744.00000
53.76500	1798.00000
53.78000	1785.00000
53.79500	1781.00000
53.81000	1709.00000
53.82500	1745.00000
53.84000	1712.00000
53.85500	1698.00000
53.87000	1727.00000
53.88500	1613.00000
53.90000	1668.00000
53.91500	1640.00000
53.93000	1607.00000
53.94500	1602.00000
53.96000	1555.00000
53.97500	1566.00000
53.99000	1666.00000
54.00500	1675.00000
54.02000	1666.00000
54.03500	1755.00000
54.05000	1735.00000
54.06500	1717.00000
54.08000	1771.00000
54.09500	1767.00000
54.11000	1788.00000
54.12500	1859.00000
54.14000	1752.00000
54.15500	1816.00000
54.17000	1868.00000
54.18500	1922.00000
54.20000	1932.00000
54.21500	1981.00000
54.23000	2056.00000
54.24500	2290.00000
54.26000	2500.00000
54.27500	2781.00000
54.29000	3173.00000
54.30500	3443.00000
54.32000	3550.00000
54.33500	3644.00000
54.35000	3634.00000
54.36500	3560.00000
54.38000	3531.00000
54.39500	3429.00000
54.41000	3182.00000
54.42500	2793.00000
54.44000	2428.00000
54.45500	2211.00000
54.47000	2000.00000
54.48500	1875.00000
54.50000	1785.00000
54.51500	1701.00000
54.53000	1694.00000
54.54500	1616.00000
54.56000	1552.00000
54.57500	1613.00000
54.59000	1666.00000
54.60500	1586.00000
54.62000	1582.00000
54.63500	1583.00000
54.65000	1582.00000
54.66500	1630.00000
54.68000	1595.00000
54.69500	1536.00000
54.71000	1551.00000
54.72500	1523.00000
54.74000	1461.00000
54.75500	1502.00000
54.77000	1492.00000
54.78500	1508.00000
54.80000	1554.00000
54.81500	1554.00000
54.83000	1603.00000
54.84500	1696.00000
54.86000	1678.00000
54.87500	1783.00000
54.89000	1952.00000
54.90500	2111.00000
54.92000	2346.00000
54.93500	2490.00000
54.95000	2853.00000
54.96500	3128.00000
54.98000	3326.00000
54.99500	3440.00000
55.01000	3515.00000
55.02500	3692.00000
55.04000	3764.00000
55.05500	3683.00000
55.07000	3722.00000
55.08500	3615.00000
55.10000	3409.00000
55.11500	3215.00000
55.13000	2925.00000
55.14500	2796.00000
55.16000	2642.00000
55.17500	2398.00000
55.19000	2195.00000
55.20500	1996.00000
55.22000	1821.00000
55.23500	1805.00000
55.25000	1865.00000
55.26500	1920.00000
55.28000	1931.00000
55.29500	1959.00000
55.31000	2015.00000
55.32500	1971.00000
55.34000	1991.00000
55.35500	2040.00000
55.37000	1992.00000
55.38500	1947.00000
55.40000	1953.00000
55.41500	1983.00000
55.43000	2004.00000
55.44500	1986.00000
55.46000	1963.00000
55.47500	2017.00000
55.49000	1974.00000
55.50500	1944.00000
55.52000	1892.00000
55.53500	1840.00000
55.55000	1740.00000
55.56500	1661.00000
55.58000	1657.00000
55.59500	1516.00000
55.61000	1465.00000
55.62500	1432.00000
55.64000	1452.00000
55.65500	1477.00000
55.67000	1477.00000
55.68500	1419.00000
55.70000	1418.00000
55.71500	1400.00000
55.73000	1422.00000
55.74500	1447.00000
55.76000	1437.00000
55.77500	1469.00000
55.79000	1448.00000
55.80500	1485.00000
55.82000	1469.00000
55.83500	1506.00000
55.85000	1534.00000
55.86500	1515.00000
55.88000	1480.00000
55.89500	1496.00000
55.91000	1474.00000
55.92500	1383.00000
55.94000	1361.00000
55.95500	1394.00000
55.97000	1408.00000
55.98500	1427.00000
56.00000	1386.00000
56.01500	1403.00000
56.03000	1464.00000
56.04500	1412.00000
56.06000	1365.00000
56.07500	1351.00000
56.09000	1290.00000
56.10500	1389.00000
56.12000	1405.00000
56.13500	1389.00000
56.15000	1354.00000
56.16500	1378.00000
56.18000	1429.00000
56.19500	1414.00000
56.21000	1436.00000
56.22500	1431.00000
56.24000	1475.00000
56.25500	1510.00000
56.27000	1521.00000
56.28500	1605.00000
56.30000	1641.00000
56.31500	1665.00000
56.33000	1713.00000
56.34500	1709.00000
56.36000	1814.00000
56.37500	1822.00000
56.39000	1811.00000
56.40500	1880.00000
56.42000	1871.00000
56.43500	1862.00000
56.45000	1781.00000
56.46500	1708.00000
56.48000	1667.00000
56.49500	1632.00000
56.51000	1556.00000
56.52500	1565.00000
56.54000	1543.00000
56.55500	1497.00000
56.57000	1471.00000
56.58500	1515.00000
56.60000	1467.00000
56.61500	1432.00000
56.63000	1526.00000
56.64500	1484.00000
56.66000	1498.00000
56.67500	1517.00000
56.69000	1562.00000
56.70500	1620.00000
56.72000	1542.00000
56.73500	1539.00000
56.75000	1576.00000
56.76500	1610.00000
56.78000	1600.00000
56.79500	1596.00000
56.81000	1606.00000
56.82500	1562.00000
56.84000	1542.00000
56.85500	1517.00000
56.87000	1575.00000
56.88500	1546.00000
56.90000	1586.00000
56.91500	1619.00000
56.93000	1726.00000
56.94500	1722.00000
56.96000	1865.00000
56.97500	1942.00000
56.99000	2121.00000
57.00500	2169.00000
57.02000	2216.00000
57.03500	2291.00000
57.05000	2151.00000
57.06500	2149.00000
57.08000	2204.00000
57.09500	2006.00000
57.11000	1948.00000
57.12500	1895.00000
57.14000	1797.00000
57.15500	1728.00000
57.17000	1715.00000
57.18500	1715.00000
57.20000	1727.00000
57.21500	1708.00000
57.23000	1748.00000
57.24500	1773.00000
57.26000	1751.00000
57.27500	1665.00000
57.29000	1625.00000
57.30500	1673.00000
57.32000	1555.00000
57.33500	1618.00000
57.35000	1648.00000
57.36500	1718.00000
57.38000	1858.00000
57.39500	1999.00000
57.41000	2102.00000
57.42500	2238.00000
57.44000	2277.00000
57.45500	2300.00000
57.47000	2486.00000
57.48500	2483.00000
57.50000	2534.00000
57.51500	2486.00000
57.53000	2363.00000
57.54500	2324.00000
57.56000	2148.00000
57.57500	2059.00000
57.59000	2003.00000
57.60500	1934.00000
57.62000	1828.00000
57.63500	1871.00000
57.65000	1777.00000
57.66500	1660.00000
57.68000	1699.00000
57.69500	1722.00000
57.71000	1737.00000
57.72500	1681.00000
57.74000	1648.00000
57.75500	1559.00000
57.77000	1552.00000
57.78500	1532.00000
57.80000	1528.00000
57.81500	1431.00000
57.83000	1408.00000
57.84500	1457.00000
57.86000	1497.00000
57.87500	1529.00000
57.89000	1541.00000
57.90500	1589.00000
57.92000	1650.00000
57.93500	1696.00000
57.95000	1682.00000
57.96500	1779.00000
57.98000	1839.00000
57.99500	1860.00000
58.01000	1894.00000
58.02500	1831.00000
58.04000	1764.00000
58.05500	1793.00000
58.07000	1782.00000
58.08500	1801.00000
58.10000	1815.00000
58.11500	1786.00000
58.13000	1844.00000
58.14500	1853.00000
58.16000	1858.00000
58.17500	1897.00000
58.19000	1830.00000
58.20500	1867.00000
58.22000	1861.00000
58.23500	1833.00000
58.25000	1842.00000
58.26500	1703.00000
58.28000	1655.00000
58.29500	1580.00000
58.31000	1578.00000
58.32500	1515.00000
58.34000	1546.00000
58.35500	1430.00000
58.37000	1426.00000
58.38500	1368.00000
58.40000	1328.00000
58.41500	1377.00000
58.43000	1414.00000
58.44500	1437.00000
58.46000	1418.00000
58.47500	1479.00000
58.49000	1499.00000
58.50500	1435.00000
58.52000	1434.00000
58.53500	1448.00000
58.55000	1440.00000
58.56500	1348.00000
58.58000	1287.00000
58.59500	1308.00000
58.61000	1322.00000
58.62500	1230.00000
58.64000	1233.00000
58.65500	1255.00000
58.67000	1254.00000
58.68500	1295.00000
58.70000	1302.00000
58.71500	1324.00000
58.73000	1304.00000
58.74500	1288.00000
58.76000	1321.00000
58.77500	1288.00000
58.79000	1275.00000
58.80500	1320.00000
58.82000	1321.00000
58.83500	1300.00000
58.85000	1342.00000
58.86500	1280.00000
58.88000	1318.00000
58.89500	1325.00000
58.91000	1322.00000
58.92500	1323.00000
58.94000	1303.00000
58.95500	1250.00000
58.97000	1260.00000
58.98500	1254.00000
59.00000	1256.00000
