2.01720	5389.05000
2.02560	5419.02000
2.03400	5402.24000
2.04240	5385.42000
2.05080	5423.80000
2.05920	5391.61000
2.06760	5411.19000
2.07600	5447.39000
2.08440	5395.89000
2.09280	5423.27000
2.10120	5442.82000
2.10960	5381.24000
2.11800	5437.92000
2.12640	5406.13000
2.13480	5404.79000
2.14320	5445.47000
2.15160	5396.33000
2.16000	5429.09000
2.16840	5453.22000
2.17680	5415.34000
2.18520	5456.60000
2.19360	5432.76000
2.20200	5415.75000
2.21040	5462.15000
2.21880	5424.42000
2.22720	5442.55000
2.23560	5475.99000
2.24400	5454.46000
2.25240	5469.39000
2.26080	5500.10000
2.26920	5459.56000
2.27760	5497.55000
2.28600	5488.21000
2.29440	5478.56000
2.30280	5495.43000
2.31120	5480.12000
2.31960	5492.06000
2.32800	5530.76000
2.33640	5488.96000
2.34480	5552.10000
2.35320	5544.84000
2.36160	5528.82000
2.37000	5575.14000
2.37840	5543.99000
2.38680	5567.53000
2.39520	5615.05000
2.40360	5567.46000
2.41200	5622.35000
2.42040	5641.10000
2.42880	5623.69000
2.43720	5688.52000
2.44560	5691.09000
2.45400	5703.17000
2.46240	5757.11000
2.47080	5752.25000
2.47920	5772.10000
2.48760	5826.19000
2.49600	5809.65000
2.50440	5867.78000
2.51280	5881.86000
2.52120	5900.45000
2.52960	5974.53000
2.53800	5974.76000
2.54640	6008.61000
2.55480	6053.12000
2.56320	6073.48000
2.57160	6126.20000
2.58000	6154.73000
2.58840	6187.64000
2.59680	6239.76000
2.60520	6270.38000
2.61360	6301.58000
2.62200	6391.92000
2.63040	6389.56000
2.63880	6433.56000
2.64720	6494.74000
2.65560	6480.33000
2.66400	6525.47000
2.67240	6593.68000
2.68080	6581.48000
2.68920	6634.05000
2.69760	6645.84000
2.70600	6695.13000
2.71440	6733.89000
2.72280	6743.24000
2.73120	6782.97000
2.73960	6823.14000
2.74800	6782.68000
2.75640	6848.91000
2.76480	6838.42000
2.77320	6818.58000
2.78160	6858.95000
2.79000	6835.12000
2.79840	6839.31000
2.80680	6854.02000
2.81520	6810.33000
2.82360	6827.23000
2.83200	6855.04000
2.84040	6794.06000
2.84880	6839.16000
2.85720	6827.33000
2.86560	6861.79000
2.87400	6908.54000
2.88240	6921.67000
2.89080	7014.56000
2.89920	7112.33000
2.90760	7162.06000
2.91600	7320.36000
2.92440	7453.68000
2.93280	7538.63000
2.94120	7655.69000
2.94960	7652.15000
2.95800	7632.20000
2.96640	7588.75000
2.97480	7471.58000
2.98320	7413.37000
2.99160	7369.93000
3.00000	7289.72000
3.00840	7287.86000
3.01680	7241.69000
3.02520	7247.76000
3.03360	7278.78000
3.04200	7273.79000
3.05040	7312.43000
3.05880	7383.21000
3.06720	7421.19000
3.07560	7492.69000
3.08400	7617.24000
3.09240	7686.25000
3.10080	7846.42000
3.10920	8023.84000
3.11760	8242.61000
3.12600	8508.23000
3.13440	8865.74000
3.14280	9321.19000
3.15120	9924.39000
3.15960	10753.20000
3.16800	11928.50000
3.17640	13601.60000
3.18480	16219.30000
3.19320	19326.50000
3.20160	24659.70000
3.21000	31442.00000
3.21840	40239.00000
3.22680	51734.10000
3.23520	66918.10000
3.24360	82343.20000
3.25200	93574.40000
3.26040	97819.20000
3.26880	90628.10000
3.27720	75958.00000
3.28560	58652.50000
3.29400	43140.60000
3.30240	32370.10000
3.31080	23528.30000
3.31920	17521.20000
3.32760	13631.90000
3.33600	10950.00000
3.34440	9421.99000
3.35280	8354.90000
3.36120	7668.21000
3.36960	7235.73000
3.37800	6905.83000
3.38640	6684.39000
3.39480	6520.62000
3.40320	6385.13000
3.41160	6237.43000
3.42000	6189.44000
3.42840	6111.41000
3.43680	6047.00000
3.44520	6032.44000
3.45360	5966.73000
3.46200	5945.06000
3.47040	5934.46000
3.47880	5889.65000
3.48720	5859.22000
3.49560	5829.27000
3.50400	5772.72000
3.51240	5746.76000
3.52080	5683.53000
3.52920	5651.06000
3.53760	5615.86000
3.54600	5563.46000
3.55440	5528.92000
3.56280	5517.88000
3.57120	5474.32000
3.57960	5450.31000
3.58800	5433.42000
3.59640	5393.52000
3.60480	5401.80000
3.61320	5349.12000
3.62160	5358.74000
3.63000	5356.52000
3.63840	5301.61000
3.64680	5328.53000
3.65520	5311.42000
3.66360	5281.49000
3.67200	5300.18000
3.68040	5293.06000
3.68880	5267.36000
3.69720	5290.25000
3.70560	5239.73000
3.71400	5271.28000
3.72240	5255.68000
3.73080	5215.05000
3.73920	5245.91000
3.74760	5212.82000
3.75600	5204.01000
3.76440	5221.32000
3.77280	5207.46000
3.78120	5200.50000
3.78960	5207.50000
3.79800	5171.94000
3.80640	5187.89000
3.81480	5160.37000
3.82320	5141.09000
3.83160	5173.59000
3.84000	5155.17000
3.84840	5148.72000
3.85680	5161.75000
3.86520	5145.84000
3.87360	5145.56000
3.88200	5171.53000
3.89040	5139.14000
3.89880	5169.96000
3.90720	5168.69000
3.91560	5168.21000
3.92400	5192.41000
3.93240	5181.48000
3.94080	5176.11000
3.94920	5184.43000
3.95760	5157.90000
3.96600	5155.31000
3.97440	5144.07000
3.98280	5126.22000
3.99120	5124.91000
3.99960	5117.23000
4.00800	5104.70000
4.01640	5116.24000
4.02480	5100.60000
4.03320	5101.99000
4.04160	5099.19000
4.05000	5071.50000
4.05840	5078.49000
4.06680	5067.81000
4.07520	5066.93000
4.08360	5087.09000
4.09200	5037.62000
4.10040	5052.29000
4.10880	5116.95000
4.11720	5035.02000
4.12560	5051.01000
4.13400	5054.15000
4.14240	5031.32000
4.15080	5056.34000
4.15920	5033.95000
4.16760	5039.32000
4.17600	5049.41000
4.18440	5032.06000
4.19280	5048.82000
4.20120	5046.08000
4.20960	5033.93000
4.21800	5043.80000
4.22640	5026.14000
4.23480	5021.63000
4.24320	5018.97000
4.25160	5011.11000
4.26000	5013.06000
4.26840	5030.23000
4.27680	4996.77000
4.28520	5010.01000
4.29360	5006.43000
4.30200	4986.02000
4.31040	5015.93000
4.31880	4995.55000
4.32720	5003.14000
4.33560	5025.67000
4.34400	4996.65000
4.35240	5009.73000
4.36080	5014.20000
4.36920	4983.42000
4.37760	5008.97000
4.38600	5005.21000
4.39440	4981.21000
4.40280	5002.91000
4.41120	4976.14000
4.41960	4981.39000
4.42800	4990.53000
4.43640	4983.93000
4.44480	4999.79000
4.45320	4968.14000
4.46160	4972.73000
4.47000	4986.64000
4.47840	4979.40000
4.48680	4978.44000
4.49520	4987.66000
4.50360	4969.69000
4.51200	4978.52000
4.52040	4989.99000
4.52880	4983.17000
4.53720	4986.54000
4.54560	4978.34000
4.55400	4984.63000
4.56240	4991.33000
4.57080	4983.82000
4.57920	4991.28000
4.58760	4990.56000
4.59600	4964.72000
4.60440	4985.06000
4.61280	4978.43000
4.62120	4965.82000
4.62960	4983.84000
4.63800	4975.74000
4.64640	4977.79000
4.65480	4999.50000
4.66320	4969.82000
4.67160	4979.96000
4.68000	4986.08000
4.68840	4981.32000
4.69680	4999.84000
4.70520	4998.21000
4.71360	5016.49000
4.72200	5069.01000
4.73040	5090.89000
4.73880	5155.26000
4.74720	5260.89000
4.75560	5339.19000
4.76400	5489.75000
4.77240	5608.35000
4.78080	5662.95000
4.78920	5644.47000
4.79760	5534.97000
4.80600	5404.07000
4.81440	5293.35000
4.82280	5171.44000
4.83120	5120.31000
4.83960	5050.10000
4.84800	5016.59000
4.85640	5004.87000
4.86480	4976.71000
4.87320	4974.03000
4.88160	4980.85000
4.89000	4958.52000
4.89840	4983.62000
4.90680	4978.68000
4.91520	4950.01000
4.92360	4984.15000
4.93200	4975.19000
4.94040	4971.88000
4.94880	4998.50000
4.95720	4970.74000
4.96560	4973.46000
4.97400	4984.96000
4.98240	4970.58000
4.99080	4979.79000
4.99920	4959.80000
5.00760	4963.14000
5.01600	4991.40000
5.02440	4951.38000
5.03280	4979.25000
5.04120	4983.94000
5.04960	4960.25000
5.05800	4993.78000
5.06640	4973.80000
5.07480	4979.29000
5.08320	5000.88000
5.09160	4976.24000
5.10000	4990.70000
5.10840	5002.44000
5.11680	4983.47000
5.12520	5007.10000
5.13360	5014.93000
5.14200	4994.01000
5.15040	5022.80000
5.15880	5017.06000
5.16720	5017.21000
5.17560	5028.43000
5.18400	5010.73000
5.19240	5023.90000
5.20080	5040.31000
5.20920	5025.55000
5.21760	5036.66000
5.22600	5039.94000
5.23440	5041.16000
5.24280	5047.86000
5.25120	5024.90000
5.25960	5052.19000
5.26800	5047.84000
5.27640	5038.23000
5.28480	5044.49000
5.29320	5032.05000
5.30160	5031.16000
5.31000	5038.23000
5.31840	5016.06000
5.32680	5030.86000
5.33520	5036.02000
5.34360	5016.19000
5.35200	5020.63000
5.36040	5026.36000
5.36880	5017.17000
5.37720	5023.57000
5.38560	5013.43000
5.39400	5021.49000
5.40240	5031.50000
5.41080	5016.09000
5.41920	5018.69000
5.42760	5018.76000
5.43600	5015.17000
5.44440	5025.35000
5.45280	5016.98000
5.46120	5022.88000
5.46960	5029.65000
5.47800	5012.87000
5.48640	5010.20000
5.49480	5010.24000
5.50320	4990.72000
5.51160	5007.39000
5.52000	5019.10000
5.52840	4997.76000
5.53680	5007.21000
5.54520	4987.35000
5.55360	4995.23000
5.56200	4995.73000
5.57040	4984.41000
5.57880	4984.64000
5.58720	4993.28000
5.59560	4977.59000
5.60400	4985.21000
5.61240	4980.92000
5.62080	4984.18000
5.62920	5002.60000
5.63760	4968.67000
5.64600	4984.36000
5.65440	4994.13000
5.66280	4973.97000
5.67120	4983.09000
5.67960	4991.90000
5.68800	4987.76000
5.69640	5001.74000
5.70480	4985.74000
5.71320	4994.07000
5.72160	4998.47000
5.73000	4969.66000
5.73840	4988.96000
5.74680	4976.91000
5.75520	4967.39000
5.76360	4993.23000
5.77200	4976.14000
5.78040	4986.72000
5.78880	4993.45000
5.79720	4972.00000
5.80560	4991.91000
5.81400	4995.97000
5.82240	4986.04000
5.83080	4994.00000
5.83920	4993.55000
5.84760	4994.35000
5.85600	5009.18000
5.86440	4997.92000
5.87280	5011.71000
5.88120	5014.07000
5.88960	4995.63000
5.89800	5013.86000
5.90640	5009.09000
5.91480	5014.65000
5.92320	5032.61000
5.93160	5018.12000
5.94000	5027.87000
5.94840	5016.58000
5.95680	5014.46000
5.96520	5029.72000
5.97360	5021.41000
5.98200	5020.20000
5.99040	5025.85000
5.99880	5023.14000
6.00720	5044.83000
6.01560	5055.48000
6.02400	5041.33000
6.03240	5062.09000
6.04080	5060.31000
6.04920	5047.11000
6.05760	5073.25000
6.06600	5075.67000
6.07440	5089.08000
6.08280	5094.36000
6.09120	5097.43000
6.09960	5105.98000
6.10800	5125.37000
6.11640	5119.19000
6.12480	5144.47000
6.13320	5151.64000
6.14160	5153.46000
6.15000	5187.24000
6.15840	5190.69000
6.16680	5209.54000
6.17520	5243.98000
6.18360	5250.67000
6.19200	5303.69000
6.20040	5340.92000
6.20880	5381.66000
6.21720	5426.95000
6.22560	5470.00000
6.23400	5567.95000
6.24240	5683.25000
6.25080	5718.78000
6.25920	5830.29000
6.26760	5916.14000
6.27600	6055.93000
6.28440	6245.26000
6.29280	6516.61000
6.30120	6947.24000
6.30960	7544.00000
6.31800	8492.97000
6.32640	9774.37000
6.33480	11592.60000
6.34320	14032.80000
6.35160	17236.20000
6.36000	20950.70000
6.36840	24767.60000
6.37680	28118.10000
6.38520	29861.10000
6.39360	29155.40000
6.40200	26458.10000
6.41040	22901.90000
6.41880	19257.80000
6.42720	16119.40000
6.43560	13737.50000
6.44400	11941.00000
6.45240	10560.20000
6.46080	9738.62000
6.46920	9199.84000
6.47760	8919.31000
6.48600	8856.42000
6.49440	8947.78000
6.50280	9136.50000
6.51120	9387.17000
6.51960	9574.14000
6.52800	9685.14000
6.53640	9738.96000
6.54480	9826.10000
6.55320	10011.70000
6.56160	10472.00000
6.57000	11291.10000
6.57840	12453.80000
6.58680	14353.80000
6.59520	16863.80000
6.60360	19998.90000
6.61200	24046.70000
6.62040	28786.30000
6.62880	33552.80000
6.63720	36876.70000
6.64560	38049.60000
6.65400	35871.80000
6.66240	31712.50000
6.67080	26524.00000
6.67920	21388.20000
6.68760	17213.60000
6.69600	14135.30000
6.70440	11649.90000
6.71280	10095.60000
6.72120	9020.86000
6.72960	8358.76000
6.73800	8008.76000
6.74640	7804.19000
6.75480	7789.94000
6.76320	7891.50000
6.77160	8123.47000
6.78000	8530.15000
6.78840	9191.41000
6.79680	10162.80000
6.80520	11560.70000
6.81360	13796.40000
6.82200	16722.60000
6.83040	20863.60000
6.83880	26490.10000
6.84720	34017.50000
6.85560	43225.80000
6.86400	52788.70000
6.87240	61905.40000
6.88080	66864.80000
6.88920	65889.50000
6.89760	58907.90000
6.90600	49488.30000
6.91440	39375.20000
6.92280	30752.10000
6.93120	23825.20000
6.93960	18658.10000
6.94800	14610.10000
6.95640	12012.80000
6.96480	10243.20000
6.97320	9000.56000
6.98160	8177.12000
6.99000	7620.66000
6.99840	7202.00000
7.00680	6929.58000
7.01520	6677.28000
7.02360	6515.74000
7.03200	6392.46000
7.04040	6244.35000
7.04880	6180.99000
7.05720	6097.50000
7.06560	6028.87000
7.07400	5983.99000
7.08240	5930.81000
7.09080	5893.77000
7.09920	5861.01000
7.10760	5810.82000
7.11600	5798.73000
7.12440	5767.43000
7.13280	5731.93000
7.14120	5729.18000
7.14960	5697.25000
7.15800	5691.08000
7.16640	5689.96000
7.17480	5662.73000
7.18320	5651.77000
7.19160	5647.89000
7.20000	5620.50000
7.20840	5646.08000
7.21680	5618.55000
7.22520	5616.58000
7.23360	5627.51000
7.24200	5595.59000
7.25040	5614.55000
7.25880	5615.14000
7.26720	5603.34000
7.27560	5608.44000
7.28400	5606.11000
7.29240	5604.32000
7.30080	5611.04000
7.30920	5596.82000
7.31760	5608.11000
7.32600	5608.58000
7.33440	5615.25000
7.34280	5617.27000
7.35120	5632.71000
7.35960	5611.72000
7.36800	5647.28000
7.37640	5622.70000
7.38480	5621.74000
7.39320	5624.84000
7.40160	5592.63000
7.41000	5614.51000
7.41840	5585.81000
7.42680	5580.75000
7.43520	5597.08000
7.44360	5582.49000
7.45200	5574.62000
7.46040	5598.83000
7.46880	5561.31000
7.47720	5600.73000
7.48560	5584.66000
7.49400	5592.68000
7.50240	5620.96000
7.51080	5615.03000
7.51920	5622.88000
7.52760	5656.07000
7.53600	5672.94000
7.54440	5706.77000
7.55280	5741.06000
7.56120	5749.35000
7.56960	5796.98000
7.57800	5796.53000
7.58640	5800.95000
7.59480	5787.64000
7.60320	5757.72000
7.61160	5749.22000
7.62000	5729.67000
7.62840	5693.18000
7.63680	5698.93000
7.64520	5667.70000
7.65360	5672.70000
7.66200	5668.63000
7.67040	5646.91000
7.67880	5656.29000
7.68720	5645.91000
7.69560	5639.42000
7.70400	5646.57000
7.71240	5645.69000
7.72080	5629.48000
7.72920	5646.20000
7.73760	5631.58000
7.74600	5631.64000
7.75440	5642.33000
7.76280	5631.57000
7.77120	5651.73000
7.77960	5646.17000
7.78800	5652.60000
7.79640	5656.67000
7.80480	5663.31000
7.81320	5681.02000
7.82160	5686.69000
7.83000	5680.57000
7.83840	5705.89000
7.84680	5707.26000
7.85520	5701.89000
7.86360	5712.05000
7.87200	5695.94000
7.88040	5696.47000
7.88880	5692.92000
7.89720	5675.50000
7.90560	5687.31000
7.91400	5670.09000
7.92240	5671.06000
7.93080	5665.52000
7.93920	5657.48000
7.94760	5669.90000
7.95600	5662.56000
7.96440	5654.89000
7.97280	5669.24000
7.98120	5663.19000
7.98960	5669.55000
7.99800	5674.45000
8.00640	5666.68000
8.01480	5679.65000
8.02320	5682.40000
8.03160	5673.76000
8.04000	5680.04000
8.04840	5678.71000
8.05680	5675.24000
8.06520	5687.18000
8.07360	5674.61000
8.08200	5703.21000
8.09040	5691.60000
8.09880	5689.09000
8.10720	5694.77000
8.11560	5696.47000
8.12400	5698.36000
8.13240	5710.00000
8.14080	5703.96000
8.14920	5709.71000
8.15760	5723.44000
8.16600	5715.92000
8.17440	5738.91000
8.18280	5731.62000
8.19120	5747.01000
8.19960	5749.69000
8.20800	5748.88000
8.21640	5754.73000
8.22480	5775.26000
8.23320	5756.13000
8.24160	5777.46000
8.25000	5770.36000
8.25840	5784.54000
8.26680	5784.86000
8.27520	5781.93000
8.28360	5797.64000
8.29200	5797.67000
8.30040	5794.57000
8.30880	5804.97000
8.31720	5797.91000
8.32560	5808.38000
8.33400	5814.11000
8.34240	5805.02000
8.35080	5812.87000
8.35920	5821.27000
8.36760	5812.83000
8.37600	5824.67000
8.38440	5827.00000
8.39280	5835.78000
8.40120	5856.41000
8.40960	5846.64000
8.41800	5870.82000
8.42640	5875.93000
8.43480	5866.12000
8.44320	5901.89000
8.45160	5904.51000
8.46000	5917.55000
8.46840	5936.28000
8.47680	5956.41000
8.48520	5978.88000
8.49360	6002.57000
8.50200	6015.85000
8.51040	6051.64000
8.51880	6090.27000
8.52720	6129.36000
8.53560	6200.72000
8.54400	6233.95000
8.55240	6302.98000
8.56080	6398.53000
8.56920	6492.16000
8.57760	6624.23000
8.58600	6779.73000
8.59440	6967.25000
8.60280	7234.68000
8.61120	7616.21000
8.61960	8072.07000
8.62800	8737.98000
8.63640	9511.67000
8.64480	10543.40000
8.65320	11664.30000
8.66160	12761.20000
8.67000	13535.00000
8.67840	13714.30000
8.68680	13240.70000
8.69520	12184.50000
8.70360	10915.30000
8.71200	9736.65000
8.72040	8727.07000
8.72880	7930.52000
8.73720	7376.76000
8.74560	6954.93000
8.75400	6668.33000
8.76240	6480.64000
8.77080	6333.90000
8.77920	6261.90000
8.78760	6190.64000
8.79600	6154.98000
8.80440	6112.06000
8.81280	6088.23000
8.82120	6074.05000
8.82960	6055.20000
8.83800	6021.94000
8.84640	6027.70000
8.85480	6007.05000
8.86320	6001.09000
8.87160	5991.75000
8.88000	5981.89000
8.88840	5989.26000
8.89680	5990.77000
8.90520	5988.15000
8.91360	5996.60000
8.92200	6005.85000
8.93040	6013.03000
8.93880	6034.50000
8.94720	6046.86000
8.95560	6092.88000
8.96400	6141.16000
8.97240	6173.40000
8.98080	6250.96000
8.98920	6333.31000
8.99760	6439.05000
9.00600	6571.72000
9.01440	6717.97000
9.02280	6912.30000
9.03120	7113.77000
9.03960	7371.66000
9.04800	7629.38000
9.05640	7861.42000
9.06480	8040.61000
9.07320	8132.74000
9.08160	8098.08000
9.09000	7963.80000
9.09840	7764.94000
9.10680	7528.12000
9.11520	7318.32000
9.12360	7123.74000
9.13200	6993.69000
9.14040	6913.70000
9.14880	6866.84000
9.15720	6880.81000
9.16560	6939.06000
9.17400	7018.36000
9.18240	7159.49000
9.19080	7326.89000
9.19920	7542.58000
9.20760	7775.86000
9.21600	8059.01000
9.22440	8380.27000
9.23280	8832.97000
9.24120	9395.61000
9.24960	10170.20000
9.25800	11248.40000
9.26640	12530.90000
9.27480	14239.30000
9.28320	16176.10000
9.29160	18435.20000
9.30000	20520.20000
9.30840	22096.50000
9.31680	22622.10000
9.32520	21773.00000
9.33360	19927.50000
9.34200	17470.30000
9.35040	14961.50000
9.35880	12673.60000
9.36720	10913.10000
9.37560	9459.61000
9.38400	8426.50000
9.39240	7689.58000
9.40080	7177.43000
9.40920	6870.12000
9.41760	6624.33000
9.42600	6487.25000
9.43440	6398.21000
9.44280	6366.94000
9.45120	6366.27000
9.45960	6406.15000
9.46800	6492.60000
9.47640	6632.58000
9.48480	6836.82000
9.49320	7138.74000
9.50160	7543.06000
9.51000	8070.38000
9.51840	8726.91000
9.52680	9592.90000
9.53520	10533.40000
9.54360	11636.50000
9.55200	12644.60000
9.56040	13482.70000
9.56880	13863.30000
9.57720	13750.20000
9.58560	13104.10000
9.59400	12066.00000
9.60240	10968.10000
9.61080	9883.17000
9.61920	8898.35000
9.62760	8135.45000
9.63600	7499.31000
9.64440	7019.66000
9.65280	6675.90000
9.66120	6416.40000
9.66960	6231.82000
9.67800	6098.58000
9.68640	5994.16000
9.69480	5938.08000
9.70320	5901.10000
9.71160	5885.79000
9.72000	5899.40000
9.72840	5917.81000
9.73680	5954.16000
9.74520	6037.87000
9.75360	6103.83000
9.76200	6223.43000
9.77040	6321.00000
9.77880	6409.31000
9.78720	6456.71000
9.79560	6433.31000
9.80400	6362.13000
9.81240	6237.54000
9.82080	6078.02000
9.82920	5946.76000
9.83760	5837.70000
9.84600	5735.81000
9.85440	5663.62000
9.86280	5616.23000
9.87120	5588.13000
9.87960	5563.92000
9.88800	5556.91000
9.89640	5561.51000
9.90480	5569.59000
9.91320	5604.10000
9.92160	5634.32000
9.93000	5689.91000
9.93840	5770.16000
9.94680	5870.41000
9.95520	6008.35000
9.96360	6188.44000
9.97200	6431.59000
9.98040	6716.93000
9.98880	7094.43000
9.99720	7562.57000
10.00560	8137.57000
10.01400	8840.74000
10.02240	9582.98000
10.03080	10432.10000
10.03920	11217.40000
10.04760	11895.80000
10.05600	12268.20000
10.06440	12333.40000
10.07280	12056.50000
10.08120	11459.40000
10.08960	10759.50000
10.09800	9972.43000
10.10640	9181.07000
10.11480	8525.21000
10.12320	7892.53000
10.13160	7397.74000
10.14000	6949.49000
10.14840	6611.56000
10.15680	6328.05000
10.16520	6130.25000
10.17360	5933.74000
10.18200	5825.48000
10.19040	5717.41000
10.19880	5640.82000
10.20720	5593.99000
10.21560	5534.42000
10.22400	5520.58000
10.23240	5509.12000
10.24080	5492.29000
10.24920	5499.74000
10.25760	5507.03000
10.26600	5543.21000
10.27440	5579.00000
10.28280	5628.44000
10.29120	5673.99000
10.29960	5713.59000
10.30800	5729.06000
10.31640	5733.02000
10.32480	5682.63000
10.33320	5645.76000
10.34160	5592.45000
10.35000	5544.38000
10.35840	5514.05000
10.36680	5500.63000
10.37520	5495.38000
10.38360	5530.54000
10.39200	5582.46000
10.40040	5675.01000
10.40880	5782.96000
10.41720	5925.20000
10.42560	6074.16000
10.43400	6243.76000
10.44240	6386.31000
10.45080	6495.87000
10.45920	6533.81000
10.46760	6487.38000
10.47600	6375.54000
10.48440	6202.93000
10.49280	6030.98000
10.50120	5829.19000
10.50960	5674.36000
10.51800	5537.42000
10.52640	5413.90000
10.53480	5319.24000
10.54320	5251.32000
10.55160	5191.30000
10.56000	5152.06000
10.56840	5127.64000
10.57680	5092.58000
10.58520	5086.63000
10.59360	5066.55000
10.60200	5055.59000
10.61040	5040.57000
10.61880	5035.27000
10.62720	5036.24000
10.63560	5034.60000
10.64400	5037.73000
10.65240	5029.73000
10.66080	5045.50000
10.66920	5050.00000
10.67760	5050.77000
10.68600	5059.11000
10.69440	5062.37000
10.70280	5045.84000
10.71120	5040.97000
10.71960	5032.59000
10.72800	5002.40000
10.73640	4979.19000
10.74480	4965.67000
10.75320	4950.38000
10.76160	4944.09000
10.77000	4923.73000
10.77840	4923.32000
10.78680	4907.39000
10.79520	4902.51000
10.80360	4904.23000
10.81200	4898.73000
10.82040	4904.84000
10.82880	4896.65000
10.83720	4899.46000
10.84560	4905.54000
10.85400	4921.38000
10.86240	4935.77000
10.87080	4966.42000
10.87920	5011.71000
10.88760	5064.24000
10.89600	5132.07000
10.90440	5219.44000
10.91280	5295.43000
10.92120	5360.45000
10.92960	5416.91000
10.93800	5433.38000
10.94640	5400.92000
10.95480	5350.66000
10.96320	5285.94000
10.97160	5209.47000
10.98000	5162.01000
10.98840	5097.35000
10.99680	5063.96000
11.00520	5043.92000
11.01360	5006.93000
11.02200	4993.95000
11.03040	4982.57000
11.03880	4975.66000
11.04720	4974.25000
11.05560	4976.70000
11.06400	4984.50000
11.07240	5000.94000
11.08080	5017.71000
11.08920	5053.36000
11.09760	5074.04000
11.10600	5106.06000
11.11440	5140.38000
11.12280	5170.07000
11.13120	5186.84000
11.13960	5200.61000
11.14800	5197.57000
11.15640	5198.48000
11.16480	5167.86000
11.17320	5131.07000
11.18160	5059.68000
11.19000	4992.30000
11.19840	4927.00000
11.20680	4880.62000
11.21520	4830.41000
11.22360	4798.56000
11.23200	4762.70000
11.24040	4748.07000
11.24880	4738.23000
11.25720	4711.55000
11.26560	4709.66000
11.27400	4696.70000
11.28240	4694.88000
11.29080	4701.79000
11.29920	4688.01000
11.30760	4690.16000
11.31600	4687.15000
11.32440	4688.56000
11.33280	4693.51000
11.34120	4693.96000
11.34960	4694.56000
11.35800	4698.39000
11.36640	4706.68000
11.37480	4715.87000
11.38320	4729.00000
11.39160	4736.75000
11.40000	4746.93000
11.40840	4779.41000
11.41680	4792.07000
11.42520	4828.14000
11.43360	4853.02000
11.44200	4890.41000
11.45040	4932.54000
11.45880	4966.63000
11.46720	5003.04000
11.47560	5010.32000
11.48400	5017.88000
11.49240	5004.99000
11.50080	4978.86000
11.50920	4948.48000
11.51760	4914.40000
11.52600	4877.65000
11.53440	4866.22000
11.54280	4834.08000
11.55120	4825.93000
11.55960	4802.88000
11.56800	4804.28000
11.57640	4801.13000
11.58480	4793.70000
11.59320	4801.71000
11.60160	4797.64000
11.61000	4804.32000
11.61840	4814.78000
11.62680	4819.61000
11.63520	4829.26000
11.64360	4849.12000
11.65200	4859.63000
11.66040	4885.28000
11.66880	4898.98000
11.67720	4926.68000
11.68560	4956.61000
11.69400	4986.29000
11.70240	5025.56000
11.71080	5069.06000
11.71920	5120.22000
11.72760	5181.60000
11.73600	5242.35000
11.74440	5331.78000
11.75280	5427.50000
11.76120	5568.58000
11.76960	5716.16000
11.77800	5946.61000
11.78640	6182.77000
11.79480	6517.14000
11.80320	6940.02000
11.81160	7446.47000
11.82000	8175.06000
11.82840	8946.30000
11.83680	9986.67000
11.84520	11098.40000
11.85360	12386.60000
11.86200	13666.80000
11.87040	15002.00000
11.87880	15973.60000
11.88720	16565.00000
11.89560	16745.70000
11.90400	16228.60000
11.91240	15332.80000
11.92080	14138.20000
11.92920	12690.50000
11.93760	11338.80000
11.94600	10038.90000
11.95440	8956.16000
11.96280	8061.18000
11.97120	7380.37000
11.97960	6778.14000
11.98800	6368.60000
11.99640	6029.80000
12.00480	5771.32000
12.01320	5585.68000
12.02160	5438.19000
12.03000	5314.16000
12.03840	5234.33000
12.04680	5163.04000
12.05520	5119.37000
12.06360	5074.89000
12.07200	5040.62000
12.08040	5017.91000
12.08880	5011.82000
12.09720	5005.17000
12.10560	5013.28000
12.11400	5028.78000
12.12240	5061.46000
12.13080	5100.71000
12.13920	5166.09000
12.14760	5250.25000
12.15600	5345.29000
12.16440	5479.66000
12.17280	5635.66000
12.18120	5799.48000
12.18960	5958.00000
12.19800	6107.93000
12.20640	6185.83000
12.21480	6197.97000
12.22320	6135.90000
12.23160	6004.77000
12.24000	5836.70000
12.24840	5675.52000
12.25680	5523.27000
12.26520	5393.45000
12.27360	5284.65000
12.28200	5198.37000
12.29040	5124.41000
12.29880	5070.84000
12.30720	5024.53000
12.31560	4976.32000
12.32400	4948.70000
12.33240	4930.61000
12.34080	4915.60000
12.34920	4912.64000
12.35760	4904.27000
12.36600	4916.40000
12.37440	4924.45000
12.38280	4946.88000
12.39120	4957.10000
12.39960	4983.72000
12.40800	5024.35000
12.41640	5061.75000
12.42480	5124.02000
12.43320	5181.59000
12.44160	5267.63000
12.45000	5360.69000
12.45840	5500.34000
12.46680	5666.93000
12.47520	5912.53000
12.48360	6213.76000
12.49200	6639.59000
12.50040	7264.24000
12.50880	7953.47000
12.51720	9023.38000
12.52560	10297.70000
12.53400	11997.50000
12.54240	13970.50000
12.55080	16299.40000
12.55920	18629.60000
12.56760	20657.80000
12.57600	21897.00000
12.58440	21971.00000
12.59280	20980.20000
12.60120	18958.80000
12.60960	16488.10000
12.61800	14204.30000
12.62640	11997.80000
12.63480	10253.60000
12.64320	8819.60000
12.65160	7756.39000
12.66000	6937.08000
12.66840	6381.26000
12.67680	5959.86000
12.68520	5674.00000
12.69360	5467.89000
12.70200	5313.91000
12.71040	5192.39000
12.71880	5097.87000
12.72720	5028.93000
12.73560	4974.71000
12.74400	4926.54000
12.75240	4891.24000
12.76080	4858.58000
12.76920	4829.79000
12.77760	4807.65000
12.78600	4796.24000
12.79440	4784.72000
12.80280	4776.82000
12.81120	4777.54000
12.81960	4780.39000
12.82800	4796.34000
12.83640	4821.05000
12.84480	4855.85000
12.85320	4910.53000
12.86160	4980.47000
12.87000	5040.66000
12.87840	5089.80000
12.88680	5120.68000
12.89520	5120.48000
12.90360	5089.90000
12.91200	5037.24000
12.92040	4960.59000
12.92880	4882.81000
12.93720	4810.74000
12.94560	4737.30000
12.95400	4682.85000
12.96240	4637.52000
12.97080	4587.81000
12.97920	4563.61000
12.98760	4535.00000
12.99600	4513.53000
13.00440	4504.72000
13.01280	4488.59000
13.02120	4476.76000
13.02960	4469.92000
13.03800	4472.54000
13.04640	4470.05000
13.05480	4474.48000
13.06320	4474.75000
13.07160	4475.95000
13.08000	4485.19000
13.08840	4489.65000
13.09680	4501.25000
13.10520	4513.28000
13.11360	4524.02000
13.12200	4537.84000
13.13040	4545.25000
13.13880	4557.24000
13.14720	4571.79000
13.15560	4586.97000
13.16400	4599.38000
13.17240	4605.03000
13.18080	4608.93000
13.18920	4621.69000
13.19760	4635.04000
13.20600	4653.06000
13.21440	4680.19000
13.22280	4705.55000
13.23120	4751.10000
13.23960	4809.53000
13.24800	4863.24000
13.25640	4959.82000
13.26480	5043.43000
13.27320	5175.25000
13.28160	5304.00000
13.29000	5430.85000
13.29840	5552.63000
13.30680	5621.65000
13.31520	5649.53000
13.32360	5586.66000
13.33200	5498.85000
13.34040	5371.91000
13.34880	5226.64000
13.35720	5103.37000
13.36560	4982.92000
13.37400	4872.59000
13.38240	4784.17000
13.39080	4690.34000
13.39920	4617.21000
13.40760	4563.22000
13.41600	4506.53000
13.42440	4473.59000
13.43280	4453.16000
13.44120	4426.89000
13.44960	4418.57000
13.45800	4413.46000
13.46640	4418.44000
13.47480	4430.89000
13.48320	4446.61000
13.49160	4463.58000
13.50000	4480.02000
13.50840	4482.34000
13.51680	4501.63000
13.52520	4488.34000
13.53360	4483.39000
13.54200	4469.78000
13.55040	4464.81000
13.55880	4455.64000
13.56720	4447.44000
13.57560	4452.65000
13.58400	4460.43000
13.59240	4461.84000
13.60080	4468.63000
13.60920	4479.61000
13.61760	4488.22000
13.62600	4497.17000
13.63440	4499.18000
13.64280	4518.59000
13.65120	4544.67000
13.65960	4568.45000
13.66800	4623.60000
13.67640	4691.75000
13.68480	4794.54000
13.69320	4927.04000
13.70160	5092.98000
13.71000	5324.94000
13.71840	5617.73000
13.72680	5995.18000
13.73520	6475.89000
13.74360	7038.98000
13.75200	7683.30000
13.76040	8410.91000
13.76880	9070.46000
13.77720	9634.09000
13.78560	9962.81000
13.79400	9947.78000
13.80240	9635.43000
13.81080	9120.99000
13.81920	8415.27000
13.82760	7749.58000
13.83600	7112.52000
13.84440	6560.51000
13.85280	6101.53000
13.86120	5773.17000
13.86960	5523.43000
13.87800	5373.38000
13.88640	5297.80000
13.89480	5297.53000
13.90320	5368.07000
13.91160	5533.43000
13.92000	5761.77000
13.92840	6102.12000
13.93680	6522.48000
13.94520	7033.18000
13.95360	7633.22000
13.96200	8227.21000
13.97040	8799.09000
13.97880	9116.13000
13.98720	9159.21000
13.99560	8893.45000
14.00400	8346.62000
14.01240	7647.11000
14.02080	6953.78000
14.02920	6329.01000
14.03760	5795.05000
14.04600	5379.67000
14.05440	5083.95000
14.06280	4833.71000
14.07120	4666.57000
14.07960	4541.22000
14.08800	4455.36000
14.09640	4393.30000
14.10480	4345.47000
14.11320	4317.30000
14.12160	4296.73000
14.13000	4283.72000
14.13840	4281.07000
14.14680	4288.09000
14.15520	4306.29000
14.16360	4334.03000
14.17200	4363.19000
14.18040	4411.90000
14.18880	4477.36000
14.19720	4546.68000
14.20560	4645.71000
14.21400	4759.17000
14.22240	4883.69000
14.23080	5024.79000
14.23920	5167.31000
14.24760	5321.28000
14.25600	5454.01000
14.26440	5567.70000
14.27280	5687.29000
14.28120	5804.99000
14.28960	5936.66000
14.29800	6115.60000
14.30640	6326.13000
14.31480	6595.02000
14.32320	6904.31000
14.33160	7260.53000
14.34000	7672.28000
14.34840	8072.44000
14.35680	8421.55000
14.36520	8677.29000
14.37360	8783.71000
14.38200	8708.31000
14.39040	8481.34000
14.39880	8084.54000
14.40720	7627.57000
14.41560	7138.69000
14.42400	6640.32000
14.43240	6197.78000
14.44080	5799.23000
14.44920	5453.33000
14.45760	5168.44000
14.46600	4944.41000
14.47440	4762.19000
14.48280	4615.41000
14.49120	4499.28000
14.49960	4398.90000
14.50800	4326.70000
14.51640	4261.42000
14.52480	4219.06000
14.53320	4174.65000
14.54160	4143.85000
14.55000	4119.92000
14.55840	4104.05000
14.56680	4094.50000
14.57520	4086.78000
14.58360	4084.42000
14.59200	4089.66000
14.60040	4091.88000
14.60880	4108.31000
14.61720	4127.95000
14.62560	4152.27000
14.63400	4182.17000
14.64240	4220.42000
14.65080	4282.16000
14.65920	4345.08000
14.66760	4433.21000
14.67600	4544.05000
14.68440	4691.64000
14.69280	4886.53000
14.70120	5149.62000
14.70960	5481.49000
14.71800	5914.41000
14.72640	6496.51000
14.73480	7179.58000
14.74320	8038.64000
14.75160	8997.21000
14.76000	10010.80000
14.76840	10910.20000
14.77680	11575.40000
14.78520	11785.20000
14.79360	11462.80000
14.80200	10710.70000
14.81040	9676.11000
14.81880	8620.68000
14.82720	7599.27000
14.83560	6732.67000
14.84400	6062.07000
14.85240	5511.65000
14.86080	5126.49000
14.86920	4829.63000
14.87760	4652.90000
14.88600	4492.22000
14.89440	4387.90000
14.90280	4309.76000
14.91120	4268.95000
14.91960	4232.60000
14.92800	4212.15000
14.93640	4195.84000
14.94480	4185.22000
14.95320	4188.37000
14.96160	4185.39000
14.97000	4196.16000
14.97840	4188.19000
14.98680	4183.31000
14.99520	4188.90000
15.00360	4183.29000
15.01200	4189.48000
15.02040	4209.43000
15.02880	4224.46000
15.03720	4264.37000
15.04560	4313.08000
15.05400	4384.57000
15.06240	4479.66000
15.07080	4593.82000
15.07920	4740.93000
15.08760	4888.03000
15.09600	5039.26000
15.10440	5203.69000
15.11280	5335.40000
15.12120	5443.50000
15.12960	5513.99000
15.13800	5521.19000
15.14640	5492.55000
15.15480	5390.91000
15.16320	5271.02000
15.17160	5114.21000
15.18000	4952.63000
15.18840	4792.88000
15.19680	4645.13000
15.20520	4515.17000
15.21360	4403.31000
15.22200	4319.96000
15.23040	4259.78000
15.23880	4220.22000
15.24720	4199.80000
15.25560	4191.48000
15.26400	4209.67000
15.27240	4254.33000
15.28080	4310.68000
15.28920	4408.27000
15.29760	4538.14000
15.30600	4697.95000
15.31440	4885.07000
15.32280	5091.23000
15.33120	5310.53000
15.33960	5491.23000
15.34800	5604.33000
15.35640	5615.05000
15.36480	5548.11000
15.37320	5419.51000
15.38160	5248.70000
15.39000	5084.57000
15.39840	4935.83000
15.40680	4810.68000
15.41520	4703.48000
15.42360	4604.12000
15.43200	4508.07000
15.44040	4414.49000
15.44880	4310.03000
15.45720	4205.89000
15.46560	4106.46000
15.47400	4002.32000
15.48240	3916.41000
15.49080	3833.56000
15.49920	3765.61000
15.50760	3710.21000
15.51600	3658.19000
15.52440	3622.99000
15.53280	3589.12000
15.54120	3558.47000
15.54960	3540.27000
15.55800	3518.99000
15.56640	3507.83000
15.57480	3496.14000
15.58320	3486.90000
15.59160	3474.50000
15.60000	3465.07000
15.60840	3466.08000
15.61680	3454.08000
15.62520	3451.17000
15.63360	3445.71000
15.64200	3442.20000
15.65040	3442.34000
15.65880	3447.06000
15.66720	3444.58000
15.67560	3457.18000
15.68400	3466.75000
15.69240	3468.60000
15.70080	3490.57000
15.70920	3502.70000
15.71760	3531.57000
15.72600	3564.05000
15.73440	3595.58000
15.74280	3646.32000
15.75120	3689.88000
15.75960	3756.20000
15.76800	3811.33000
15.77640	3877.49000
15.78480	3935.90000
15.79320	3990.43000
15.80160	4016.77000
15.81000	4033.92000
15.81840	4021.32000
15.82680	4007.25000
15.83520	3985.34000
15.84360	3958.99000
15.85200	3955.01000
15.86040	3953.31000
15.86880	3970.51000
15.87720	4000.08000
15.88560	4033.78000
15.89400	4077.02000
15.90240	4118.38000
15.91080	4180.28000
15.91920	4229.73000
15.92760	4283.46000
15.93600	4328.17000
15.94440	4359.14000
15.95280	4367.82000
15.96120	4339.59000
15.96960	4273.48000
15.97800	4187.62000
15.98640	4100.43000
15.99480	3993.23000
16.00320	3887.69000
16.01160	3806.20000
16.02000	3729.86000
16.02840	3658.92000
16.03680	3614.23000
16.04520	3568.27000
16.05360	3541.83000
16.06200	3529.43000
16.07040	3522.52000
16.07880	3524.64000
16.08720	3542.23000
16.09560	3570.31000
16.10400	3604.10000
16.11240	3650.14000
16.12080	3728.03000
16.12920	3804.84000
16.13760	3909.32000
16.14600	4026.19000
16.15440	4169.22000
16.16280	4362.73000
16.17120	4554.63000
16.17960	4787.72000
16.18800	5025.86000
16.19640	5275.73000
16.20480	5546.69000
16.21320	5779.59000
16.22160	6014.18000
16.23000	6189.94000
16.23840	6334.34000
16.24680	6416.94000
16.25520	6400.96000
16.26360	6344.48000
16.27200	6209.82000
16.28040	6045.11000
16.28880	5879.41000
16.29720	5670.29000
16.30560	5477.85000
16.31400	5276.42000
16.32240	5066.87000
16.33080	4866.68000
16.33920	4674.41000
16.34760	4502.18000
16.35600	4361.58000
16.36440	4241.40000
16.37280	4153.71000
16.38120	4074.82000
16.38960	4031.72000
16.39800	4007.41000
16.40640	4013.76000
16.41480	4047.58000
16.42320	4090.52000
16.43160	4175.82000
16.44000	4276.63000
16.44840	4414.19000
16.45680	4594.81000
16.46520	4797.10000
16.47360	5038.51000
16.48200	5293.47000
16.49040	5575.89000
16.49880	5863.88000
16.50720	6097.63000
16.51560	6305.69000
16.52400	6433.37000
16.53240	6499.10000
16.54080	6461.34000
16.54920	6333.37000
16.55760	6172.25000
16.56600	5923.68000
16.57440	5654.98000
16.58280	5373.42000
16.59120	5083.28000
16.59960	4829.60000
16.60800	4584.56000
16.61640	4381.49000
16.62480	4216.36000
16.63320	4070.54000
16.64160	3955.28000
16.65000	3855.37000
16.65840	3783.33000
16.66680	3713.68000
16.67520	3646.55000
16.68360	3599.96000
16.69200	3555.23000
16.70040	3514.75000
16.70880	3493.94000
16.71720	3468.52000
16.72560	3462.97000
16.73400	3461.22000
16.74240	3469.42000
16.75080	3499.76000
16.75920	3530.72000
16.76760	3577.88000
16.77600	3638.24000
16.78440	3721.78000
16.79280	3808.14000
16.80120	3913.50000
16.80960	4023.76000
16.81800	4129.03000
16.82640	4232.24000
16.83480	4334.92000
16.84320	4410.23000
16.85160	4486.70000
16.86000	4550.07000
16.86840	4596.36000
16.87680	4619.35000
16.88520	4614.08000
16.89360	4595.64000
16.90200	4531.82000
16.91040	4473.36000
16.91880	4419.86000
16.92720	4371.74000
16.93560	4352.13000
16.94400	4339.05000
16.95240	4359.46000
16.96080	4373.59000
16.96920	4380.56000
16.97760	4362.56000
16.98600	4300.54000
16.99440	4191.22000
17.00280	4055.03000
17.01120	3897.41000
17.01960	3750.20000
17.02800	3617.23000
17.03640	3503.30000
17.04480	3407.86000
17.05320	3338.54000
17.06160	3280.67000
17.07000	3240.26000
17.07840	3201.70000
17.08680	3180.82000
17.09520	3156.23000
17.10360	3146.06000
17.11200	3143.23000
17.12040	3121.64000
17.12880	3115.61000
17.13720	3105.20000
17.14560	3111.32000
17.15400	3100.94000
17.16240	3109.50000
17.17080	3106.26000
17.17920	3109.55000
17.18760	3127.81000
17.19600	3117.53000
17.20440	3134.48000
17.21280	3144.04000
17.22120	3168.78000
17.22960	3204.14000
17.23800	3227.12000
17.24640	3272.96000
17.25480	3327.05000
17.26320	3397.94000
17.27160	3493.09000
17.28000	3612.62000
17.28840	3749.60000
17.29680	3923.00000
17.30520	4107.65000
17.31360	4312.89000
17.32200	4478.82000
17.33040	4626.29000
17.33880	4669.53000
17.34720	4634.89000
17.35560	4533.70000
17.36400	4368.98000
17.37240	4201.89000
17.38080	4043.94000
17.38920	3909.85000
17.39760	3819.10000
17.40600	3756.38000
17.41440	3719.84000
17.42280	3685.31000
17.43120	3649.55000
17.43960	3621.39000
17.44800	3563.75000
17.45640	3520.91000
17.46480	3460.33000
17.47320	3409.36000
17.48160	3373.39000
17.49000	3331.18000
17.49840	3303.96000
17.50680	3289.22000
17.51520	3293.88000
17.52360	3304.92000
17.53200	3326.92000
17.54040	3368.75000
17.54880	3418.39000
17.55720	3493.63000
17.56560	3561.71000
17.57400	3635.36000
17.58240	3725.87000
17.59080	3772.95000
17.59920	3820.77000
17.60760	3834.09000
17.61600	3820.45000
17.62440	3796.61000
17.63280	3757.36000
17.64120	3736.54000
17.64960	3700.94000
17.65800	3692.49000
17.66640	3675.10000
17.67480	3641.48000
17.68320	3606.20000
17.69160	3552.51000
17.70000	3488.73000
17.70840	3416.57000
17.71680	3341.13000
17.72520	3280.94000
17.73360	3210.07000
17.74200	3154.85000
17.75040	3099.16000
17.75880	3050.67000
17.76720	3016.93000
17.77560	2988.20000
17.78400	2974.93000
17.79240	2952.53000
17.80080	2929.37000
17.80920	2926.22000
17.81760	2910.02000
17.82600	2900.68000
17.83440	2897.74000
17.84280	2890.89000
17.85120	2893.15000
17.85960	2885.30000
17.86800	2893.30000
17.87640	2884.84000
17.88480	2884.83000
17.89320	2894.23000
17.90160	2880.08000
17.91000	2891.39000
17.91840	2897.81000
17.92680	2894.27000
17.93520	2916.42000
17.94360	2920.24000
17.95200	2939.21000
17.96040	2949.64000
17.96880	2967.27000
17.97720	2991.21000
17.98560	3007.45000
17.99400	3045.86000
18.00240	3069.34000
18.01080	3101.26000
18.01920	3131.09000
18.02760	3156.52000
18.03600	3186.73000
18.04440	3198.06000
18.05280	3210.25000
18.06120	3219.89000
18.06960	3222.83000
18.07800	3218.93000
18.08640	3210.27000
18.09480	3224.29000
18.10320	3225.13000
18.11160	3228.36000
18.12000	3245.78000
18.12840	3266.35000
18.13680	3293.06000
18.14520	3316.75000
18.15360	3357.65000
18.16200	3399.53000
18.17040	3428.13000
18.17880	3466.09000
18.18720	3483.36000
18.19560	3512.89000
18.20400	3520.98000
18.21240	3506.37000
18.22080	3503.51000
18.22920	3472.25000
18.23760	3452.16000
18.24600	3420.22000
18.25440	3389.97000
18.26280	3365.32000
18.27120	3345.75000
18.27960	3361.87000
18.28800	3349.22000
18.29640	3375.62000
18.30480	3412.09000
18.31320	3458.28000
18.32160	3523.89000
18.33000	3595.44000
18.33840	3681.20000
18.34680	3762.43000
18.35520	3830.29000
18.36360	3890.89000
18.37200	3916.50000
18.38040	3907.24000
18.38880	3872.22000
18.39720	3788.57000
18.40560	3704.17000
18.41400	3598.41000
18.42240	3501.72000
18.43080	3417.98000
18.43920	3328.70000
18.44760	3261.75000
18.45600	3202.06000
18.46440	3163.15000
18.47280	3125.68000
18.48120	3108.53000
18.48960	3090.68000
18.49800	3081.84000
18.50640	3088.95000
18.51480	3096.25000
18.52320	3110.48000
18.53160	3141.94000
18.54000	3161.91000
18.54840	3213.01000
18.55680	3251.72000
18.56520	3299.79000
18.57360	3347.72000
18.58200	3394.02000
18.59040	3465.00000
18.59880	3508.87000
18.60720	3567.93000
18.61560	3618.05000
18.62400	3655.25000
18.63240	3690.91000
18.64080	3694.16000
18.64920	3722.03000
18.65760	3726.83000
18.66600	3733.96000
18.67440	3743.68000
18.68280	3753.41000
18.69120	3788.37000
18.69960	3813.15000
18.70800	3856.74000
18.71640	3902.68000
18.72480	3921.88000
18.73320	3957.23000
18.74160	3953.49000
18.75000	3943.49000
18.75840	3907.63000
18.76680	3854.64000
18.77520	3807.69000
18.78360	3735.60000
18.79200	3678.84000
18.80040	3613.37000
18.80880	3562.51000
18.81720	3533.37000
18.82560	3494.65000
18.83400	3484.91000
18.84240	3487.18000
18.85080	3498.32000
18.85920	3528.42000
18.86760	3549.93000
18.87600	3606.00000
18.88440	3641.24000
18.89280	3695.56000
18.90120	3738.39000
18.90960	3776.61000
18.91800	3821.05000
18.92640	3842.61000
18.93480	3858.33000
18.94320	3853.92000
18.95160	3840.23000
18.96000	3814.01000
18.96840	3773.86000
18.97680	3725.49000
18.98520	3663.15000
18.99360	3632.11000
19.00200	3591.13000
19.01040	3561.85000
19.01880	3559.35000
19.02720	3556.51000
19.03560	3580.09000
19.04400	3609.88000
19.05240	3646.02000
19.06080	3713.39000
19.06920	3770.16000
19.07760	3859.06000
19.08600	3949.39000
19.09440	4056.43000
19.10280	4154.34000
19.11120	4273.18000
19.11960	4424.29000
19.12800	4583.54000
19.13640	4795.79000
19.14480	5056.52000
19.15320	5364.45000
19.16160	5758.50000
19.17000	6196.13000
19.17840	6710.21000
19.18680	7198.58000
19.19520	7609.51000
19.20360	7933.20000
19.21200	7996.61000
19.22040	7910.22000
19.22880	7581.41000
19.23720	7117.37000
19.24560	6579.84000
19.25400	6021.08000
19.26240	5481.23000
19.27080	5014.98000
19.27920	4610.44000
19.28760	4287.52000
19.29600	4014.22000
19.30440	3815.12000
19.31280	3662.60000
19.32120	3553.13000
19.32960	3476.40000
19.33800	3435.48000
19.34640	3409.74000
19.35480	3402.73000
19.36320	3415.34000
19.37160	3443.77000
19.38000	3476.21000
19.38840	3518.19000
19.39680	3548.80000
19.40520	3594.65000
19.41360	3615.36000
19.42200	3636.85000
19.43040	3638.12000
19.43880	3616.63000
19.44720	3590.07000
19.45560	3532.38000
19.46400	3484.62000
19.47240	3422.87000
19.48080	3344.38000
19.48920	3283.75000
19.49760	3219.15000
19.50600	3157.73000
19.51440	3108.10000
19.52280	3069.78000
19.53120	3026.97000
19.53960	2999.57000
19.54800	2976.70000
19.55640	2951.39000
19.56480	2940.43000
19.57320	2928.35000
19.58160	2920.13000
19.59000	2921.23000
19.59840	2918.63000
19.60680	2923.40000
19.61520	2930.02000
19.62360	2943.44000
19.63200	2962.38000
19.64040	2976.27000
19.64880	3003.99000
19.65720	3029.87000
19.66560	3066.68000
19.67400	3101.52000
19.68240	3148.13000
19.69080	3187.10000
19.69920	3226.28000
19.70760	3271.49000
19.71600	3311.48000
19.72440	3357.04000
19.73280	3411.20000
19.74120	3494.58000
19.74960	3580.24000
19.75800	3686.70000
19.76640	3809.34000
19.77480	3920.47000
19.78320	4019.82000
19.79160	4087.05000
19.80000	4088.51000
19.80840	4050.48000
19.81680	3952.99000
19.82520	3834.30000
19.83360	3699.54000
19.84200	3570.74000
19.85040	3456.41000
19.85880	3355.33000
19.86720	3290.74000
19.87560	3233.28000
19.88400	3196.79000
19.89240	3182.21000
19.90080	3175.89000
19.90920	3188.52000
19.91760	3208.92000
19.92600	3247.15000
19.93440	3297.89000
19.94280	3351.57000
19.95120	3433.12000
19.95960	3513.19000
19.96800	3633.48000
19.97640	3742.78000
19.98480	3877.59000
19.99320	4017.59000
20.00160	4158.32000
20.01000	4300.23000
20.01840	4421.94000
20.02680	4556.23000
20.03520	4652.76000
20.04360	4744.98000
20.05200	4836.75000
20.06040	4911.42000
20.06880	4995.41000
20.07720	5062.22000
20.08560	5108.45000
20.09400	5130.09000
20.10240	5106.74000
20.11080	5052.12000
20.11920	4920.16000
20.12760	4778.30000
20.13600	4601.79000
20.14440	4402.35000
20.15280	4226.83000
20.16120	4051.98000
20.16960	3904.94000
20.17800	3778.52000
20.18640	3671.26000
20.19480	3589.08000
20.20320	3505.33000
20.21160	3441.85000
20.22000	3388.85000
20.22840	3347.62000
20.23680	3306.30000
20.24520	3280.48000
20.25360	3257.14000
20.26200	3240.39000
20.27040	3242.00000
20.27880	3238.56000
20.28720	3244.11000
20.29560	3256.84000
20.30400	3266.33000
20.31240	3272.12000
20.32080	3278.00000
20.32920	3287.82000
20.33760	3285.59000
20.34600	3277.19000
20.35440	3265.29000
20.36280	3249.83000
20.37120	3233.28000
20.37960	3207.61000
20.38800	3195.94000
20.39640	3188.39000
20.40480	3185.37000
20.41320	3192.47000
20.42160	3205.39000
20.43000	3233.61000
20.43840	3272.80000
20.44680	3323.25000
20.45520	3395.33000
20.46360	3467.80000
20.47200	3556.32000
20.48040	3644.86000
20.48880	3716.47000
20.49720	3779.10000
20.50560	3807.49000
20.51400	3807.84000
20.52240	3764.44000
20.53080	3711.07000
20.53920	3641.86000
20.54760	3577.65000
20.55600	3528.86000
20.56440	3482.20000
20.57280	3473.72000
20.58120	3476.28000
20.58960	3506.72000
20.59800	3556.72000
20.60640	3620.39000
20.61480	3708.26000
20.62320	3809.13000
20.63160	3917.07000
20.64000	4037.02000
20.64840	4161.78000
20.65680	4282.92000
20.66520	4386.64000
20.67360	4494.43000
20.68200	4571.89000
20.69040	4640.28000
20.69880	4681.97000
20.70720	4714.15000
20.71560	4723.88000
20.72400	4716.23000
20.73240	4689.39000
20.74080	4631.14000
20.74920	4553.73000
20.75760	4442.04000
20.76600	4308.76000
20.77440	4165.08000
20.78280	4008.37000
20.79120	3873.82000
20.79960	3740.61000
20.80800	3637.10000
20.81640	3554.52000
20.82480	3488.75000
20.83320	3456.24000
20.84160	3440.21000
20.85000	3439.64000
20.85840	3456.99000
20.86680	3480.72000
20.87520	3519.35000
20.88360	3560.78000
20.89200	3607.66000
20.90040	3655.23000
20.90880	3696.20000
20.91720	3733.20000
20.92560	3765.58000
20.93400	3771.58000
20.94240	3774.88000
20.95080	3761.00000
20.95920	3733.36000
20.96760	3697.70000
20.97600	3668.35000
20.98440	3633.91000
20.99280	3602.00000
21.00120	3577.21000
21.00960	3552.08000
21.01800	3538.09000
21.02640	3521.60000
21.03480	3525.20000
21.04320	3519.00000
21.05160	3534.56000
21.06000	3557.30000
21.06840	3592.47000
21.07680	3643.99000
21.08520	3720.51000
21.09360	3818.16000
21.10200	3952.65000
21.11040	4111.67000
21.11880	4298.09000
21.12720	4494.27000
21.13560	4685.85000
21.14400	4843.03000
21.15240	4949.93000
21.16080	4974.73000
21.16920	4942.69000
21.17760	4862.13000
21.18600	4747.93000
21.19440	4618.02000
21.20280	4479.56000
21.21120	4339.83000
21.21960	4203.86000
21.22800	4058.62000
21.23640	3927.40000
21.24480	3787.07000
21.25320	3655.13000
21.26160	3528.18000
21.27000	3421.24000
21.27840	3316.06000
21.28680	3222.17000
21.29520	3149.26000
21.30360	3065.25000
21.31200	3002.11000
21.32040	2940.08000
21.32880	2897.62000
21.33720	2858.01000
21.34560	2819.36000
21.35400	2789.27000
21.36240	2770.79000
21.37080	2754.42000
21.37920	2742.60000
21.38760	2739.57000
21.39600	2730.20000
21.40440	2726.06000
21.41280	2729.19000
21.42120	2726.97000
21.42960	2732.30000
21.43800	2736.50000
21.44640	2746.53000
21.45480	2748.22000
21.46320	2755.76000
21.47160	2776.12000
21.48000	2786.78000
21.48840	2801.53000
21.49680	2810.39000
21.50520	2829.96000
21.51360	2849.96000
21.52200	2870.26000
21.53040	2889.70000
21.53880	2910.02000
21.54720	2927.31000
21.55560	2937.37000
21.56400	2937.79000
21.57240	2934.37000
21.58080	2926.55000
21.58920	2911.04000
21.59760	2891.42000
21.60600	2877.07000
21.61440	2866.54000
21.62280	2856.83000
21.63120	2846.67000
21.63960	2839.41000
21.64800	2838.10000
21.65640	2825.76000
21.66480	2831.08000
21.67320	2818.60000
21.68160	2821.01000
21.69000	2816.60000
21.69840	2822.73000
21.70680	2826.69000
21.71520	2845.70000
21.72360	2861.60000
21.73200	2892.48000
21.74040	2930.20000
21.74880	2983.24000
21.75720	3026.58000
21.76560	3089.25000
21.77400	3146.91000
21.78240	3213.36000
21.79080	3265.40000
21.79920	3320.37000
21.80760	3373.87000
