10.30000	473.80090
10.35000	473.84177
10.40000	473.88272
10.45010	473.92377
10.50010	473.96484
10.55010	474.00601
10.60010	474.04724
10.65020	474.08862
10.70020	474.13004
10.75020	474.17154
10.80020	474.21317
10.85030	474.25488
10.90030	474.29669
10.95030	474.33862
11.00030	474.38071
11.05040	474.42288
11.10040	474.46518
11.15040	474.50763
11.20040	474.55026
11.25050	474.59302
11.30050	474.63596
11.35050	474.67908
11.40050	474.72241
11.45060	474.76590
11.50060	474.80963
11.55060	474.85358
11.60060	474.89780
11.65060	474.94226
11.70070	474.98697
11.75070	475.03204
11.80070	475.07739
11.85070	475.12308
11.90080	475.16913
11.95080	475.21564
12.00080	475.26251
12.05080	475.30984
12.10090	475.35767
12.15090	475.40607
12.20090	475.45499
12.25090	475.50455
12.30100	475.55481
12.35100	475.60580
12.40100	475.65759
12.45100	475.71027
12.50110	475.76389
12.55110	475.81857
12.60110	475.87439
12.65110	475.93149
12.70120	475.99002
12.75120	476.05005
12.80120	476.11179
12.85120	476.17545
12.90120	476.24124
12.95130	476.30936
13.00130	476.38016
13.05130	476.45392
13.10130	476.53104
13.15140	476.76962
13.20140	476.85843
13.25140	476.95233
13.30140	477.05203
13.35150	477.15842
13.40150	477.27274
13.45150	477.39676
13.50150	477.53317
13.55160	477.68658
13.60160	477.86545
13.65160	478.08530
13.70160	478.37463
13.75170	478.78458
13.80170	479.40256
13.85170	480.37146
13.90170	481.91144
13.95180	484.34122
14.00180	488.08957
14.05180	493.68655
14.10180	501.72095
14.15180	512.75537
14.20190	527.19836
14.25190	545.14832
14.30190	566.24097
14.35190	589.54132
14.40200	613.52155
14.45200	636.14972
14.50200	655.09894
14.55200	668.08423
14.60210	673.32922
14.65210	670.06274
14.70210	658.78149
14.75210	641.07709
14.80220	619.16553
14.85220	595.39838
14.90220	571.89581
14.95220	550.31042
15.00230	531.71136
15.05230	516.58350
15.10230	504.91946
15.15230	496.36618
15.20240	490.38318
15.25240	486.37848
15.30240	483.80411
15.35240	482.20697
15.40240	481.24448
15.45250	480.67624
15.50250	480.34427
15.55250	480.15076
15.60250	480.03818
15.65260	479.97412
15.70260	479.94107
15.75260	479.92975
15.80260	479.93524
15.85270	479.95493
15.90270	479.98740
15.95270	480.03195
16.00270	480.08813
16.05280	480.15601
16.10280	480.23575
16.15280	480.32782
16.20280	480.43286
16.25290	480.55188
16.30290	480.68619
16.35290	480.83755
16.40290	481.00833
16.45300	481.20197
16.50300	481.42404
16.55300	481.68405
16.60300	481.99933
16.65300	482.40228
16.70310	482.95309
16.75310	483.76050
16.80310	485.01285
16.85310	487.02051
16.90320	490.26602
16.95320	495.45160
17.00320	503.52579
17.05320	515.66162
17.10330	533.15717
17.15330	557.23657
17.20330	588.75433
17.25330	627.83881
17.30340	673.55133
17.35340	723.65906
17.40340	774.61340
17.45340	821.78735
17.50350	859.99170
17.55350	884.29895
17.60350	891.16510
17.65350	879.52509
17.70360	851.17975
17.75360	810.15796
17.80360	761.55530
17.85360	710.47906
17.90360	661.30896
17.95370	617.25690
18.00370	580.20093
18.05370	550.76855
18.10370	528.60333
18.15380	512.71967
18.20380	501.84842
18.25380	494.70969
18.30380	490.18381
18.35390	487.38788
18.40390	485.68143
18.45390	484.63278
18.50390	483.96820
18.55400	483.52417
18.60400	483.20721
18.65400	482.96609
18.70400	482.77313
18.75410	482.61349
18.80410	482.47882
18.85410	482.36401
18.90410	482.26572
18.95420	482.18152
19.00420	482.10950
19.05420	482.04807
19.10420	481.99591
19.15420	481.95193
19.20430	481.84622
19.25430	481.81738
19.30430	481.79419
19.35430	481.77609
19.40440	481.76251
19.45440	481.75299
19.50440	481.74713
19.55440	481.74457
19.60450	481.74503
19.65450	481.74817
19.70450	481.75378
19.75450	481.76163
19.80460	481.77155
19.85460	481.78333
19.90460	481.79684
19.95460	481.81192
20.00470	481.82846
20.05470	481.84631
20.10470	481.86542
20.15470	481.88568
20.20480	481.90698
20.25480	481.92923
20.30480	482.06787
20.35480	482.09467
20.40480	482.12228
20.45490	482.15076
20.50490	482.18005
20.55490	482.21008
20.60490	482.24081
20.65500	482.27225
20.70500	482.30432
20.75500	482.33704
20.80500	482.37036
20.85510	482.40424
20.90510	482.43872
20.95510	482.47375
21.00510	482.50934
21.05520	482.54541
21.10520	482.58203
21.15520	482.61920
21.20520	482.65686
21.25530	482.69501
21.30530	482.73373
21.35530	482.77292
21.40530	482.81262
21.45540	482.85287
21.50540	482.89368
21.55540	482.93500
21.60540	482.97687
21.65540	483.01935
21.70550	483.06241
21.75550	483.10608
21.80550	483.15039
21.85550	483.19537
21.90560	483.24109
21.95560	483.28751
22.00560	483.33472
22.05560	483.38278
22.10570	483.27841
22.15570	483.33157
22.20570	483.38565
22.25570	483.82248
22.30580	483.88766
22.35580	483.95435
22.40580	484.02264
22.45580	484.09265
22.50590	484.16455
22.55590	484.23846
22.60590	484.31461
22.65590	484.39322
22.70600	484.47446
22.75600	484.55862
22.80600	484.64600
22.85600	484.73697
22.90600	484.83185
22.95610	484.93109
23.00610	485.03522
23.05610	485.14481
23.10610	485.44153
23.15620	485.56845
23.20620	485.70334
23.25620	485.84723
23.30620	486.00143
23.35630	486.16745
23.40630	486.34732
23.45630	486.54361
23.50630	486.76022
23.55640	487.00348
23.60640	487.28476
23.65640	487.62491
23.70640	488.06342
23.75650	488.67291
23.80650	489.58200
23.85650	491.00674
23.90650	493.28946
23.95660	496.93448
24.00660	502.62985
24.05660	511.22586
24.10660	523.65704
24.15660	540.77490
24.20670	563.11920
24.25670	590.63135
24.30670	622.41858
24.35670	656.59558
24.40680	690.33575
24.45680	720.09247
24.50680	742.09198
24.55680	753.06738
24.60690	751.21973
24.65690	736.89227
24.70690	712.43060
24.75690	681.35754
24.80700	647.44214
24.85700	614.05450
24.90700	583.74792
24.95700	558.10327
25.00710	537.73688
25.05710	522.49921
25.10710	511.72864
25.15710	504.53049
25.20720	499.98624
25.25720	497.29495
25.30720	495.93091
25.35720	495.25232
25.40720	495.06781
25.45730	495.20737
25.50730	495.58859
25.55730	496.19827
25.60730	497.09250
25.65740	498.42029
25.70740	500.47546
25.75740	503.78134
25.80740	509.20615
25.85750	518.09357
25.90750	532.37012
25.95750	554.56647
26.00750	587.66986
26.05760	634.73108
26.10760	698.19812
26.15760	779.03516
26.20760	875.80334
26.25770	983.96216
26.30770	1095.65381
26.35770	1200.17310
26.40770	1285.11963
26.45780	1338.53955
26.50780	1351.92322
26.55780	1323.30054
26.60780	1258.19019
26.65780	1167.60522
26.70790	1064.90100
26.75790	963.09448
26.80790	873.19653
26.85790	803.13049
26.90800	757.34229
26.95800	736.80695
27.00800	739.44226
27.05800	760.66290
27.10810	794.02600
27.15810	831.93268
27.20810	866.37378
27.25810	889.89929
27.30820	896.88342
27.35820	884.92090
27.40820	855.39160
27.45820	812.61060
27.50830	762.25269
27.55830	709.94324
27.60830	660.39008
27.65830	616.86823
27.70840	581.11426
27.75840	553.46527
27.80840	533.24744
27.85840	519.19751
27.90840	509.86945
27.95850	503.90604
28.00850	500.19617
28.05850	497.91440
28.10850	496.49878
28.15860	495.59250
28.20860	495.03983
28.25860	494.61017
28.30860	494.29449
28.35870	494.05978
28.40870	493.89008
28.45870	493.77951
28.50870	493.73016
28.55880	493.75397
28.60880	493.87894
28.65880	494.16132
28.70880	494.70483
28.75890	495.68848
28.80890	497.39963
28.85890	500.26724
28.90890	504.76709
28.95900	511.85239
29.00900	522.19983
29.05900	536.51196
29.10900	555.19379
29.15900	578.09875
29.20910	604.32898
29.25910	632.11810
29.30910	658.90497
29.35910	681.56787
29.40920	696.91510
29.45920	702.42041
29.50920	697.09143
29.55920	681.88550
29.60930	659.30212
29.65930	632.53424
29.70930	604.70184
29.75930	578.38721
29.80940	555.71729
29.85940	536.91638
29.90940	522.48126
29.95940	512.01874
30.00950	504.82568
30.05950	500.11203
30.10950	497.14636
30.15950	495.33740
30.20960	494.25146
30.25960	493.59698
30.30960	493.19131
30.35960	492.92719
30.40960	492.74478
30.45970	492.61227
30.50970	492.51273
30.55970	492.43735
30.60970	492.38110
30.65980	492.34106
30.70980	492.31519
30.75980	491.92407
30.80980	491.93146
30.85990	491.94965
30.90990	491.97806
30.95990	492.01648
31.00990	492.06476
31.06000	492.12305
31.11000	492.19165
31.16000	492.27109
31.21000	492.36230
31.26010	492.46674
31.31010	492.58664
31.36010	492.72629
31.41010	492.89362
31.46020	493.10376
31.51020	493.38541
31.56020	493.66266
31.61020	494.43384
31.66020	495.42584
31.71030	497.00522
31.76030	499.48547
31.81030	503.26196
31.86030	508.77563
31.91040	516.43195
31.96040	526.48578
32.01040	538.89734
32.06040	553.21350
32.11050	568.49292
32.16050	583.33734
32.21050	596.01434
32.26050	604.72766
32.31060	608.03558
32.36060	605.35950
32.41060	597.23511
32.46060	585.07758
32.51070	570.68457
32.56070	555.79797
32.61070	541.84277
32.66070	529.78278
32.71080	520.10101
32.76080	512.85736
32.81080	507.81879
32.86080	504.59628
32.91080	502.77271
32.96090	501.99097
33.01090	502.01343
33.06090	502.76257
33.11090	504.36572
33.16100	507.22156
33.21100	512.09186
33.26100	520.21149
33.31100	533.36682
33.36110	553.89026
33.41110	584.46216
33.46110	627.68842
33.51110	685.38678
33.56120	757.75574
33.61120	842.51941
33.66120	934.36102
33.71120	1025.28760
33.76130	1104.77332
33.81130	1161.57922
33.86130	1186.19910
33.91130	1174.03589
33.96140	1127.41699
34.01140	1054.54614
34.06140	966.39398
34.11140	873.89294
34.16140	786.08789
34.21150	709.25891
34.26150	646.63354
34.31150	598.78406
34.36150	564.33508
34.41160	540.86560
34.46160	525.65265
34.51160	516.21240
34.56160	510.55463
34.61170	507.24493
34.66170	505.33771
34.71170	504.25925
34.76170	503.69675
34.81180	503.51471
34.86180	503.71091
34.91180	504.41025
34.96180	505.89240
35.01190	508.64471
35.06190	513.42114
35.11190	521.28229
35.16190	533.56671
35.21200	551.75897
35.26200	577.20251
35.31200	610.69550
35.36200	651.99475
35.41200	699.41510
35.46210	749.59277
35.51210	797.62183
35.56210	837.52460
35.61210	863.26758
35.66220	870.30243
35.71220	857.26764
35.76220	826.59802
35.81220	783.47144
35.86230	734.05859
35.91230	684.08960
35.96230	638.38043
36.01230	599.13654
36.06240	567.90289
36.11240	544.55157
36.16240	528.07251
36.21240	517.03192
36.26250	509.96188
36.31250	505.58917
36.36250	502.93820
36.41250	501.32779
36.46260	500.26575
36.51260	499.60120
36.56260	499.13010
36.61260	498.77277
36.66260	498.48737
36.71270	498.25174
36.76270	498.05374
36.81270	497.88593
36.86270	497.74338
36.91280	497.62244
36.96280	497.52026
37.01280	497.43451
37.06280	497.50876
37.11290	497.45422
37.16290	497.41147
37.21290	497.37933
37.26290	497.35690
37.31300	497.34341
37.36300	497.33826
37.41300	497.34085
37.46300	497.35077
37.51310	497.36768
37.56310	497.39133
37.61310	497.42148
37.66310	497.45804
37.71320	497.50095
37.76320	497.55023
37.81320	497.60590
37.86320	497.66812
37.91320	497.73706
37.96330	497.81299
38.01330	497.55795
38.06330	497.65689
38.11330	497.76382
38.16340	497.87930
38.21340	498.00403
38.26340	498.13892
38.31340	498.28491
38.36350	498.44321
38.41350	498.61514
38.46350	498.80234
38.51350	499.00671
38.56360	499.23050
38.61360	499.47632
38.66360	499.74741
38.71360	500.04749
38.76370	500.38129
38.81370	500.78143
38.86370	501.20294
38.91370	501.68311
38.96380	502.24005
39.01380	502.90582
39.06380	503.74094
39.11380	504.86102
39.16380	506.48395
39.21390	509.00146
39.26390	513.07965
39.31390	519.77075
39.36390	530.60944
39.41400	547.62061
39.46400	573.17828
39.51400	609.61664
39.56400	658.62213
39.61410	720.42200
39.66410	793.05115
39.71410	871.78204
39.76410	949.22400
39.81420	1016.18079
39.86420	1062.42371
39.91420	1079.64563
39.96420	1064.44043
40.01430	1019.99084
40.06430	954.26929
40.11430	877.45038
40.16430	799.05127
40.21440	726.62079
40.26440	665.06311
40.31440	616.65741
40.36440	581.59534
40.41440	558.68262
40.46450	546.31525
40.51450	543.02374
40.56450	547.82117
40.61450	560.18372
40.66460	579.75677
40.71460	605.91534
40.76460	637.30029
40.81460	671.52618
40.86470	705.10742
40.91470	733.72754
40.96470	752.85938
41.01470	758.87915
41.06480	750.49487
41.11480	729.33411
41.16480	699.17578
41.21480	664.53217
41.26490	629.57953
41.31490	597.53229
41.36490	570.40356
41.41490	548.99933
41.46500	533.16406
41.51500	522.11395
41.56500	514.79803
41.61500	510.16394
41.66500	507.32388
41.71510	505.61169
41.76510	504.57498
41.81510	503.93097
41.86510	503.51724
41.91520	503.24973
41.96520	503.09482
42.01520	503.05484
42.06520	503.16440
42.11530	503.49347
42.16530	504.15253
42.21530	505.29425
42.26530	507.10315
42.31540	509.76843
42.36540	513.43604
42.41540	518.14471
42.46540	523.76404
42.51550	529.94757
42.56550	536.12964
42.61550	541.56470
42.66550	545.43549
42.71550	547.04309
42.76560	546.06793
42.81560	542.72302
42.86560	537.64905
42.91560	531.66095
42.96570	525.53284
43.01570	519.88098
43.06570	515.10864
43.11570	511.41089
43.16580	508.81827
43.21580	507.27542
43.26580	506.72565
43.31580	507.19086
43.36590	508.82947
43.41590	511.96182
43.46590	517.05267
43.51590	524.63275
43.56600	535.16455
43.61600	548.85181
43.66600	565.45166
43.71600	584.12268
43.76610	603.39386
43.81610	621.24939
43.86610	635.39990
43.91610	643.45697
43.96620	644.94763
44.01620	639.88971
44.06620	629.84930
44.11620	616.85559
44.16620	602.73560
44.21630	588.78827
44.26630	575.72046
44.31630	563.82257
44.36630	553.22186
44.41640	544.04181
44.46640	536.39703
44.51640	530.35419
44.56640	525.90173
44.61650	522.91858
44.66650	521.15833
44.71650	520.25458
44.76650	519.76367
44.81660	519.24146
44.86660	518.35071
44.91660	516.95056
44.96660	515.10052
45.01670	513.09839
45.06670	510.93469
45.11670	508.90735
45.16670	507.30115
45.21680	505.89194
45.26680	504.83264
45.31680	504.08572
45.36680	503.58954
45.41680	503.27618
45.46690	503.08478
45.51690	502.96811
45.56690	502.91180
45.61690	502.86252
45.66700	502.82803
45.71700	502.80447
45.76700	502.79065
45.81700	502.78629
45.86710	502.79114
45.91710	502.80475
45.96710	502.82626
46.01710	502.85461
46.06720	502.88879
46.11720	502.92807
46.16720	502.97156
46.21720	503.01889
46.26730	503.06970
46.31730	503.12393
46.36730	503.18140
46.41730	503.24216
46.46740	503.30621
46.51740	503.47122
46.56740	503.54477
46.61740	503.62213
46.66740	503.70343
46.71750	503.76337
46.76750	503.85397
46.81750	503.94934
46.86750	504.04977
46.91760	504.15579
46.96760	504.26773
47.01760	504.38620
47.06760	504.51178
47.11770	504.64520
47.16770	504.78723
47.21770	504.93878
47.26770	505.10095
47.31780	505.27493
47.36780	505.46216
47.41780	505.66422
47.46780	505.88309
47.51790	506.12097
47.56790	506.38052
47.61790	506.66483
47.66790	506.97769
47.71790	507.32349
47.76800	507.70770
47.81800	508.13712
47.86800	508.54205
47.91800	509.09445
47.96810	509.73358
48.01810	510.49380
48.06810	511.43881
48.11810	512.68860
48.16820	514.46649
48.21820	517.15033
48.26820	521.45142
48.31820	528.39868
48.36830	539.50977
48.41830	556.82135
48.46830	582.54553
48.51830	619.00244
48.56840	667.85864
48.61840	729.43579
48.66840	802.03845
48.71840	881.42822
48.76850	960.76160
48.81850	1031.09668
48.86850	1082.91455
48.91850	1108.73962
48.96860	1105.47632
49.01860	1074.65759
49.06860	1021.37195
49.11860	953.23572
49.16860	878.92340
49.21870	806.28979
49.26870	740.95001
49.31870	685.92151
49.36870	641.89862
49.41880	607.99408
49.46880	582.53345
49.51880	563.71106
49.56880	549.91388
49.61890	539.87341
49.66890	532.69263
49.71890	527.82483
49.76890	525.01593
49.81900	524.26221
49.86900	525.77667
49.91900	529.94818
49.96900	537.25861
50.01910	548.12823
50.06910	562.70520
50.11910	580.62122
50.16910	600.81110
50.21920	621.44263
50.26920	640.00781
50.31920	653.64392
50.36920	659.77380
50.41920	657.03058
50.46930	645.98132
50.51930	628.79254
50.56930	608.30255
50.61930	587.20642
50.66940	567.62799
50.71940	550.92310
50.76940	537.73798
50.81940	528.13202
50.86950	521.28998
50.91950	516.76849
50.96950	513.91425
51.01950	512.17194
51.06960	511.12677
51.11960	510.49768
51.16960	510.11017
51.21960	509.86368
51.26970	509.70407
51.31970	509.60446
51.36970	509.55365
51.41970	509.55133
51.46970	509.60800
51.51980	509.74969
51.56980	510.02747
51.61980	510.53156
51.66980	511.40747
51.71990	512.87018
51.76990	515.25586
51.81990	518.79919
51.86990	523.87372
51.92000	530.70209
51.97000	539.28528
52.02000	549.29718
52.07000	560.01410
52.12010	570.32855
52.17010	578.84351
52.22010	584.11499
52.27010	585.07770
52.32020	581.52594
52.37020	574.22375
52.42020	564.52301
52.47020	553.87939
52.52030	543.53577
52.57030	534.37567
52.62030	526.88171
52.67030	521.17456
52.72040	517.10596
52.77040	514.12390
52.82040	512.40668
52.87040	511.38156
52.92040	510.65570
52.97050	510.35538
53.02050	510.21762
53.07050	510.17621
53.12050	510.19489
53.17060	510.25497
53.22060	510.34784
53.27060	510.45306
53.32060	510.60529
53.37070	510.78952
53.42070	511.01120
53.47070	511.28009
53.52070	511.61255
53.57080	512.03479
53.62080	512.58655
53.67080	513.32452
53.72080	514.32489
53.77090	515.68506
53.82090	517.52588
53.87090	520.00293
53.92090	523.33057
53.97100	527.83325
54.02100	534.01514
54.07100	542.63928
54.12100	554.76868
54.17100	571.74231
54.22110	595.01086
54.27110	625.69330
54.32110	664.37842
54.37110	709.93994
54.42120	759.47522
54.47120	808.16418
54.52120	849.64502
54.57120	877.09009
54.62130	885.02893
54.67130	871.53540
54.72130	839.22021
54.77130	794.01514
54.82140	742.93195
54.87140	692.17932
54.92140	646.49091
54.97140	608.70233
55.02150	579.92902
55.07150	559.95569
55.12150	547.79041
55.17150	542.13593
55.22150	541.70892
55.27160	545.34412
55.32160	551.94745
55.37160	560.38422
55.42160	569.37848
55.47170	577.49573
55.52170	583.23810
55.57170	585.34155
55.62170	583.22675
55.67180	577.27283
55.72180	568.66211
55.77180	558.64618
55.82180	548.55231
55.87190	539.34448
55.92190	531.61652
55.97190	525.60260
56.02190	521.24487
56.07200	518.30151
56.12200	516.39728
56.17200	515.30817
56.22200	514.70020
56.27210	514.35352
56.32210	514.11139
56.37210	513.87756
56.42210	513.60962
56.47210	513.81274
56.52220	513.50476
56.57220	513.20422
56.62220	512.93243
56.67220	512.70361
56.72230	512.52405
56.77230	512.39294
56.82230	512.30487
56.87230	512.25189
56.92240	512.22601
56.97240	512.22021
57.02240	512.22931
57.07240	512.24945
57.12250	512.27844
57.17250	512.31488
57.22250	512.35803
57.27250	512.40753
57.32260	512.50079
57.37260	512.56390
57.42260	512.63367
57.47260	512.71033
57.52270	512.79443
57.57270	512.88666
57.62270	512.98798
57.67270	513.09979
57.72280	513.22437
57.77280	513.37683
57.82280	513.54163
57.87280	513.74237
57.92280	514.00159
57.97290	514.35840
58.02290	514.86707
58.07290	515.64191
58.12290	516.80548
58.17300	518.51935
58.22300	520.95349
58.27300	524.24524
58.32300	528.44543
58.37310	533.45850
58.42310	538.94958
58.47310	544.33105
58.52310	549.30707
58.57320	552.92279
58.62320	554.53351
58.67320	553.85681
58.72320	551.13043
58.77330	546.99713
58.82330	542.25391
58.87330	537.66467
58.92330	533.88257
58.97340	531.42889
59.02340	530.71173
59.07340	532.05316
59.12340	535.70264
59.17340	541.80988
59.22350	550.34845
59.27350	561.01801
59.32350	573.15259
59.37350	585.69788
59.42360	597.21619
59.47360	606.30774
59.52360	611.65277
59.57360	612.97876
59.62370	611.43079
59.67370	609.52209
59.72370	610.69037
59.77370	618.87006
59.82380	638.12512
59.87380	671.97900
59.92380	722.83398
59.97380	790.95740
60.02390	873.64362
60.07390	964.74658
60.12390	1054.67358
60.17390	1131.18042
60.22390	1181.16431
60.27400	1194.31519
60.32400	1167.55054
60.37400	1106.64478
60.42400	1023.19324
60.47410	930.08044
60.52410	838.55859
60.57410	756.83435
60.62410	689.71021
60.67420	638.79871
60.72420	603.30981
60.77420	581.07745
60.82420	569.03333
60.87430	564.40881
60.92430	564.63635
60.97430	567.52393
61.02430	571.22620
61.07440	574.20239
61.12440	575.32251
61.17440	574.06848
61.22440	570.64960
61.27450	565.79120
61.32450	560.35974
61.37450	555.07819
61.42450	550.39587
61.47460	546.45074
61.52460	543.11462
61.57460	540.11469
61.62460	537.20490
61.67460	534.28198
61.72470	531.38074
61.77470	528.60699
61.82470	526.07837
61.87470	523.89069
61.92480	522.09711
61.97480	520.70197
62.02480	519.66962
62.07480	518.93884
62.12490	518.43988
62.17490	518.10846
62.22490	517.89197
62.27490	517.75269
62.32500	517.66553
62.37500	517.61578
62.42500	517.59625
62.47500	517.57788
62.52510	517.62170
62.57510	517.71143
62.62510	517.87006
62.67510	518.13593
62.72520	518.56781
62.77520	519.24677
62.82520	520.27423
62.87520	521.75989
62.92520	523.80231
62.97530	526.46027
63.02530	529.72668
63.07530	533.57886
63.12530	537.70294
63.17540	541.92047
63.22540	545.95721
63.27540	549.58649
63.32540	552.74567
63.37550	555.52026
63.42550	558.27667
63.47550	561.08307
63.52550	563.82349
63.57560	566.09985
63.62560	567.30475
63.67560	566.82361
63.72560	564.34680
63.77570	560.15576
63.82570	554.70203
63.87570	548.84833
63.92570	543.36377
63.97570	538.93469
64.02580	536.14996
64.07580	535.52460
64.12580	537.03351
64.17580	542.08795
64.22590	550.50299
64.27590	562.37445
64.32590	577.42334
64.37590	594.83368
64.42600	613.17377
64.47600	630.43158
64.52600	644.17542
64.57600	652.00970
64.62610	652.36511
64.67610	645.24670
64.72610	632.32361
64.77610	615.68701
64.82620	597.76874
64.87620	580.44861
64.92620	565.03461
64.97620	552.20166
65.02630	542.21344
65.07630	534.82648
65.12630	529.61548
65.17630	526.08093
65.22630	523.75714
65.27640	522.26416
65.32640	521.32141
65.37640	520.73511
65.42640	520.36737
65.47650	520.15942
65.52650	520.04877
65.57650	520.00171
65.62650	519.99432
65.67660	520.00848
65.72660	520.04340
65.77660	520.06244
65.82660	520.12537
65.87670	520.41748
65.92670	520.44409
65.97670	520.48737
66.02670	520.55743
66.07680	520.66541
66.12680	520.82526
66.17680	521.05884
66.22680	521.40417
66.27690	521.92786
66.32690	522.74103
66.37690	524.01709
66.42690	526.00281
66.47700	529.01788
66.52700	533.42316
66.57700	539.55701
66.62700	547.63428
66.67700	557.69623
66.72710	569.24268
66.77710	581.55237
66.82710	593.43878
66.87710	603.42151
66.92720	610.02026
66.97720	612.04980
67.02720	609.47949
67.07720	603.39032
67.12730	595.61090
67.17730	588.12579
67.22730	582.74176
67.27730	580.72107
67.32740	582.68860
67.37740	588.50732
67.42740	597.29517
67.47740	607.51392
67.52750	617.15894
67.57750	624.02380
67.62750	626.33911
67.67750	623.22003
67.72760	615.14227
67.77760	603.57489
67.82760	590.32458
67.87760	577.07556
67.92770	565.16687
67.97770	555.53546
68.02770	548.74933
68.07770	545.12567
68.12770	544.85822
68.17780	548.12640
68.22780	555.09308
68.27780	565.86407
68.32780	580.30414
68.37790	597.85248
68.42790	617.38135
68.47790	637.01892
68.52790	654.63690
68.57800	667.48859
68.62800	673.22394
68.67800	670.67383
68.72800	660.45813
68.77810	644.65466
68.82810	625.90692
68.87810	606.69989
68.92810	589.01874
68.97810	574.24036
69.02820	563.16858
69.07820	556.21387
69.12820	553.62769
69.17820	555.75903
69.22830	563.29749
69.27830	577.07336
69.32830	598.30438
69.37830	628.01398
69.42840	666.64075
69.47840	713.48352
69.52840	766.27563
69.57840	820.96667
69.62850	871.89191
69.67850	912.27563
69.72850	935.44025
69.77850	936.80945
69.82860	916.00647
69.87860	877.17242
69.92860	827.09509
69.97860	772.93103
70.02870	720.77454
70.07870	675.11475
70.12870	638.65802
70.17870	612.45581
70.22880	596.28088
70.27880	589.02765
70.32880	589.10461
70.37880	594.70050
70.42880	603.94153
70.47890	614.93329
70.52890	625.79651
70.57890	634.82336
70.62890	640.78638
70.67900	643.18958
70.72900	642.11420
70.77900	637.82263
70.82900	630.54700
70.87910	620.54565
70.92910	608.61932
70.97910	595.68335
71.02910	582.78979
71.07920	570.79614
71.12920	560.27118
71.17920	551.60962
71.22920	544.61731
71.27930	539.26581
71.32930	535.30786
71.37930	532.46051
71.42930	530.46796
71.47940	529.09839
71.52940	528.16998
71.57940	527.62476
71.62940	527.32605
71.67950	527.27985
71.72950	527.47656
71.77950	527.91125
71.82950	528.56915
71.87950	529.41455
71.92960	530.38281
71.97960	531.37787
72.02960	532.27588
72.07960	532.93848
72.12970	533.24335
72.17970	533.12982
72.22970	532.62915
72.27970	531.84949
72.32980	530.93250
72.37980	530.01715
72.42980	529.22687
72.47980	528.66870
72.52990	528.44281
72.57990	528.54486
72.62990	529.35211
72.67990	530.93683
72.72990	533.53992
72.78000	537.43176
72.83000	542.85834
72.88000	549.96423
72.93000	558.69800
72.98010	568.73395
73.03010	579.41370
73.08010	589.75031
73.13010	598.50171
73.18020	604.33679
73.23020	606.18604
73.28020	603.67511
73.33020	597.31824
73.38030	588.29370
73.43030	577.89392
73.48030	567.35742
73.53030	557.60950
73.58040	549.23206
73.63040	542.51886
73.68040	537.40771
73.73040	533.54266
73.78050	531.14478
73.83050	529.64978
73.88050	528.80310
73.93050	528.40649
73.98060	528.31934
74.03060	528.44720
74.08060	528.72681
74.13060	529.11200
74.18060	529.56360
74.23070	530.04523
74.28070	530.52411
74.33070	530.98071
74.38070	531.42645
74.43080	531.92554
74.48080	532.72339
74.53080	533.80591
74.58080	535.51727
74.63090	538.37067
74.68090	542.77979
74.73090	549.35938
74.78090	558.51001
74.83100	570.65131
74.88100	585.85852
74.93100	603.95276
74.98100	624.27026
75.03110	645.69427
75.08110	666.73120
75.13110	685.68848
75.18110	701.09729
75.23120	712.27112
75.28120	719.67279
75.33120	724.48547
75.38120	727.81366
75.43130	730.08026
75.48130	730.84778
75.53130	728.95294
75.58130	722.91443
75.63130	711.62750
75.68140	695.06299
75.73140	674.41345
75.78140	651.56781
75.83140	628.49506
75.88150	606.84625
75.93150	587.77911
75.98150	571.93457
76.03150	559.46167
76.08160	550.12872
76.13160	543.45392
76.18160	538.88190
76.23160	535.85010
76.28170	533.88550
76.33170	532.62341
76.38170	531.80731
76.43170	531.26813
76.48180	530.90192
76.53180	530.64813
76.58180	530.47412
76.63180	530.36475
76.68180	530.31726
76.73190	530.33929
76.78190	530.45111
76.83190	530.68787
76.88190	531.10315
76.93200	531.77142
76.98200	532.78479
77.03200	534.24432
77.08200	536.24237
77.13210	538.83789
77.18210	542.02356
77.23210	545.64240
77.28210	549.72559
77.33220	553.68176
77.38220	557.20428
77.43220	559.83447
77.48220	561.16534
77.53230	560.98938
77.58230	559.39893
77.63230	556.74463
77.68230	553.49432
77.73240	550.10883
77.78240	546.98450
77.83240	544.43433
77.88240	542.69781
77.93240	541.97076
77.98250	542.45190
78.03250	544.41663
78.08250	548.15619
78.13250	554.14319
78.18260	562.91083
78.23260	575.02399
78.28260	590.99005
78.33260	611.16699
78.38270	635.64355
78.43270	664.14490
78.48270	695.93567
78.53270	729.76062
78.58280	763.88776
78.63280	796.42578
78.68280	825.72754
78.73280	850.39612
78.78290	868.91748
78.83290	879.36493
78.88290	879.66602
78.93290	868.42468
78.98300	845.81146
79.03300	813.88660
79.08300	776.04303
79.13300	735.96619
79.18310	696.92413
79.23310	661.33203
79.28310	630.53864
79.33310	605.37720
79.38310	585.62677
79.43320	570.71149
79.48320	559.80597
79.53320	552.02203
79.58320	546.56934
79.63330	542.75281
79.68330	539.97058
79.73330	538.07965
79.78330	536.71368
79.83340	535.70844
79.88340	534.95502
79.93340	534.38171
79.98340	533.93951
80.03350	533.59491
80.08350	533.32471
80.13350	533.11310
80.18350	533.01813
80.23360	532.89685
80.28360	532.81183
80.33360	532.76056
80.38360	532.74188
80.43360	532.75616
80.48370	532.80896
80.53370	532.89954
80.58370	533.04187
80.63370	533.25586
80.68380	533.57703
80.73380	534.06586
80.78380	534.81982
80.83380	535.98743
80.88390	537.78186
80.93390	540.48486
80.98390	544.43793
81.03390	550.00897
81.08400	557.53510
81.13400	567.23224
81.18400	579.09845
81.23400	592.81781
81.28410	607.70667
81.33410	622.69122
81.38410	636.32587
81.43410	646.96649
81.48420	653.03430
81.53420	653.49390
81.58420	648.30878
81.63420	638.44202
81.68420	625.63708
81.73430	611.42670
81.78430	597.44055
81.83430	584.88190
81.88430	574.56335
81.93440	566.89069
81.98440	561.90204
82.03440	559.33453
82.08440	558.71393
82.13450	559.43365
82.18450	560.82697
82.23450	562.22864
82.28450	563.04498
82.33460	562.85425
82.38460	561.51263
82.43460	559.12695
82.48460	556.01837
82.53470	552.56067
82.58470	549.10626
82.63470	545.94421
82.68470	543.28735
82.73480	541.26941
82.78480	539.84454
82.83480	539.24908
82.88480	539.34460
82.93490	540.08093
82.98490	541.38647
83.03490	543.08051
83.08490	545.20587
83.13490	547.37744
83.18500	549.67529
83.23500	551.74347
83.28500	553.35132
83.33500	554.31744
83.38510	554.40118
83.43510	553.61316
83.48510	552.05988
83.53510	549.97229
83.58520	547.62695
83.63520	545.31921
83.68520	543.15692
83.73520	541.57544
83.78530	540.25769
83.83530	539.51874
83.88530	539.45099
83.93530	540.16022
83.98540	541.77795
84.03540	544.49225
84.08540	548.40234
84.13540	553.82202
84.18540	560.50952
84.23550	568.48059
84.28550	577.47180
84.33550	586.98431
84.38550	596.32452
84.43560	604.57001
84.48560	610.75531
84.53560	614.00458
84.58560	613.82593
84.63570	610.31219
84.68570	604.09131
84.73570	596.06866
84.78570	587.16699
84.83580	578.18756
84.88580	569.74902
84.93580	562.27673
84.98580	556.00500
85.03590	551.00775
85.08590	547.23376
85.13590	544.55817
85.18590	542.83020
85.23600	541.91370
85.28600	541.71039
85.33600	542.17413
85.38600	543.31531
85.43610	545.19879
85.48610	547.93750
85.53610	551.69757
85.58610	556.59790
85.63610	562.79102
85.68620	570.34045
85.73620	579.19312
85.78620	589.04565
85.83620	599.73560
85.88630	610.59521
85.93630	620.85791
85.98630	629.57184
86.03630	635.68195
86.08640	638.25262
86.13640	636.78558
86.18640	631.45453
86.23640	623.06293
86.28650	612.71710
86.33650	601.58569
86.38650	590.67511
86.43650	580.76453
86.48660	572.39429
86.53660	565.75543
86.58660	560.88531
86.63660	557.58722
86.68670	555.61572
86.73670	554.59015
86.78670	554.14886
86.83670	553.97491
86.88670	553.84186
86.93680	553.64972
86.98680	553.42865
87.03680	553.30884
87.08680	553.47943
87.13690	554.15668
87.18690	555.66235
87.23690	558.00610
87.28690	561.46863
87.33700	566.19580
87.38700	572.28711
87.43700	579.79596
87.48700	588.73047
87.53710	599.08588
87.58710	610.91486
87.63710	624.12354
87.68710	638.99451
87.73720	655.76447
87.78720	674.88708
87.83720	696.66864
87.88720	721.26978
87.93720	748.65320
87.98730	778.48181
88.03730	809.99316
88.08730	841.86316
88.13730	872.21545
88.18740	898.78125
88.23740	919.36346
88.28740	932.48267
88.33740	937.95190
88.38750	936.90204
88.43750	931.18042
88.48750	922.51257
88.53750	911.90924
88.58760	899.48163
88.63760	884.62158
88.68760	866.30542
88.73760	843.88989
88.78770	817.45050
88.83770	787.85718
88.88770	756.47449
88.93770	724.77454
88.98780	694.06665
89.03780	665.63147
89.08780	640.25635
89.13780	618.44305
89.18790	600.35919
89.23790	585.87048
89.28790	574.62823
89.33790	566.20093
89.38790	560.03009
89.43800	555.66223
89.48800	552.70160
89.53800	550.83142
89.58800	549.82300
89.63810	549.52222
89.68810	549.83008
89.73810	550.67993
89.78810	552.01355
89.83820	553.76062
89.88820	555.82172
89.93820	558.06055
89.98820	560.30896
90.03830	562.33453
90.08830	563.91742
90.13830	564.84662
90.18830	564.98810
90.23830	564.33008
90.28840	563.02301
90.33840	561.29102
90.38840	559.40485
90.43840	557.63007
90.48850	556.20172
90.53850	555.31226
90.58850	555.01807
90.63850	555.67041
90.68860	557.01910
90.73860	559.12738
90.78860	561.90570
90.83860	565.20648
90.88870	568.83344
90.93870	572.55609
90.98870	576.13904
91.03870	579.36389
91.08880	582.03949
91.13880	584.00720
91.18880	585.17932
91.23880	585.60663
91.28890	585.53992
91.33890	585.42523
91.38890	585.82080
91.43890	587.33423
91.48900	590.48065
91.53900	595.65344
91.58900	603.06354
91.63900	612.69995
91.68900	624.31726
91.73910	637.44263
91.78910	651.34845
91.83910	665.17639
91.88910	677.98450
91.93920	688.92078
91.98920	697.45734
92.03920	703.52905
92.08920	707.45593
92.13930	709.67859
92.18930	710.47754
92.23930	709.92712
92.28930	707.74249
92.33940	703.50061
92.38940	696.82629
92.43940	687.55298
92.48940	675.96057
92.53950	662.50610
92.58950	647.91107
92.63950	632.97028
92.68950	618.44922
92.73960	605.00586
92.78960	593.08667
92.83960	583.12207
92.88960	575.00806
92.93970	569.21582
92.98970	565.44775
93.03970	563.55145
93.08970	563.30902
93.13970	564.47192
93.18980	566.75317
93.23980	569.80402
93.28980	573.33624
93.33980	576.79071
93.38990	580.05511
93.43990	582.63641
93.48990	584.19757
93.53990	584.57159
93.59000	583.78918
93.64000	582.13293
93.69000	579.97955
93.74000	577.76501
93.79010	575.89551
93.84010	574.69794
93.89010	574.38983
93.94010	575.05707
93.99020	576.64563
94.04020	578.96741
94.09020	581.73999
94.14020	584.51526
94.19020	586.87152
94.24030	588.38043
94.29030	588.72076
94.34030	587.76727
94.39030	585.62268
94.44040	582.57111
94.49040	578.97394
94.54040	575.20868
94.59040	571.60449
94.64050	568.41736
94.69050	565.82373
94.74050	563.91992
94.79050	562.73041
94.84060	562.23450
94.89060	562.37073
94.94060	563.14801
94.99060	564.56213
95.04070	566.69952
95.09070	569.71613
95.14070	573.80640
95.19070	579.14984
95.24080	585.85846
95.29080	593.92102
95.34080	603.16730
95.39080	613.24213
95.44080	623.60541
95.49090	633.53729
95.54090	642.18384
95.59090	648.63904
95.64090	652.09821
95.69100	652.04297
95.74100	648.44666
95.79100	641.77271
95.84100	632.68042
95.89110	622.09637
95.94110	610.88043
95.99110	599.74646
96.04110	589.34607
96.09120	580.07465
96.14120	572.19073
96.19120	565.79913
96.24120	560.88666
96.29130	557.35046
96.34130	555.03357
96.39130	553.75073
96.44130	553.31055
96.49140	553.56567
96.54140	554.25482
96.59140	555.24628
96.64140	556.37341
96.69150	557.47430
96.74150	558.39331
96.79150	558.89313
96.84150	559.06732
96.89150	558.77887
96.94160	558.07416
96.99160	556.94635
97.04160	555.55164
97.09160	554.00714
97.14170	552.41864
97.19170	550.81268
97.24170	549.40015
97.29170	548.15387
97.34180	547.06677
97.39180	546.21844
97.44180	545.56750
97.49180	545.11072
97.54190	544.80713
97.59190	544.64807
97.64190	544.61572
97.69190	544.69489
97.74200	544.87250
97.79200	545.13672
97.84200	545.47522
97.89200	545.87335
97.94200	546.33856
97.99210	546.79822
98.04210	547.25043
98.09210	547.66473
98.14210	548.00897
98.19220	548.25360
98.24220	548.37793
98.29220	548.37640
98.34220	548.26215
98.39230	548.06360
98.44230	547.78540
98.49230	547.54150
98.54230	547.34320
98.59240	547.23816
98.64240	547.28680
98.69240	547.51447
98.74240	547.98151
98.79250	548.73444
98.84250	549.81421
98.89250	551.25220
98.94250	553.06482
98.99260	555.24628
99.04260	557.76337
99.09260	560.54980
99.14260	563.50604
99.19260	566.49634
99.24270	569.31506
99.29270	571.84955
99.34270	573.86499
99.39270	575.18817
99.44280	575.70898
99.49280	575.40930
99.54280	574.36475
99.59280	572.71729
99.64290	570.68195
99.69290	568.33472
99.74290	565.86731
99.79290	563.40369
99.84300	561.04370
99.89300	558.89600
99.94300	556.94928
99.99300	555.24628
100.04310	553.81372
100.09310	552.62970
100.14310	551.67365
100.19310	550.92426
100.24320	550.36523
100.29320	549.98859
100.34320	549.79651
100.39320	549.80353
100.44330	550.03687
100.49330	550.53711
100.54330	551.35852
100.59330	552.56573
100.64330	554.22998
100.69340	556.42163
100.74340	559.10773
100.79340	562.51746
100.84340	566.56012
100.89350	571.19501
100.94350	576.32953
100.99350	581.80994
101.04350	587.42413
101.09360	592.90668
101.14360	597.95404
101.19360	602.24500
101.24360	605.48596
101.29370	607.47180
101.34370	608.15045
101.39370	607.65222
101.44370	606.26843
101.49380	604.38495
101.54380	602.41034
101.59380	600.71967
101.64380	599.61865
101.69380	599.32306
101.74390	599.94995
101.79390	601.51422
101.84390	603.93359
101.89390	607.04242
101.94400	610.60980
101.99400	614.36115
102.04400	618.07733
102.09400	621.56403
102.14410	624.72839
102.19410	627.55304
102.24410	630.04993
102.29410	632.21094
102.34420	633.97125
102.39420	635.19989
102.44420	635.71259
102.49420	635.30792
102.54430	633.82538
102.59430	631.20618
102.64430	627.52997
102.69430	623.00250
102.74440	617.91339
102.79440	612.56885
102.84440	607.26373
102.89440	602.24609
102.94450	597.71478
102.99450	593.80957
103.04450	590.62097
103.09450	588.14398
103.14450	586.35718
103.19460	585.19122
103.24460	584.55737
103.29460	584.35760
103.34460	584.48669
103.39470	584.82819
103.44470	585.25055
103.49470	585.60583
103.54470	585.75269
103.59480	585.55054
103.64480	584.90051
103.69480	583.76575
103.74480	582.18341
103.79490	580.25507
103.84490	578.12115
103.89490	575.93152
103.94490	573.82593
103.99500	571.91907
104.04500	570.29382
104.09500	568.99603
104.14500	568.10870
104.19510	567.45959
104.24510	567.06372
104.29510	566.83954
104.34510	566.69189
104.39510	566.52606
104.44520	566.26459
104.49520	565.86383
104.54520	565.32281
104.59520	564.68304
104.64530	564.01886
104.69530	563.42712
104.74530	563.01880
104.79530	562.88586
104.84540	563.19836
104.89540	564.06152
104.94540	565.55518
104.99540	567.78510
105.04550	570.82104
105.09550	574.70074
105.14550	579.42322
105.19550	584.93616
105.24560	591.14734
105.29560	597.89319
105.34560	604.95422
105.39560	612.05188
105.44560	618.86761
105.49570	625.02734
105.54570	630.18414
105.59570	634.03186
105.64570	636.35767
105.69580	637.04993
105.74580	636.09698
105.79580	633.56879
105.84580	629.62360
105.89590	624.44031
105.94590	618.31360
105.99590	611.56378
106.04590	604.51508
106.09600	597.46912
106.14600	590.67896
106.19600	584.34064
106.24600	578.58826
106.29610	573.50305
106.34610	569.13470
106.39610	565.43945
106.44610	562.39380
106.49620	559.96875
106.54620	558.02576
106.59620	556.51648
106.64620	555.36108
106.69630	554.48608
106.74630	553.82611
106.79630	553.33228
106.84630	552.90234
106.89630	552.62292
106.94640	552.38751
106.99640	552.19574
107.04640	552.03638
107.09640	551.90204
107.14650	551.78809
107.19650	551.69171
107.24650	551.61102
107.29650	551.54504
107.34660	551.49261
107.39660	551.45282
107.44660	551.42480
107.49660	551.40765
107.54670	551.40021
107.59670	551.40173
107.64670	551.37091
107.69670	551.38861
107.74670	551.41321
107.79680	551.44434
107.84680	551.48352
107.89680	551.52832
107.94680	551.58075
107.99690	551.64203
108.04690	551.71637
108.09690	551.80103
108.14690	551.91534
108.19700	552.03601
108.24700	552.13464
108.29700	552.31097
108.34700	552.52435
108.39710	552.78271
108.44710	553.09460
108.49710	553.48676
108.54710	553.93408
108.59720	554.45996
108.64720	555.07922
108.69720	555.79504
108.74720	556.61084
108.79730	557.52655
108.84730	558.53613
108.89730	559.61664
108.94730	560.77203
108.99740	561.96674
109.04740	563.17047
109.09740	564.34961
109.14740	565.46692
109.19740	566.48376
109.24750	567.35925
109.29750	568.05884
109.34750	568.53967
109.39750	568.76178
109.44760	568.77728
109.49760	568.58881
109.54760	568.25079
109.59760	567.83960
109.64770	567.44702
109.69770	567.17395
109.74770	567.12665
109.79770	567.41266
109.84780	568.13788
109.89780	569.40289
109.94780	571.29718
109.99780	573.89508
110.04790	577.27649
110.09790	581.40344
110.14790	586.29065
110.19790	591.87927
110.24800	598.06476
110.29800	604.68121
110.34800	611.55261
110.39800	618.41980
110.44810	624.99774
110.49810	630.97266
110.54810	636.02380
110.59810	639.84674
110.64810	642.19604
110.69820	642.92834
110.74820	642.03247
110.79820	639.63324
110.84820	635.96619
110.89830	631.33466
110.94830	626.06329
110.99830	620.46808
111.04830	614.83130
111.09840	609.39746
111.14840	604.33289
111.19840	599.77258
111.24840	595.78571
111.29850	592.39325
111.34850	589.57770
111.39850	587.25623
111.44850	585.36871
111.49860	583.81494
111.54860	582.48071
111.59860	581.40125
111.64860	580.49646
111.69860	579.75262
111.74870	579.17010
111.79870	578.75781
111.84870	578.49469
111.89870	578.45160
111.94880	578.60693
111.99880	578.95630
112.04880	579.53241
112.09880	580.24353
112.14890	581.11597
112.19890	582.15430
112.24890	583.31622
112.29890	584.61084
112.34900	586.03174
112.39900	587.56982
112.44900	589.21405
112.49900	590.95184
112.54910	592.77399
112.59910	594.67810
112.64910	596.67371
112.69910	598.78217
112.74920	601.03333
112.79920	603.45398
112.84920	606.05780
112.89920	608.83997
112.94920	611.76575
112.99930	614.77240
113.04930	617.76953
113.09930	620.64606
113.14930	623.27643
113.19940	625.53339
113.24940	627.30017
113.29940	628.48450
113.34940	629.01709
113.39950	628.87494
113.44950	628.07227
113.49950	626.65759
113.54950	624.70312
113.59960	622.28821
113.64960	619.49097
113.69960	616.37854
113.74960	613.00879
113.79970	609.43372
113.84970	605.70587
113.89970	601.88220
113.94970	598.02966
113.99980	594.22058
114.04980	590.52954
114.09980	587.02563
114.14980	583.77246
114.19990	580.82373
114.24990	578.22693
114.29990	576.01294
114.34990	574.21301
114.39990	572.84851
114.45000	571.93420
114.50000	571.47791
114.55000	571.48096
114.60000	571.93756
114.65010	572.83405
114.70010	574.14905
114.75010	575.85242
114.80010	577.90454
114.85020	580.28119
114.90020	582.87494
114.95020	585.64264
115.00020	588.50763
115.05030	591.38544
115.10030	594.18597
115.15030	596.81445
115.20030	599.17767
115.25040	601.19025
115.30040	602.78790
115.35040	603.91980
115.40040	604.56927
115.45040	604.74713
115.50050	604.47491
115.55050	603.78516
115.60050	602.75043
115.65050	601.33075
115.70060	599.59906
115.75060	597.61334
115.80060	595.37463
115.85060	592.98132
115.90070	590.48834
115.95070	587.96558
116.00070	585.48157
116.05070	583.09686
116.10080	580.86377
116.15080	578.82349
116.20080	577.00641
116.25080	575.43231
116.30090	574.11249
116.35090	573.05017
116.40090	572.24249
116.45090	571.68103
116.50100	571.37097
116.55100	571.26709
116.60100	571.37616
116.65100	571.68182
116.70100	572.18408
116.75110	572.86829
116.80110	573.74152
116.85110	574.80664
116.90110	576.06488
116.95120	577.51392
117.00120	579.14368
117.05120	580.93604
117.10120	582.86115
117.15130	584.87775
117.20130	586.93292
117.25130	588.89050
117.30130	590.82336
117.35140	592.57727
117.40140	594.06799
117.45140	595.21594
117.50140	595.95184
117.55150	596.22723
117.60150	596.02216
117.65150	595.34863
117.70150	594.24945
117.75160	592.81079
117.80160	591.08032
117.85160	589.16785
117.90160	587.16742
117.95170	585.16962
118.00170	583.25867
118.05170	581.51019
118.10170	579.98944
118.15170	578.75037
118.20180	577.82117
118.25180	577.25830
118.30180	577.06476
118.35180	577.24518
118.40190	577.79272
118.45190	578.68994
118.50190	579.90991
118.55190	581.41687
118.60200	583.16858
118.65200	585.11646
118.70200	587.20837
118.75200	589.39032
118.80210	591.61035
118.85210	593.81989
118.90210	595.97125
118.95210	598.06360
119.00220	600.02673
119.05220	601.86768
119.10220	603.58496
119.15220	605.18909
119.20220	606.70477
119.25230	608.16870
119.30230	609.62744
119.35230	611.13214
119.40230	612.73291
119.45240	614.45294
119.50240	616.35205
119.55240	618.43793
119.60240	620.65497
119.65250	622.98108
119.70250	625.35126
119.75250	627.67780
119.80250	629.87787
119.85260	631.78778
119.90260	633.31897
119.95260	634.32751
120.00260	634.72614
120.05270	634.44232
120.10270	633.42212
120.15270	631.70251
120.20270	629.30377
120.25280	626.29553
120.30280	622.73981
120.35280	618.81067
120.40280	614.59241
120.45290	610.20441
120.50290	605.76013
120.55290	601.36395
120.60290	597.10535
120.65290	593.06073
120.70300	589.29022
120.75300	585.83612
120.80300	582.72925
120.85300	579.99438
120.90310	577.60815
120.95310	575.57245
121.00310	573.86749
121.05310	572.46759
121.10320	571.34198
121.15320	570.45721
121.20320	569.77820
121.25320	569.27045
121.30330	568.90082
121.35330	568.63812
121.40330	568.45465
121.45330	568.32599
121.50330	568.23212
121.55340	568.15759
121.60340	568.09161
121.65340	568.02783
121.70340	568.00085
121.75350	567.93787
121.80350	567.87927
121.85350	567.83063
121.90350	567.79919
121.95360	567.83875
122.00360	567.86810
122.05360	567.94202
122.10360	568.07043
122.15370	568.26276
122.20370	568.53064
122.25370	568.88324
122.30370	569.33002
122.35380	569.88074
122.40380	570.54114
122.45380	571.32452
122.50380	572.21112
122.55390	573.25549
122.60390	574.43738
122.65390	575.76459
122.70390	577.22736
122.75400	578.83020
122.80400	580.56970
122.85400	582.43988
122.90400	584.43231
122.95400	586.53589
123.00410	588.73584
123.05410	590.99646
123.10410	593.33136
123.15410	595.69958
123.20420	598.07489
123.25420	600.43054
123.30420	602.74060
123.35420	604.98352
123.40430	607.14313
123.45430	609.21289
123.50430	611.19702
123.55430	613.11243
123.60440	614.98450
123.65440	616.84467
123.70440	618.72534
123.75440	620.65912
123.80450	622.65985
123.85450	624.74066
123.90450	626.89813
123.95450	629.11621
124.00460	631.36407
124.05460	633.59833
124.10460	635.76337
124.15460	637.78986
124.20470	639.61493
124.25470	641.15869
124.30470	642.34949
124.35470	643.12402
124.40470	643.43439
124.45480	643.25360
124.50480	642.57806
124.55480	641.42834
124.60480	639.84717
124.65490	637.89648
124.70490	635.65076
124.75490	633.19391
124.80490	630.61261
124.85500	627.99170
124.90500	625.40857
124.95500	622.93188
125.00500	620.61749
125.05510	618.50775
125.10510	616.62854
125.15510	614.99353
125.20510	613.59729
125.25510	612.42389
125.30520	611.45197
125.35520	610.62634
125.40520	609.90906
125.45520	609.25098
125.50530	608.60266
125.55530	607.91937
125.60530	607.16333
125.65530	606.30634
125.70540	605.33032
125.75540	604.22894
125.80540	603.00592
125.85540	601.67493
125.90550	600.25751
125.95550	598.78235
126.00550	597.28265
126.05550	595.79462
126.10560	594.35413
126.15560	592.99683
126.20560	591.75488
126.25560	590.65656
126.30570	589.72455
126.35570	588.97595
126.40570	588.42126
126.45570	588.06439
126.50580	587.90240
126.55580	587.92615
126.60580	588.12006
126.65580	588.45563
126.70580	588.92188
126.75590	589.48047
126.80590	590.09930
126.85590	590.74194
126.90590	591.37006
126.95600	591.95001
127.00600	592.43304
127.05600	592.81348
127.10600	593.04620
127.15610	593.12921
127.20610	593.04712
127.25610	592.80212
127.30610	592.40576
127.35620	591.87830
127.40620	591.24634
127.45620	590.54077
127.50620	589.79572
127.55630	589.04602
127.60630	588.32648
127.65630	587.67017
127.70630	587.10858
127.75640	586.66992
127.80640	586.37939
127.85640	586.25787
127.90640	586.32233
127.95650	586.58502
128.00650	587.01355
128.05650	587.69092
128.10650	588.57532
128.15650	589.66028
128.20660	590.93579
128.25660	592.37195
128.30660	593.98425
128.35660	595.73700
128.40670	597.60724
128.45670	599.57208
128.50670	601.60748
128.55670	603.68738
128.60680	605.78857
128.65680	607.88965
128.70680	609.97070
128.75680	612.01892
128.80690	614.02478
128.85690	615.98682
128.90690	617.90924
128.95690	619.79901
129.00690	621.66791
129.05700	623.52783
129.10700	625.38721
129.15700	627.25323
129.20700	629.12524
129.25710	630.99817
129.30710	632.85999
129.35710	634.69037
129.40710	636.46460
129.45720	638.15277
129.50720	639.72009
129.55720	641.13184
129.60720	642.35205
129.65730	643.34784
129.70730	644.08984
129.75730	644.55249
129.80730	644.71460
129.85740	644.56903
129.90740	644.10925
129.95740	643.34052
