4.99500	22223.51460
5.01000	22082.97366
5.02500	21944.52155
5.04000	21808.13156
5.05500	21673.77721
5.07000	21541.43234
5.08500	21411.07104
5.10000	21282.66767
5.11500	21156.19685
5.13000	21031.63349
5.14500	20908.95276
5.16000	20788.13006
5.17500	20669.14108
5.19000	20551.96177
5.20500	20436.56833
5.22000	20322.93719
5.23500	20211.04507
5.25000	20100.86891
5.26500	19992.38593
5.28000	19885.57356
5.29500	19780.40950
5.31000	19676.87169
5.32500	19574.93830
5.34000	19474.58775
5.35500	19375.79869
5.37000	19278.55002
5.38500	19182.82085
5.40000	19088.59054
5.41500	18995.83869
5.43000	18904.54510
5.44500	18814.68982
5.46000	18726.25313
5.47500	18639.21552
5.49000	18553.55771
5.50500	18469.26065
5.52000	18386.30548
5.53500	18304.67361
5.55000	18224.34663
5.56500	18145.30635
5.58000	18067.53480
5.59500	17991.01425
5.61000	17915.72714
5.62500	17841.65615
5.64000	17768.78416
5.65500	17697.09428
5.67000	17626.56980
5.68500	17557.19424
5.70000	17488.95132
5.71500	17421.82498
5.73000	17355.79935
5.74500	17290.85878
5.76000	17226.98781
5.77500	17164.17121
5.79000	17102.39394
5.80500	17041.64116
5.82000	16981.89826
5.83500	16923.15082
5.85000	16865.38462
5.86500	16808.58567
5.88000	16752.74018
5.89500	16697.83456
5.91000	16643.85543
5.92500	16590.78965
5.94000	16538.62426
5.95500	16487.34653
5.97000	16436.94396
5.98500	16387.40426
6.00000	16338.71536
6.01500	16290.86543
6.03000	16243.84287
6.04500	16197.63631
6.06000	16152.23463
6.07500	16107.62695
6.09000	16063.80266
6.10500	16020.75138
6.12000	15978.46304
6.13500	15936.92782
6.15000	15896.13620
6.16500	15856.07897
6.18000	15816.74721
6.19500	15778.13236
6.21000	15740.22617
6.22500	15703.02078
6.24000	15666.50872
6.25500	15630.68290
6.27000	15595.53668
6.28500	15561.06390
6.30000	15527.25887
6.31500	15494.11646
6.33000	15461.63211
6.34500	15429.80191
6.36000	15398.62262
6.37500	15368.09178
6.39000	15338.20775
6.40500	15308.96982
6.42000	15280.37832
6.43500	15252.43471
6.45000	15225.14178
6.46500	15198.50374
6.48000	15172.52650
6.49500	15147.21784
6.51000	15122.58773
6.52500	15098.64870
6.54000	15075.41620
6.55500	15052.90914
6.57000	15031.15056
6.58500	15010.16838
6.60000	14989.99644
6.61500	14970.67580
6.63000	14952.25640
6.64500	14934.79929
6.66000	14918.37959
6.67500	14903.09061
6.69000	14889.04947
6.70500	14876.40548
6.72000	14865.35337
6.73500	14856.16023
6.75000	14849.23862
6.76500	14845.36759
6.78000	14846.28284
6.79500	14855.88228
6.81000	14881.86189
6.82500	14936.57688
6.84000	15035.14840
6.85500	15189.66636
6.87000	15402.44927
6.88500	15665.84354
6.90000	15968.57114
6.91500	16301.36231
6.93000	16658.98454
6.94500	17039.65065
6.96000	17443.63850
6.97500	17872.26430
6.99000	18327.40227
7.00500	18811.33798
7.02000	19326.76128
7.03500	19876.81175
7.05000	20465.15189
7.06500	21096.06569
7.08000	21774.58736
7.09500	22506.66904
7.11000	23299.40056
7.12500	24161.30046
7.14000	25102.70692
7.15500	26136.31213
7.17000	27277.90813
7.18500	28547.45453
7.20000	29970.65608
7.21500	31581.39161
7.23000	33425.68056
7.24500	35568.73629
7.26000	38108.84013
7.27500	41205.90153
7.29000	45132.89846
7.30500	50326.43636
7.32000	57302.49806
7.33500	66175.67283
7.35000	75712.49457
7.36500	82599.30104
7.38000	82196.86065
7.39500	71887.69940
7.41000	55271.21940
7.42500	39210.46760
7.44000	27715.93209
7.45500	21143.47306
7.47000	17973.40536
7.48500	16556.46164
7.50000	15872.15715
7.51500	15469.26903
7.53000	15187.38910
7.54500	14972.20320
7.56000	14801.36731
7.57500	14662.55768
7.59000	14547.70758
7.60500	14451.18534
7.62000	14368.95271
7.63500	14298.17737
7.65000	14236.17607
7.66500	14181.37719
7.68000	14132.57742
7.69500	14088.74802
7.71000	14049.07437
7.72500	14012.90442
7.74000	13979.71099
7.75500	13949.06399
7.77000	13920.60955
7.78500	13894.05424
7.80000	13869.15299
7.81500	13845.69975
7.83000	13823.52018
7.84500	13802.46589
7.86000	13782.40991
7.87500	13763.24300
7.89000	13744.87075
7.90500	13727.21116
7.92000	13710.19274
7.93500	13693.75284
7.95000	13677.83642
7.96500	13662.39487
7.98000	13647.38517
7.99500	13632.76908
8.01000	13618.51250
8.02500	13604.58495
8.04000	13590.95909
8.05500	13577.61034
8.07000	13564.51652
8.08500	13551.65758
8.10000	13539.01535
8.11500	13526.57332
8.13000	13514.31646
8.14500	13502.23104
8.16000	13490.30452
8.17500	13478.52539
8.19000	13466.88311
8.20500	13455.36796
8.22000	13443.97099
8.23500	13432.68395
8.25000	13421.49920
8.26500	13410.40966
8.28000	13399.40878
8.29500	13388.49047
8.31000	13377.64907
8.32500	13366.87930
8.34000	13356.17625
8.35500	13345.53533
8.37000	13334.95226
8.38500	13324.42302
8.40000	13313.94385
8.41500	13303.51125
8.43000	13293.12191
8.44500	13282.77272
8.46000	13272.46079
8.47500	13262.18337
8.49000	13251.93790
8.50500	13241.72194
8.52000	13231.53323
8.53500	13221.36960
8.55000	13211.22903
8.56500	13201.10963
8.58000	13191.00957
8.59500	13180.92717
8.61000	13170.86082
8.62500	13160.80901
8.64000	13150.77032
8.65500	13140.74339
8.67000	13130.72696
8.68500	13120.71983
8.70000	13110.72087
8.71500	13100.72901
8.73000	13090.74325
8.74500	13080.76265
8.76000	13070.78632
8.77500	13060.81422
8.79000	13050.84650
8.80500	13040.88259
8.82000	13030.92203
8.83500	13020.96440
8.85000	13011.00939
8.86500	13001.05678
8.88000	12991.10649
8.89500	12981.15858
8.91000	12971.21330
8.92500	12961.27118
8.94000	12951.33314
8.95500	12941.40072
8.97000	12931.47657
8.98500	12921.56550
9.00000	12911.67776
9.01500	12901.84398
9.03000	12892.22501
9.04500	12882.22404
9.06000	12872.21810
9.07500	12862.20705
9.09000	12852.19076
9.10500	12842.16913
9.12000	12832.14207
9.13500	12822.10952
9.15000	12812.07142
9.16500	12802.02776
9.18000	12791.97852
9.19500	12781.92372
9.21000	12771.86336
9.22500	12761.79751
9.24000	12751.72621
9.25500	12741.64953
9.27000	12731.56757
9.28500	12721.48042
9.30000	12711.38820
9.31500	12701.29103
9.33000	12691.18906
9.34500	12681.08244
9.36000	12670.97133
9.37500	12660.85591
9.39000	12650.73638
9.40500	12640.61292
9.42000	12630.48575
9.43500	12620.35508
9.45000	12610.22116
9.46500	12600.08421
9.48000	12589.94449
9.49500	12579.80226
9.51000	12569.65777
9.52500	12559.51131
9.54000	12549.36316
9.55500	12539.21360
9.57000	12529.06294
9.58500	12518.91149
9.60000	12508.75955
9.61500	12498.60745
9.63000	12488.45550
9.64500	12478.30405
9.66000	12468.15343
9.67500	12458.00399
9.69000	12447.85608
9.70500	12437.71004
9.72000	12427.56625
9.73500	12417.42507
9.75000	12407.28687
9.76500	12397.15203
9.78000	12387.02092
9.79500	12376.89393
9.81000	12366.77145
9.82500	12356.65387
9.84000	12346.54158
9.85500	12336.43500
9.87000	12326.33451
9.88500	12316.24054
9.90000	12306.15347
9.91500	12296.07374
9.93000	12286.00176
9.94500	12275.93794
9.96000	12265.88271
9.97500	12255.83648
9.99000	12245.79969
10.00500	12235.77276
10.02000	12225.75613
10.03500	12215.75022
10.05000	12205.75547
10.06500	12195.77231
10.08000	12185.80079
10.09500	12175.84003
10.11000	12165.89028
10.12500	12155.95192
10.14000	12146.02531
10.15500	12136.11082
10.17000	12126.20880
10.18500	12116.31991
10.20000	12106.44521
10.21500	12096.58518
10.23000	12086.74028
10.24500	12076.91100
10.26000	12067.09782
10.27500	12057.30131
10.29000	12047.52204
10.30500	12037.76071
10.32000	12028.01815
10.33500	12018.29544
10.35000	12008.59408
10.36500	11998.91654
10.38000	11989.26753
10.39500	11979.65964
10.41000	11970.18328
10.42500	11960.55504
10.44000	11950.92053
10.45500	11941.30012
10.47000	11931.69288
10.48500	11922.09752
10.50000	11912.51221
10.51500	11902.93433
10.53000	11893.35999
10.54500	11883.78321
10.56000	11874.19417
10.57500	11864.57490
10.59000	11854.88599
10.60500	11844.99209
10.62000	11834.67079
10.63500	11825.50079
10.65000	11816.35922
10.66500	11807.24653
10.68000	11798.16316
10.69500	11789.10956
10.71000	11780.08618
10.72500	11771.09346
10.74000	11762.13185
10.75500	11753.20179
10.77000	11744.30372
10.78500	11735.43808
10.80000	11726.60532
10.81500	11717.80588
10.83000	11709.04020
10.84500	11700.30871
10.86000	11691.61186
10.87500	11682.95009
10.89000	11674.32384
10.90500	11665.73354
10.92000	11657.17964
10.93500	11648.66258
10.95000	11640.18279
10.96500	11631.74073
10.98000	11623.33682
10.99500	11614.97151
11.01000	11606.64524
11.02500	11598.35846
11.04000	11590.11162
11.05500	11581.90515
11.07000	11573.73952
11.08500	11565.61516
11.10000	11557.53254
11.11500	11549.49211
11.13000	11541.49433
11.14500	11533.53966
11.16000	11525.62856
11.17500	11517.76151
11.19000	11509.93898
11.20500	11502.16144
11.22000	11494.42939
11.23500	11486.74330
11.25000	11479.10368
11.26500	11471.51103
11.28000	11463.96585
11.29500	11456.46867
11.31000	11449.02001
11.32500	11441.62043
11.34000	11434.27157
11.35500	11426.97479
11.37000	11419.73090
11.38500	11412.54079
11.40000	11405.40543
11.41500	11398.32592
11.43000	11391.30352
11.44500	11384.33974
11.46000	11377.43646
11.47500	11370.59623
11.49000	11363.82277
11.50500	11357.12249
11.52000	11350.50975
11.53500	11344.05782
11.55000	11337.62555
11.56500	11331.09822
11.58000	11324.63152
11.59500	11318.22636
11.61000	11311.88368
11.62500	11305.60449
11.64000	11299.38982
11.65500	11293.24077
11.67000	11287.15849
11.68500	11281.14417
11.70000	11275.19910
11.71500	11269.32462
11.73000	11263.52213
11.74500	11257.79314
11.76000	11252.13923
11.77500	11246.56211
11.79000	11241.06354
11.80500	11235.64545
11.82000	11230.30986
11.83500	11225.05894
11.85000	11219.89503
11.86500	11214.82059
11.88000	11209.83831
11.89500	11204.95104
11.91000	11200.16187
11.92500	11195.47412
11.94000	11190.89138
11.95500	11186.41752
11.97000	11182.05676
11.98500	11177.81363
12.00000	11173.69311
12.01500	11169.70057
12.03000	11165.84191
12.04500	11162.12356
12.06000	11158.55255
12.07500	11155.13660
12.09000	11151.88421
12.10500	11148.80474
12.12000	11145.90850
12.13500	11143.20694
12.15000	11140.71274
12.16500	11138.43999
12.18000	11136.40443
12.19500	11134.62364
12.21000	11133.11734
12.22500	11131.90769
12.24000	11131.01974
12.25500	11130.48180
12.27000	11130.32606
12.28500	11130.58924
12.30000	11131.31339
12.31500	11132.54685
12.33000	11134.34553
12.34500	11136.77434
12.36000	11139.90911
12.37500	11143.83897
12.39000	11148.66956
12.40500	11154.52749
12.42000	11161.56749
12.43500	11169.98440
12.45000	11180.03659
12.46500	11192.09118
12.48000	11206.70889
12.49500	11224.79135
12.51000	11247.81141
12.52500	11278.12706
12.54000	11319.33919
12.55500	11376.59861
12.57000	11456.72457
12.58500	11567.98941
12.60000	11719.46504
12.61500	11919.84233
12.63000	12176.22698
12.64500	12493.25066
12.66000	12873.47542
12.67500	13318.75132
12.69000	13831.88710
12.70500	14418.30173
12.72000	15087.70689
12.73500	15856.01663
12.75000	16747.58455
12.76500	17797.35410
12.78000	19051.36523
12.79500	20562.44464
12.81000	22376.75779
12.82500	24508.03708
12.84000	26901.39759
12.85500	29397.03609
12.87000	31711.05432
12.88500	33450.45218
12.90000	34175.55971
12.91500	33531.13862
12.93000	31451.89656
12.94500	28295.61181
12.96000	24685.15805
12.97500	21201.32098
12.99000	18220.19658
13.00500	15903.74352
13.02000	14247.50690
13.03500	13144.97868
13.05000	12450.75073
13.06500	12027.22247
13.08000	11768.18977
13.09500	11602.96067
13.11000	11489.66620
13.12500	11405.63226
13.14000	11339.24132
13.15500	11284.57655
13.17000	11238.44782
13.18500	11198.93793
13.20000	11164.75248
13.21500	11134.93969
13.23000	11108.76451
13.24500	11085.64437
13.26000	11065.11074
13.27500	11046.78277
13.29000	11030.34842
13.30500	11015.55003
13.32000	11002.17342
13.33500	10990.03936
13.35000	10978.99702
13.36500	10968.91873
13.38000	10959.69588
13.39500	10951.23559
13.41000	10943.45812
13.42500	10936.29467
13.44000	10929.68569
13.45500	10923.57939
13.47000	10917.93063
13.48500	10912.69990
13.50000	10907.85254
13.51500	10903.35805
13.53000	10899.18952
13.54500	10895.32320
13.56000	10891.73801
13.57500	10888.41530
13.59000	10885.33847
13.60500	10882.49280
13.62000	10879.86519
13.63500	10877.44397
13.65000	10875.21880
13.66500	10873.18050
13.68000	10871.32091
13.69500	10869.63287
13.71000	10868.11004
13.72500	10866.74692
13.74000	10865.53873
13.75500	10864.48135
13.77000	10863.57134
13.78500	10862.80585
13.80000	10862.18261
13.81500	10861.69990
13.83000	10861.35657
13.84500	10861.15196
13.86000	10861.08597
13.87500	10861.15902
13.89000	10861.37208
13.90500	10861.72664
13.92000	10862.22478
13.93500	10862.86918
13.95000	10863.66313
13.96500	10864.61060
13.98000	10865.71627
13.99500	10866.98557
14.01000	10868.42480
14.02500	10870.04116
14.04000	10871.84286
14.05500	10873.83922
14.07000	10876.04080
14.08500	10878.45959
14.10000	10881.10908
14.11500	10884.00456
14.13000	10887.16332
14.14500	10890.60490
14.16000	10894.35147
14.17500	10898.42818
14.19000	10902.86361
14.20500	10907.69037
14.22000	10912.94569
14.23500	10918.67226
14.25000	10924.91917
14.26500	10931.74308
14.28000	10939.20965
14.29500	10947.39529
14.31000	10956.38943
14.32500	10966.29737
14.34000	10977.24420
14.35500	10989.38047
14.37000	11002.89136
14.38500	11018.01245
14.40000	11035.05848
14.41500	11054.47516
14.43000	11076.92921
14.44500	11103.45428
14.46000	11135.66699
14.47500	11176.05324
14.49000	11228.29754
14.50500	11297.59346
14.52000	11390.84355
14.53500	11516.64795
14.55000	11684.99554
14.56500	11906.61337
14.58000	12192.04711
14.59500	12550.84266
14.61000	12991.50437
14.62500	13522.65955
14.64000	14155.17209
14.65500	14904.60177
14.67000	15793.33373
14.68500	16851.34775
14.70000	18113.95496
14.71500	19614.39038
14.73000	21369.64970
14.74500	23360.05330
14.76000	25506.60666
14.77500	27653.79039
14.79000	29566.53449
14.80500	30948.31327
14.82000	31487.99461
14.83500	30950.67984
14.85000	29308.85015
14.86500	26816.52199
14.88000	23908.33344
14.89500	21007.91054
14.91000	18414.70896
14.92500	16287.02090
14.94000	14665.09140
14.95500	13506.13298
14.97000	12722.12247
14.98500	12213.10710
15.00000	11889.45992
15.01500	11682.50046
15.03000	11545.43975
15.04500	11449.29418
15.06000	11377.40254
15.07500	11320.64098
15.09000	11274.07496
15.10500	11234.94284
15.12000	11201.57251
15.13500	11172.84699
15.15000	11147.95378
15.16500	11126.26727
15.18000	11107.28968
15.19500	11090.61760
15.21000	11075.92037
15.22500	11062.92454
15.24000	11051.40251
15.25500	11041.16358
15.27000	11032.04704
15.28500	11023.91671
15.30000	11016.65660
15.31500	11010.16745
15.33000	11004.36392
15.34500	10999.17233
15.36000	10994.52884
15.37500	10990.37786
15.39000	10986.67091
15.40500	10983.36550
15.42000	10980.42429
15.43500	10977.81441
15.45000	10975.50681
15.46500	10973.47576
15.48000	10971.69847
15.49500	10970.15465
15.51000	10968.82624
15.52500	10967.69716
15.54000	10966.75306
15.55500	10965.98112
15.57000	10965.36992
15.58500	10964.90925
15.60000	10964.59002
15.61500	10964.40414
15.63000	10964.34444
15.64500	10964.40457
15.66000	10964.57897
15.67500	10964.86279
15.69000	10965.25187
15.70500	10965.74272
15.72000	10966.33279
15.73500	10967.01800
15.75000	10967.79756
15.76500	10968.67015
15.78000	10969.63499
15.79500	10970.69183
15.81000	10971.84098
15.82500	10973.08328
15.84000	10974.42017
15.85500	10975.85366
15.87000	10977.38644
15.88500	10979.02185
15.90000	10980.76396
15.91500	10982.61766
15.93000	10984.58871
15.94500	10986.68380
15.96000	10988.91079
15.97500	10991.27894
15.99000	10993.79871
16.00500	10996.48208
16.02000	10999.34277
16.03500	11002.39659
16.05000	11005.66171
16.06500	11009.15912
16.08000	11012.91327
16.09500	11016.95325
16.11000	11021.31984
16.12500	11026.03339
16.14000	11031.11883
16.15500	11036.64694
16.17000	11042.67634
16.18500	11049.27650
16.20000	11056.53070
16.21500	11064.54062
16.23000	11073.43393
16.24500	11083.37747
16.26000	11094.60001
16.27500	11107.43097
16.29000	11122.36250
16.30500	11140.14293
16.32000	11161.90574
16.33500	11189.33096
16.35000	11224.82362
16.36500	11271.68185
16.38000	11334.21882
16.39500	11417.80378
16.41000	11528.79762
16.42500	11674.37674
16.44000	11862.28543
16.45500	12100.66507
16.47000	12398.20698
16.48500	12764.71890
16.50000	13211.75395
16.51500	13752.58099
16.53000	14400.67558
16.54500	15166.04612
16.56000	16049.17201
16.57500	17033.21989
16.59000	18076.32872
16.60500	19106.56407
16.62000	20022.08976
16.63500	20698.55030
16.65000	21006.62699
16.66500	20845.75982
16.68000	20193.33728
16.69500	19137.22631
16.71000	17847.36235
16.72500	16504.87837
16.74000	15250.45911
16.75500	14170.32053
16.77000	13301.59533
16.78500	12643.55632
16.80000	12170.63934
16.81500	11845.24226
16.83000	11628.15402
16.84500	11485.23309
16.86000	11390.29015
16.87500	11325.14650
16.89000	11278.17182
16.90500	11242.38817
16.92000	11213.78619
16.93500	11190.09615
16.95000	11170.00489
16.96500	11152.70643
16.98000	11137.66390
16.99500	11124.49004
17.01000	11112.88842
17.02500	11102.62353
17.04000	11093.50416
17.05500	11085.37315
17.07000	11078.10034
17.08500	11071.57763
17.10000	11065.71812
17.11500	11060.43557
17.13000	11055.66072
17.14500	11051.34604
17.16000	11047.44478
17.17500	11043.91723
17.19000	11040.72963
17.20500	11037.85336
17.22000	11035.26421
17.23500	11032.94183
17.25000	11030.86924
17.26500	11029.03252
17.28000	11027.42044
17.29500	11026.02425
17.31000	11024.83749
17.32500	11023.85587
17.34000	11023.07714
17.35500	11022.50104
17.37000	11022.12929
17.38500	11021.96560
17.40000	11022.01571
17.41500	11022.28747
17.43000	11022.79098
17.44500	11023.53874
17.46000	11024.54589
17.47500	11025.83044
17.49000	11027.41361
17.50500	11029.32027
17.52000	11031.57937
17.53500	11034.22460
17.55000	11037.29504
17.56500	11040.83612
17.58000	11044.90062
17.59500	11049.55005
17.61000	11054.85623
17.62500	11060.90340
17.64000	11067.79091
17.65500	11075.63692
17.67000	11084.58377
17.68500	11094.80646
17.70000	11106.52655
17.71500	11120.03569
17.73000	11135.73543
17.74500	11154.20219
17.76000	11176.28869
17.77500	11203.27273
17.79000	11237.05976
17.80500	11280.43650
17.82000	11337.35978
17.83500	11413.25075
17.85000	11515.25757
17.86500	11652.45113
17.88000	11835.92634
17.89500	12078.78592
17.91000	12395.99065
17.92500	12804.10752
17.94000	13321.05096
17.95500	13965.74854
17.97000	14757.14892
17.98500	15711.56573
18.00000	16837.53895
18.01500	18128.19073
18.03000	19552.18593
18.04500	21045.51935
18.06000	22506.88985
18.07500	23799.10659
18.09000	24758.93459
18.10500	25218.85387
18.12000	25048.77201
18.13500	24215.84772
18.15000	22824.82684
18.16500	21087.63301
18.18000	19239.27138
18.19500	17470.74708
18.21000	15906.85948
18.22500	14610.49024
18.24000	13594.89961
18.25500	12837.62160
18.27000	12296.28831
18.28500	11921.61837
18.30000	11667.07723
18.31500	11494.26214
18.33000	11374.57120
18.34500	11288.40757
18.36000	11223.23034
18.37500	11171.42440
18.39000	11128.51277
18.40500	11091.87856
18.42000	11059.95067
18.43500	11031.72996
18.45000	11006.53219
18.46500	10983.85517
18.48000	10963.31211
18.49500	10944.61384
18.51000	10927.44478
18.52500	10911.58704
18.54000	10896.89225
18.55500	10883.21002
18.57000	10870.41298
18.58500	10858.39268
18.60000	10847.05639
18.61500	10836.32447
18.63000	10826.12822
18.64500	10816.40824
18.66000	10807.11293
18.67500	10798.19737
18.69000	10789.62234
18.70500	10781.35353
18.72000	10773.36085
18.73500	10765.61793
18.75000	10758.10158
18.76500	10750.79145
18.78000	10743.66967
18.79500	10736.72063
18.81000	10729.93067
18.82500	10723.28798
18.84000	10716.78240
18.85500	10710.40529
18.87000	10704.14950
18.88500	10698.00924
18.90000	10691.98008
18.91500	10686.05894
18.93000	10680.24412
18.94500	10674.53533
18.96000	10668.93382
18.97500	10663.44251
18.99000	10658.06621
19.00500	10652.81193
19.02000	10647.68943
19.03500	10642.71198
19.05000	10637.89776
19.06500	10633.27217
19.08000	10628.87159
19.09500	10624.74951
19.11000	10620.98606
19.12500	10617.70141
19.14000	10615.07420
19.15500	10613.36501
19.17000	10612.94405
19.18500	10614.32121
19.20000	10618.17646
19.21500	10625.38806
19.23000	10637.06104
19.24500	10654.49529
19.26000	10679.23893
19.27500	10713.00640
19.29000	10757.57997
19.30500	10814.66212
19.32000	10885.63213
19.33500	10971.16775
19.35000	11070.71773
19.36500	11181.88641
19.38000	11299.86891
19.39500	11417.11312
19.41000	11523.36729
19.42500	11606.25136
19.44000	11652.60715
19.45500	11651.16039
19.47000	11596.71401
19.48500	11493.95394
19.50000	11356.98404
19.51500	11203.93638
19.53000	11051.15086
19.54500	10910.39723
19.56000	10788.62564
19.57500	10688.69035
19.59000	10610.32952
19.60500	10551.14129
19.62000	10507.72017
19.63500	10476.37794
19.65000	10453.73196
19.66500	10436.98470
19.68000	10423.98106
19.69500	10413.13152
19.71000	10403.28494
19.72500	10393.61444
19.74000	10383.55786
19.75500	10372.82366
19.77000	10361.41190
19.78500	10349.56060
19.80000	10337.60701
19.81500	10325.85699
19.83000	10314.52559
19.84500	10303.73127
19.86000	10293.51035
19.87500	10283.83690
19.89000	10274.64429
19.90500	10265.84595
19.92000	10257.35264
19.93500	10249.08410
19.95000	10240.97494
19.96500	10232.97577
19.98000	10225.05141
19.99500	10217.17775
20.01000	10209.33858
20.02500	10201.52296
20.04000	10193.72322
20.05500	10185.93378
20.07000	10178.15046
20.08500	10170.37021
20.10000	10162.59029
20.11500	10154.80839
20.13000	10147.02267
20.14500	10139.23175
20.16000	10131.43498
20.17500	10123.63351
20.19000	10115.84416
20.20500	10108.01558
20.22000	10100.16641
20.23500	10092.30417
20.25000	10084.42859
20.26500	10076.54014
20.28000	10068.63956
20.29500	10060.73372
20.31000	10052.81157
20.32500	10044.84677
20.34000	10036.86374
20.35500	10028.86215
20.37000	10020.84170
20.38500	10012.80213
20.40000	10004.74317
20.41500	9996.66357
20.43000	9988.56250
20.44500	9980.43967
20.46000	9972.29478
20.47500	9964.12748
20.49000	9955.93744
20.50500	9947.72426
20.52000	9939.48747
20.53500	9931.22662
20.55000	9922.94128
20.56500	9914.63061
20.58000	9906.29342
20.59500	9897.92797
20.61000	9889.53150
20.62500	9881.09916
20.64000	9872.62118
20.65500	9864.06470
20.67000	9855.32489
20.68500	9846.89250
20.70000	9838.44133
20.71500	9829.97192
20.73000	9821.48529
20.74500	9812.98406
20.76000	9804.47837
20.77500	9795.92952
20.79000	9787.36231
20.80500	9778.77719
20.82000	9770.17543
20.83500	9761.55804
20.85000	9752.91643
20.86500	9744.25702
20.88000	9735.58003
20.89500	9726.88569
20.91000	9718.17425
20.92500	9709.44595
20.94000	9700.70105
20.95500	9691.93984
20.97000	9683.16260
20.98500	9674.36961
21.00000	9665.56134
21.01500	9656.73835
21.03000	9647.90105
21.04500	9639.04995
21.06000	9630.18563
21.07500	9621.30890
21.09000	9612.42109
21.10500	9603.52642
21.12000	9594.62414
21.13500	9585.69331
21.15000	9576.75097
21.16500	9567.79786
21.18000	9558.83563
21.19500	9549.86533
21.21000	9540.88807
21.22500	9531.90527
21.24000	9522.91902
21.25500	9513.93297
21.27000	9504.95707
21.28500	9496.02889
21.30000	9487.00448
21.31500	9477.97578
21.33000	9468.94371
21.34500	9459.90921
21.36000	9450.87333
21.37500	9441.83720
21.39000	9432.80204
21.40500	9423.76912
21.42000	9414.73981
21.43500	9405.71564
21.45000	9396.69828
21.46500	9387.68982
21.48000	9378.69527
21.49500	9369.70652
21.51000	9360.73150
21.52500	9351.77259
21.54000	9342.83223
21.55500	9333.91308
21.57000	9325.01867
21.58500	9316.15328
21.60000	9307.32083
21.61500	9298.52582
21.63000	9289.77354
21.64500	9281.07070
21.66000	9272.42745
21.67500	9263.87761
21.69000	9255.37205
21.70500	9246.88249
21.72000	9238.46797
21.73500	9230.13716
21.75000	9221.89976
21.76500	9213.76671
21.78000	9205.75037
21.79500	9197.86482
21.81000	9190.12665
21.82500	9182.55246
21.84000	9175.16119
21.85500	9167.97829
21.87000	9161.03100
21.88500	9154.35092
21.90000	9147.97493
21.91500	9141.94659
21.93000	9136.31796
21.94500	9131.15248
21.96000	9126.52945
21.97500	9122.55118
21.99000	9119.35426
22.00500	9117.12724
22.02000	9116.13753
22.03500	9116.77090
22.05000	9119.58713
22.06500	9125.39528
22.08000	9135.35111
22.09500	9151.07109
22.11000	9174.77421
22.12500	9209.41686
22.14000	9258.81624
22.15500	9327.71676
22.17000	9421.74245
22.18500	9547.16392
22.20000	9710.41395
22.21500	9917.31532
22.23000	10172.02164
22.24500	10475.71366
22.26000	10825.16373
22.27500	11211.37246
22.29000	11618.52199
22.30500	12023.50554
22.32000	12396.42155
22.33500	12702.76078
22.35000	12908.20075
22.36500	12985.66027
22.38000	12921.77648
22.39500	12718.99038
22.41000	12394.79646
22.42500	11980.43073
22.44000	11516.57045
22.45500	11044.54590
22.47000	10597.90641
22.48500	10198.78700
22.50000	9858.45162
22.51500	9579.54318
22.53000	9358.60082
22.54500	9188.39320
22.56000	9059.92438
22.57500	8964.00226
22.59000	8892.29896
22.60500	8837.91492
22.62000	8795.53894
22.63500	8761.34186
22.65000	8732.55401
22.66500	8707.49405
22.68000	8685.03561
22.69500	8664.46465
22.71000	8645.32524
22.72500	8627.31737
22.74000	8610.23456
22.75500	8593.92721
22.77000	8578.28116
22.78500	8563.20575
22.80000	8548.62693
22.81500	8534.48323
22.83000	8520.72292
22.84500	8507.30221
22.86000	8494.18376
22.87500	8481.33556
22.89000	8468.72984
22.90500	8456.34195
22.92000	8444.14817
22.93500	8432.11648
22.95000	8420.17274
22.96500	8408.59004
22.98000	8397.18529
22.99500	8385.96430
23.01000	8374.94072
23.02500	8364.13857
23.04000	8353.59268
23.05500	8343.35038
23.07000	8333.47224
23.08500	8324.03114
23.10000	8315.10908
23.11500	8306.79964
23.13000	8299.14487
23.14500	8292.12626
23.16000	8285.77161
23.17500	8279.99490
23.19000	8274.62939
23.20500	8269.42087
23.22000	8264.02999
23.23500	8258.04696
23.25000	8251.02618
23.26500	8242.55660
23.28000	8232.38004
23.29500	8220.52253
23.31000	8207.33858
23.32500	8193.40241
23.34000	8179.32348
23.35500	8165.61521
23.37000	8152.65452
23.38500	8140.69529
23.40000	8129.90095
23.41500	8120.38444
23.43000	8112.25464
23.44500	8105.66941
23.46000	8100.89425
23.47500	8098.36536
23.49000	8098.75535
23.50500	8103.03918
23.52000	8112.55403
23.53500	8129.04148
23.55000	8154.65155
23.56500	8191.87848
23.58000	8243.39044
23.59500	8311.71777
23.61000	8398.78883
23.62500	8505.34962
23.64000	8630.35004
23.65500	8770.39687
23.67000	8919.36351
23.68500	9068.23330
23.70000	9205.24772
23.71500	9316.47531
23.73000	9387.10031
23.74500	9403.98082
23.76000	9359.69058
23.77500	9256.48506
23.79000	9106.84892
23.80500	8929.25089
23.82000	8742.23277
23.83500	8560.62241
23.85000	8394.49763
23.86500	8249.58674
23.88000	8128.07309
23.89500	8029.46390
23.91000	7951.46059
23.92500	7890.77803
23.94000	7843.83610
23.95500	7807.26159
23.97000	7778.18255
23.98500	7754.34047
24.00000	7734.07204
24.01500	7716.21761
24.03000	7700.00363
24.04500	7684.93045
24.06000	7670.68072
24.07500	7657.05257
24.09000	7643.91457
24.10500	7631.17754
24.12000	7618.77774
24.13500	7606.66719
24.15000	7594.80823
24.16500	7583.17041
24.18000	7571.72862
24.19500	7560.46191
24.21000	7549.35270
24.22500	7538.38618
24.24000	7527.54984
24.25500	7516.83315
24.27000	7506.22728
24.28500	7495.72483
24.30000	7485.31969
24.31500	7475.00690
24.33000	7464.78252
24.34500	7454.64355
24.36000	7444.58787
24.37500	7434.61424
24.39000	7424.72221
24.40500	7414.91222
24.42000	7405.18556
24.43500	7395.54444
24.45000	7385.99211
24.46500	7376.53296
24.48000	7367.17271
24.49500	7357.91874
24.51000	7348.78047
24.52500	7339.76946
24.54000	7330.90076
24.55500	7322.19611
24.57000	7313.68600
24.58500	7305.41418
24.60000	7297.44455
24.61500	7289.87101
24.63000	7282.83121
24.64500	7276.52434
24.66000	7271.23298
24.67500	7267.34766
24.69000	7265.39062
24.70500	7266.03179
24.72000	7270.07259
24.73500	7278.46801
24.75000	7292.59740
24.76500	7313.25441
24.78000	7341.26114
24.79500	7377.01004
24.81000	7420.21777
24.82500	7469.70368
24.84000	7523.23263
24.85500	7577.44909
24.87000	7627.92270
24.88500	7669.33611
24.90000	7695.88761
24.91500	7702.27313
24.93000	7685.08205
24.94500	7644.40638
24.96000	7584.34837
24.97500	7511.70485
24.99000	7433.73237
25.00500	7356.49524
25.02000	7284.29269
25.03500	7219.73288
25.05000	7164.01636
25.06500	7117.25527
25.08000	7078.79085
25.09500	7047.49806
25.11000	7022.05423
25.12500	7001.14751
25.14000	6983.61288
25.15500	6968.49883
25.17000	6955.07956
25.18500	6942.83232
25.20000	6931.39811
25.21500	6920.53949
25.23000	6910.10342
25.24500	6899.99234
25.26000	6890.14368
25.27500	6880.51640
25.29000	6871.08260
25.30500	6861.82267
25.32000	6852.72241
25.33500	6843.77128
25.35000	6834.96157
25.36500	6826.28796
25.38000	6817.74731
25.39500	6809.34115
25.41000	6801.05982
25.42500	6792.90663
25.44000	6784.88646
25.45500	6777.00321
25.47000	6769.26228
25.48500	6761.67094
25.50000	6754.23812
25.51500	6746.97454
25.53000	6739.89315
25.54500	6733.00972
25.56000	6726.34449
25.57500	6719.92823
25.59000	6713.74857
25.60500	6707.85918
25.62000	6702.29661
25.63500	6697.10621
25.65000	6692.34619
25.66500	6688.09945
25.68000	6684.44715
25.69500	6681.52846
25.71000	6679.55574
25.72500	6678.82329
25.74000	6679.76069
25.75500	6682.99066
25.77000	6689.40159
25.78500	6700.23183
25.80000	6717.15683
25.81500	6742.36275
25.83000	6778.58041
25.84500	6829.04308
25.86000	6897.32384
25.87500	6987.00706
25.89000	7101.16310
25.90500	7241.63224
25.92000	7408.19607
25.93500	7597.77843
25.95000	7803.83650
25.96500	8016.05739
25.98000	8220.39323
25.99500	8399.49698
26.01000	8534.05908
26.02500	8605.19311
26.04000	8598.90339
26.05500	8511.56556
26.07000	8353.02152
26.08500	8143.93382
26.10000	7908.79355
26.11500	7669.53778
26.13000	7442.59582
26.14500	7238.63411
26.16000	7063.37463
26.17500	6918.62522
26.19000	6803.31054
26.20500	6714.47562
26.22000	6648.21540
26.23500	6600.45902
26.25000	6567.55648
26.26500	6546.65841
26.28000	6535.92042
26.29500	6534.58553
26.31000	6542.99731
26.32500	6562.57870
26.34000	6595.78281
26.35500	6645.99742
26.37000	6717.39437
26.38500	6814.49632
26.40000	6941.69659
26.41500	7102.43902
26.43000	7298.20633
26.44500	7527.42459
26.46000	7784.45450
26.47500	8058.92741
26.49000	8335.54697
26.50500	8594.24193
26.52000	8811.15161
26.53500	8960.66738
26.55000	9019.57462
26.56500	8973.63286
26.58000	8824.20667
26.59500	8589.84131
26.61000	8300.21343
26.62500	7986.63789
26.64000	7675.25721
26.65500	7384.70032
26.67000	7126.44369
26.68500	6906.02896
26.70000	6724.38592
26.71500	6579.12282
26.73000	6465.75798
26.74500	6378.82162
26.76000	6312.73603
26.77500	6262.41989
26.79000	6223.61656
26.80500	6192.99402
26.82000	6168.08789
26.83500	6147.15999
26.85000	6129.03027
26.86500	6112.91923
26.88000	6098.31946
26.89500	6084.90036
26.91000	6072.44294
26.92500	6060.79769
26.94000	6049.85888
26.95500	6039.54930
26.97000	6029.81163
26.98500	6020.60362
27.00000	6011.89565
27.01500	6003.66992
27.03000	5995.92121
27.04500	5988.65902
27.06000	5981.91132
27.07500	5975.73192
27.09000	5970.21141
27.10500	5965.49442
27.12000	5961.80026
27.13500	5959.41004
27.15000	5958.78852
27.16500	5960.54143
27.18000	5965.46415
27.19500	5974.55435
27.21000	5988.99717
27.22500	6010.10742
27.24000	6039.21359
27.25500	6077.47294
27.27000	6125.61816
27.28500	6183.65700
27.30000	6250.57122
27.31500	6324.07544
27.33000	6400.48524
27.34500	6474.71826
27.36000	6540.45346
27.37500	6590.54307
27.39000	6617.89678
27.40500	6617.05934
27.42000	6586.21487
27.43500	6528.44430
27.45000	6450.98168
27.46500	6362.78854
27.48000	6272.16125
27.49500	6185.52224
27.51000	6107.25597
27.52500	6040.00434
27.54000	5985.06581
27.55500	5942.79683
27.57000	5913.00204
27.58500	5895.29681
27.60000	5889.40937
27.61500	5895.38504
27.63000	5913.66411
27.64500	5945.01901
27.66000	5990.34805
27.67500	6050.34115
27.69000	6125.03692
27.70500	6213.33199
27.72000	6312.63615
27.73500	6418.51778
27.75000	6524.62095
27.76500	6622.77059
27.78000	6703.36450
27.79500	6756.28561
27.81000	6772.68694
27.82500	6747.64645
27.84000	6682.55909
27.85500	6585.31775
27.87000	6467.67734
27.88500	6341.64841
27.90000	6217.09268
27.91500	6100.97889
27.93000	5997.58211
27.94500	5908.96296
27.96000	5835.46783
27.97500	5776.20792
27.99000	5729.51188
28.00500	5693.32986
28.02000	5665.55895
28.03500	5644.27028
28.05000	5627.83683
28.06500	5614.97771
28.08000	5604.74358
28.09500	5596.46929
28.11000	5589.71497
28.12500	5584.21036
28.14000	5579.81037
28.15500	5576.46520
28.17000	5574.20554
28.18500	5573.14210
28.20000	5573.47921
28.21500	5575.54175
28.23000	5579.81413
28.24500	5586.99134
28.26000	5598.03643
28.27500	5614.23876
28.29000	5637.24794
28.30500	5669.06491
28.32000	5712.05392
28.33500	5768.76121
28.35000	5841.70638
28.36500	5933.05114
28.38000	6044.17641
28.39500	6175.21515
28.41000	6324.62141
28.42500	6488.86146
28.44000	6662.27672
28.45500	6837.13376
28.47000	7003.93326
28.48500	7152.23903
28.50000	7272.46025
28.51500	7358.63193
28.53000	7410.92618
28.54500	7435.60328
28.56000	7441.60506
28.57500	7435.99227
28.59000	7420.95133
28.60500	7393.31952
28.62000	7346.00161
28.63500	7270.58818
28.65000	7161.09417
28.66500	7017.49960
28.68000	6847.04464
28.69500	6661.79807
28.71000	6474.66986
28.72500	6296.41471
28.74000	6134.60426
28.75500	5993.84922
28.77000	5876.41006
28.78500	5782.81798
28.80000	5712.44284
28.81500	5664.01469
28.83000	5636.07936
28.84500	5627.34551
28.86000	5636.87889
28.87500	5664.13124
28.89000	5708.79819
28.90500	5770.54600
28.92000	5848.65896
28.93500	5941.67803
28.95000	6047.09896
28.96500	6161.17076
28.98000	6278.81305
28.99500	6393.71064
29.01000	6498.77246
29.02500	6587.24007
29.04000	6654.45133
29.05500	6699.40445
29.07000	6724.67787
29.08500	6734.30045
29.10000	6731.02941
29.11500	6714.82205
29.13000	6683.13127
29.14500	6632.71734
29.16000	6562.12759
29.17500	6473.36900
29.19000	6371.48394
29.20500	6262.45647
29.22000	6151.29179
29.23500	6041.49755
29.25000	5935.71118
29.26500	5836.47936
29.28000	5746.44705
29.29500	5667.98748
29.31000	5602.80800
29.32500	5551.88095
29.34000	5515.64226
29.35500	5494.25502
29.37000	5487.80598
29.38500	5496.39337
29.40000	5520.10815
29.41500	5558.92483
29.43000	5612.52562
29.44500	5680.09692
29.46000	5760.15238
29.47500	5850.44105
29.49000	5947.98487
29.50500	6049.21251
29.52000	6150.41224
29.53500	6248.37200
29.55000	6341.61775
29.56500	6432.02566
29.58000	6525.92780
29.59500	6633.41085
29.61000	6765.55903
29.62500	6930.98359
29.64000	7133.12836
29.65500	7368.78334
29.67000	7627.54064
29.68500	7891.92110
29.70000	8138.13790
29.71500	8337.81607
29.73000	8461.47514
29.74500	8484.64395
29.76000	8395.83421
29.77500	8202.28274
29.79000	7928.52236
29.80500	7607.84863
29.82000	7272.61503
29.83500	6948.63692
29.85000	6653.81413
29.86500	6398.83989
29.88000	6188.49350
29.89500	6023.07354
29.91000	5899.69027
29.92500	5813.56785
29.94000	5759.30531
29.95500	5732.06953
29.97000	5728.68312
29.98500	5748.45472
30.00000	5793.44171
30.01500	5867.88569
30.03000	5977.08240
30.04500	6125.94660
30.06000	6317.61308
30.07500	6552.26557
30.09000	6825.83161
30.10500	7129.01077
30.12000	7446.67370
30.13500	7757.80833
30.15000	8036.18322
30.16500	8252.18659
30.18000	8376.76065
30.19500	8388.11266
30.21000	8279.56325
30.22500	8063.98848
30.24000	7770.05283
30.25500	7432.56839
30.27000	7083.33212
30.28500	6746.53672
30.30000	6438.13249
30.31500	6166.93261
30.33000	5936.07476
30.34500	5744.49145
30.36000	5588.33660
30.37500	5462.40640
30.39000	5361.30593
30.40500	5280.17991
30.42000	5214.96888
30.43500	5162.39509
30.45000	5119.87771
30.46500	5085.44192
30.48000	5057.61345
30.49500	5035.29704
30.51000	5017.65503
30.52500	5004.00348
30.54000	4993.73435
30.55500	4986.26452
30.57000	4981.00797
30.58500	4977.36706
30.60000	4974.74130
30.61500	4972.55906
30.63000	4970.34642
30.64500	4967.84645
30.66000	4965.16283
30.67500	4962.85933
30.69000	4961.86042
30.70500	4963.45719
30.72000	4969.09241
30.73500	4980.32115
30.75000	4998.77282
30.76500	5026.09114
30.78000	5063.81788
30.79500	5113.20715
30.81000	5174.97276
30.82500	5248.98539
30.84000	5333.95480
30.85500	5427.15154
30.87000	5524.22808
30.88500	5619.19238
30.90000	5704.59250
30.91500	5772.07163
30.93000	5813.55240
30.94500	5823.19728
30.96000	5799.83073
30.97500	5748.06200
30.99000	5677.23806
31.00500	5598.76682
31.02000	5523.62356
31.03500	5461.18598
31.05000	5419.10467
31.06500	5403.58194
31.08000	5419.64434
31.09500	5471.16787
31.11000	5560.74456
31.12500	5689.33415
31.14000	5855.73351
31.15500	6055.92329
31.17000	6282.40844
31.18500	6523.71147
31.20000	6764.17357
31.21500	6984.22933
31.23000	7161.48898
31.24500	7273.29485
31.26000	7301.38351
31.27500	7237.89427
31.29000	7089.45253
31.30500	6875.66140
31.32000	6622.41503
31.33500	6354.62574
31.35000	6092.06495
31.36500	5848.43392
31.38000	5632.04521
31.39500	5446.88966
31.41000	5293.65447
31.42500	5170.65536
31.44000	5074.74050
31.45500	5001.92965
31.47000	4948.15109
31.48500	4909.67940
31.50000	4883.43917
31.51500	4867.16794
31.53000	4859.47866
31.54500	4859.86362
31.56000	4868.67203
31.57500	4887.07524
31.59000	4917.01566
31.60500	4961.11716
31.62000	5022.52558
31.63500	5104.63165
31.65000	5210.68223
31.66500	5343.22099
31.68000	5503.40029
31.69500	5690.20211
31.71000	5899.65234
31.72500	6124.15708
31.74000	6352.10349
31.75500	6567.86342
31.77000	6752.41535
31.78500	6885.05145
31.80000	6946.86126
31.81500	6925.97975
31.83000	6822.56742
31.84500	6649.91891
31.86000	6430.06231
31.87500	6186.79685
31.89000	5940.47359
31.90500	5706.00403
31.92000	5493.02156
31.93500	5306.79076
31.95000	5149.17468
31.96500	5019.50831
31.98000	4915.39205
31.99500	4833.40858
32.01000	4769.73445
32.02500	4720.61136
32.04000	4682.66015
32.05500	4653.04555
32.07000	4629.52028
32.08500	4610.38619
32.10000	4594.41010
32.11500	4580.72415
32.13000	4568.73071
32.14500	4558.02253
32.16000	4548.32119
32.17500	4539.43313
32.19000	4531.21975
32.20500	4523.57808
32.22000	4516.42861
32.23500	4509.70782
32.25000	4503.36353
32.26500	4497.35210
32.28000	4491.63642
32.29500	4486.18469
32.31000	4480.96947
32.32500	4475.96692
32.34000	4471.15627
32.35500	4466.51933
32.37000	4462.04012
32.38500	4457.70460
32.40000	4453.50031
32.41500	4449.41625
32.43000	4445.44263
32.44500	4441.57073
32.46000	4437.79276
32.47500	4434.10211
32.49000	4430.49450
32.50500	4426.96571
32.52000	4423.51306
32.53500	4420.13915
32.55000	4416.87413
32.56500	4413.59401
32.58000	4410.36820
32.59500	4407.19368
32.61000	4404.06768
32.62500	4400.98771
32.64000	4397.95138
32.65500	4394.95658
32.67000	4392.00141
32.68500	4389.08414
32.70000	4386.20319
32.71500	4383.35709
32.73000	4380.54442
32.74500	4377.76371
32.76000	4375.01295
32.77500	4372.28861
32.79000	4369.59870
32.80500	4366.94496
32.82000	4364.32051
32.83500	4361.72496
32.85000	4359.15796
32.86500	4356.61930
32.88000	4354.10885
32.89500	4351.62657
32.91000	4349.17254
32.92500	4346.74693
32.94000	4344.35003
32.95500	4341.98221
32.97000	4339.64400
32.98500	4337.33603
33.00000	4335.05907
33.01500	4332.81406
33.03000	4330.60270
33.04500	4328.42685
33.06000	4326.28869
33.07500	4324.19183
33.09000	4322.15242
33.10500	4320.13255
33.12000	4318.15310
33.13500	4316.22124
33.15000	4314.34089
33.16500	4312.51865
33.18000	4310.75931
33.19500	4309.04835
33.21000	4307.40502
33.22500	4305.83594
33.24000	4304.34843
33.25500	4302.94618
33.27000	4301.64137
33.28500	4300.44467
33.30000	4299.36861
33.31500	4298.42795
33.33000	4297.64044
33.34500	4297.02773
33.36000	4296.61704
33.37500	4296.44348
33.39000	4296.55391
33.40500	4297.01264
33.42000	4297.90994
33.43500	4299.37417
33.45000	4301.58818
33.46500	4304.81027
33.48000	4309.39900
33.49500	4315.83941
33.51000	4324.76648
33.52500	4336.97893
33.54000	4353.43458
33.55500	4375.21722
33.57000	4403.46593
33.58500	4439.26060
33.60000	4483.45818
33.61500	4536.49265
33.63000	4598.14024
33.64500	4667.27015
33.66000	4741.61766
33.67500	4817.62011
33.69000	4890.37482
33.70500	4953.81131
33.72000	5001.24926
33.73500	5026.55862
33.75000	5025.88729
33.76500	4999.25985
33.78000	4950.87431
33.79500	4887.61169
33.81000	4816.80847
33.82500	4744.55513
33.84000	4675.06813
33.85500	4610.79947
33.87000	4552.84222
33.88500	4501.40964
33.90000	4456.28183
33.91500	4417.11464
33.93000	4383.54826
33.94500	4355.18154
33.96000	4331.53769
33.97500	4312.08550
33.99000	4296.29086
34.00500	4283.67629
34.02000	4273.83897
34.03500	4266.46496
34.05000	4261.33756
34.06500	4258.37700
34.08000	4257.59527
34.09500	4259.05171
34.11000	4262.92438
34.12500	4269.46313
34.14000	4278.95949
34.15500	4291.70331
34.17000	4307.92721
34.18500	4327.74228
34.20000	4351.06998
34.21500	4377.57835
34.23000	4406.63394
34.24500	4437.28502
34.26000	4468.29747
34.27500	4498.28103
34.29000	4525.96765
34.30500	4550.68265
34.32000	4572.90070
34.33500	4594.54483
34.35000	4618.70332
34.36500	4648.83870
34.38000	4687.94243
34.39500	4737.76115
34.41000	4798.81396
34.42500	4869.98963
34.44000	4948.55074
34.45500	5030.18524
34.47000	5109.30441
34.48500	5179.80102
34.50000	5236.38749
34.51500	5276.14105
34.53000	5299.24870
34.54500	5308.13160
34.56000	5305.40222
34.57500	5292.06564
34.59000	5266.98253
34.60500	5227.72165
34.62000	5172.38690
34.63500	5101.51056
34.65000	5018.96262
34.66500	4931.28562
34.68000	4845.54434
34.69500	4768.12074
34.71000	4704.06216
34.72500	4657.16382
34.74000	4630.25079
34.75500	4625.39133
34.77000	4643.96606
34.78500	4686.60118
34.80000	4752.98871
34.81500	4841.61387
34.83000	4949.41231
34.84500	5071.39913
34.86000	5200.34466
34.87500	5326.61712
34.89000	5438.38673
34.90500	5522.52442
34.92000	5566.62192
34.93500	5562.17893
34.95000	5507.81390
34.96500	5410.30483
34.98000	5282.27735
34.99500	5138.03290
35.01000	4990.14159
35.02500	4847.98356
35.04000	4717.74045
35.05500	4602.94845
35.07000	4505.10786
35.08500	4424.21361
35.10000	4359.21324
35.11500	4308.41594
35.13000	4269.85337
35.14500	4241.55718
35.16000	4221.77575
35.17500	4209.17228
35.19000	4202.85536
35.20500	4202.43200
35.22000	4208.01009
35.23500	4220.17594
35.25000	4239.94821
35.26500	4268.70268
35.28000	4308.05753
35.29500	4359.70787
35.31000	4425.20002
35.32500	4505.64128
35.34000	4601.34754
35.35500	4711.44335
35.37000	4833.44753
35.38500	4962.90491
35.40000	5093.15377
35.41500	5215.41964
35.43000	5319.47876
35.44500	5395.10551
35.46000	5434.07626
35.47500	5431.89447
35.49000	5388.47757
35.50500	5307.73619
35.52000	5197.31919
35.53500	5067.27967
35.55000	4928.34452
35.56500	4790.00199
35.58000	4659.36334
35.59500	4540.94889
35.61000	4437.07883
35.62500	4348.50887
35.64000	4274.74749
35.65500	4214.55424
35.67000	4166.24224
35.68500	4127.94248
35.70000	4097.80692
35.71500	4074.14778
35.73000	4055.51664
35.74500	4040.73348
35.76000	4028.87969
35.77500	4019.26918
35.79000	4011.41029
35.80500	4004.96745
35.82000	3999.72861
35.83500	3995.58175
35.85000	3992.50150
35.86500	3990.54583
35.88000	3989.86170
35.89500	3990.69773
35.91000	3993.42084
35.92500	3998.53230
35.94000	4006.67700
35.95500	4018.63809
35.97000	4035.30923
35.98500	4057.63655
36.00000	4086.52469
36.01500	4122.70570
36.03000	4166.57290
36.04500	4217.98460
36.06000	4276.04623
36.07500	4338.88676
36.09000	4403.49663
36.10500	4465.59094
36.12000	4519.70675
36.13500	4559.71033
36.15000	4579.83984
36.16500	4576.30943
36.18000	4548.82973
36.19500	4500.97778
36.21000	4438.96149
36.22500	4369.60426
36.24000	4298.78747
36.25500	4230.83372
36.27000	4168.55048
36.28500	4113.51287
36.30000	4066.35835
36.31500	4027.03668
36.33000	3995.01747
36.34500	3969.47336
36.36000	3949.44645
36.37500	3933.96375
36.39000	3922.13067
36.40500	3913.18663
36.42000	3906.53349
36.43500	3901.73803
36.45000	3898.52818
36.46500	3896.80132
36.48000	3896.53449
36.49500	3897.85056
36.51000	3901.10571
36.52500	3906.77047
36.54000	3915.48118
36.55500	3928.04288
36.57000	3945.39017
36.58500	3968.46907
36.60000	3998.33780
36.61500	4035.87260
36.63000	4081.64970
36.64500	4135.74395
36.66000	4197.49940
36.67500	4265.28395
36.69000	4336.25572
36.70500	4406.19808
36.72000	4469.52767
36.73500	4519.65290
36.75000	4549.92022
36.76500	4555.24222
36.78000	4533.93605
36.79500	4488.64840
36.81000	4425.50875
36.82500	4352.01303
36.84000	4275.03857
36.85500	4199.83950
36.87000	4130.01770
36.88500	4067.63191
36.90000	4013.66335
36.91500	3968.21185
36.93000	3930.87176
36.94500	3900.82802
36.96000	3877.06468
36.97500	3858.50962
36.99000	3844.14655
37.00500	3833.07381
37.02000	3824.53651
37.03500	3818.01988
37.05000	3813.06462
37.06500	3809.38557
37.08000	3806.81408
37.09500	3805.28272
37.11000	3804.81687
37.12500	3805.53394
37.14000	3807.64942
37.15500	3811.48701
37.17000	3817.48885
37.18500	3826.22023
37.20000	3838.36202
37.21500	3854.68387
37.23000	3875.99216
37.24500	3903.04882
37.26000	3936.46006
37.27500	3976.53666
37.29000	4023.12908
37.30500	4075.44262
37.32000	4131.84443
37.33500	4189.69312
37.35000	4245.25419
37.36500	4293.81352
37.38000	4330.17010
37.39500	4349.68127
37.41000	4349.67015
37.42500	4330.79744
37.44000	4297.06910
37.45500	4254.64747
37.47000	4210.11597
37.48500	4169.30496
37.50000	4136.93862
37.51500	4116.71765
37.53000	4111.51640
37.54500	4123.52189
37.56000	4154.24848
37.57500	4204.49056
37.59000	4274.11333
37.60500	4361.80982
37.62000	4464.80457
37.63500	4578.47432
37.65000	4696.00235
37.66500	4808.21027
37.68000	4903.85711
37.69500	4970.80147
37.71000	4998.37465
37.72500	4980.63394
37.74000	4918.86373
37.75500	4821.41317
37.77000	4700.70026
37.78500	4569.30283
37.80000	4437.63548
37.81500	4313.04079
37.83000	4200.10546
37.84500	4101.24487
37.86000	4017.25177
37.87500	3947.74442
37.89000	3891.53892
37.90500	3846.94220
37.92000	3812.05178
37.93500	3784.92821
37.95000	3763.74515
37.96500	3746.87935
37.98000	3732.96657
37.99500	3720.94113
38.01000	3710.06136
38.02500	3699.89585
38.04000	3690.28992
38.05500	3681.22630
38.07000	3672.73508
38.08500	3664.85816
38.10000	3657.61817
38.11500	3651.01557
38.13000	3645.03159
38.14500	3639.63269
38.16000	3634.77625
38.17500	3630.41419
38.19000	3626.49687
38.20500	3622.97627
38.22000	3619.80748
38.23500	3616.94209
38.25000	3614.35027
38.26500	3612.11657
38.28000	3610.15817
38.29500	3608.47683
38.31000	3607.07842
38.32500	3605.98874
38.34000	3605.24591
38.35500	3604.90873
38.37000	3605.06419
38.38500	3605.83751
38.40000	3607.40443
38.41500	3610.00460
38.43000	3613.95427
38.44500	3619.65502
38.46000	3627.59448
38.47500	3638.33392
38.49000	3652.47853
38.50500	3670.63769
38.52000	3693.32899
38.53500	3720.90333
38.55000	3753.42124
38.56500	3790.49883
38.58000	3831.20219
38.59500	3873.85112
38.61000	3915.90774
38.62500	3953.96402
38.64000	3983.97097
38.65500	4001.86896
38.67000	4004.64512
38.68500	3991.46644
38.70000	3964.16217
38.71500	3926.59312
38.73000	3883.30654
38.74500	3838.38355
38.76000	3795.00001
38.77500	3755.10137
38.79000	3719.85787
38.80500	3689.80012
38.82000	3664.99732
38.83500	3645.20094
38.85000	3629.96551
38.86500	3618.75196
38.88000	3611.01343
38.89500	3606.26228
38.91000	3604.11847
38.92500	3604.34251
38.94000	3606.85628
38.95500	3611.76737
38.97000	3619.36682
38.98500	3630.15318
39.00000	3644.83668
39.01500	3664.33948
39.03000	3689.78173
39.04500	3722.40931
39.06000	3763.58111
39.07500	3814.60738
39.09000	3876.60449
39.10500	3950.29028
39.12000	4035.73667
39.13500	4132.09368
39.15000	4237.31871
39.16500	4347.98025
39.18000	4459.25521
39.19500	4565.25864
39.21000	4659.74684
39.22500	4737.05749
39.24000	4793.13656
39.25500	4826.61934
39.27000	4839.68621
39.28500	4837.74657
39.30000	4827.51343
39.31500	4814.32911
39.33000	4800.19043
39.34500	4783.18757
39.36000	4758.31053
39.37500	4719.41204
39.39000	4661.93511
39.40500	4585.33106
39.42000	4493.67270
39.43500	4394.00049
39.45000	4293.68727
39.46500	4198.49275
39.48000	4111.94538
39.49500	4035.49963
39.51000	3969.04857
39.52500	3911.48184
39.54000	3861.23696
39.55500	3816.79399
39.57000	3777.02482
39.58500	3741.35586
39.60000	3709.67517
39.61500	3682.14197
39.63000	3659.03091
39.64500	3640.62987
39.66000	3627.25434
39.67500	3619.13200
39.69000	3616.72822
39.70500	3620.53176
39.72000	3631.09521
39.73500	3648.98360
39.75000	3674.69164
39.76500	3708.52878
39.78000	3750.47228
39.79500	3799.98702
39.81000	3855.81251
39.82500	3915.72930
39.84000	3976.35602
39.85500	4033.08591
39.87000	4080.36307
39.88500	4112.54237
39.90000	4125.40883
39.91500	4117.87920
39.93000	4092.87689
39.94500	4056.61112
39.96000	4016.47245
39.97500	3979.44504
39.99000	3951.14499
40.00500	3935.66106
40.02000	3935.69812
40.03500	3952.72236
40.05000	3986.99950
40.06500	4037.54722
40.08000	4101.98046
40.09500	4176.33754
40.11000	4254.98096
40.12500	4330.78624
40.14000	4395.91187
40.15500	4443.32986
40.17000	4468.75602
40.18500	4471.88302
40.20000	4455.94192
40.21500	4425.85761
40.23000	4386.31558
40.24500	4340.48658
40.26000	4289.58388
40.27500	4233.10849
40.29000	4169.82239
40.30500	4099.17512
40.32000	4022.39429
40.33500	3942.48007
40.35000	3863.19193
40.36500	3787.88390
40.38000	3718.87896
40.39500	3657.42366
40.41000	3603.92371
40.42500	3558.21292
40.44000	3519.76404
40.45500	3487.83750
40.47000	3461.58705
40.48500	3440.13996
40.50000	3422.65733
40.51500	3408.37298
40.53000	3396.61538
40.54500	3386.94697
40.56000	3378.88050
40.57500	3372.09942
40.59000	3366.37913
40.60500	3361.57286
40.62000	3357.59907
40.63500	3354.43117
40.65000	3352.08943
40.66500	3350.63411
40.68000	3350.15850
40.69500	3350.78027
40.71000	3352.63013
40.72500	3355.83706
40.74000	3360.50993
40.75500	3366.71541
40.77000	3374.45170
40.78500	3383.61748
40.80000	3393.97718
40.81500	3405.12960
40.83000	3416.49855
40.84500	3427.38011
40.86000	3437.08724
40.87500	3445.19916
40.89000	3451.83089
40.90500	3457.72885
40.92000	3464.07664
40.93500	3472.10295
40.95000	3482.71116
40.96500	3496.25620
40.98000	3512.45282
40.99500	3530.35987
41.01000	3548.42367
41.02500	3564.59411
41.04000	3576.53320
41.05500	3581.93466
41.07000	3578.99075
41.08500	3566.97795
41.10000	3546.66030
41.11500	3520.13085
41.13000	3490.10897
41.14500	3459.16163
41.16000	3429.25665
41.17500	3401.68232
41.19000	3377.15773
41.20500	3355.98207
41.22000	3338.16136
41.23500	3323.50542
41.25000	3311.70332
41.26500	3302.38365
41.28000	3295.16209
41.29500	3289.67630
41.31000	3285.60848
41.32500	3282.69674
41.34000	3280.73769
41.35500	3279.58299
41.37000	3279.13266
41.38500	3279.32735
41.40000	3280.14142
41.41500	3281.57772
41.43000	3283.66483
41.44500	3286.45728
41.46000	3290.03930
41.47500	3294.53301
41.49000	3300.11207
41.50500	3307.02223
41.52000	3315.60993
41.53500	3326.35954
41.55000	3339.93834
41.56500	3357.24544
41.58000	3379.45785
41.59500	3408.06233
41.61000	3444.85841
41.62500	3491.91562
41.64000	3551.46904
41.65500	3625.74109
41.67000	3716.68341
41.68500	3825.63515
41.70000	3952.89291
41.71500	4097.18648
41.73000	4254.98149
41.74500	4419.83473
41.76000	4581.68603
41.77500	4726.73944
41.79000	4838.53941
41.80500	4900.97707
41.82000	4903.08010
41.83500	4843.53950
41.85000	4731.75972
41.86500	4584.24107
41.88000	4418.85709
41.89500	4250.59505
41.91000	4090.03871
41.92500	3943.70423
41.94000	3814.98737
41.95500	3705.06043
41.97000	3613.56288
41.98500	3539.12561
42.00000	3479.78615
42.01500	3433.32784
42.03000	3397.54076
42.04500	3370.41005
42.06000	3350.23239
42.07500	3335.67516
42.09000	3325.77347
42.10500	3319.93975
42.12000	3317.92150
42.13500	3319.76940
42.15000	3325.80494
42.16500	3336.58354
42.18000	3352.84938
42.19500	3375.47550
42.21000	3405.38311
42.22500	3443.43493
42.24000	3490.29656
42.25500	3546.25661
42.27000	3610.99319
42.28500	3683.28036
42.30000	3760.66314
42.31500	3839.20704
42.33000	3913.54156
42.34500	3977.49530
42.36000	4025.47901
42.37500	4054.20827
42.39000	4063.66352
42.40500	4056.35993
42.42000	4035.39066
42.43500	4002.78127
42.45000	3959.26849
42.46500	3905.43620
42.48000	3842.85170
42.49500	3774.38573
42.51000	3703.41743
42.52500	3633.09594
42.54000	3565.79040
42.55500	3503.19043
42.57000	3446.46916
42.58500	3396.32477
42.60000	3352.98889
42.61500	3316.28774
42.63000	3285.75502
42.64500	3260.77595
42.66000	3240.68838
42.67500	3224.81098
42.69000	3212.53744
42.70500	3203.34228
42.72000	3196.78670
42.73500	3192.51254
42.75000	3190.22779
42.76500	3189.68579
42.78000	3190.66024
42.79500	3192.92020
42.81000	3196.20995
42.82500	3200.24905
42.84000	3204.75686
42.85500	3209.47641
42.87000	3214.48603
42.88500	3220.10751
42.90000	3226.91343
42.91500	3235.54792
42.93000	3246.53264
42.94500	3260.13055
42.96000	3276.27298
42.97500	3294.50613
42.99000	3313.91991
43.00500	3333.07587
43.02000	3350.02666
43.03500	3362.56458
43.05000	3368.79488
43.06500	3367.85709
43.08000	3360.44497
43.09500	3348.68097
43.11000	3335.32373
43.12500	3322.97411
43.14000	3313.60528
43.15500	3308.44416
43.17000	3308.01812
43.18500	3312.21863
43.20000	3320.33214
43.21500	3331.05735
43.23000	3342.56193
43.24500	3352.64659
43.26000	3359.09835
43.27500	3360.14855
43.29000	3355.06119
43.30500	3344.44943
43.32000	3330.09205
43.33500	3314.32095
43.35000	3299.39676
43.36500	3287.19268
43.38000	3279.18852
43.39500	3276.61609
43.41000	3280.62613
43.42500	3292.42216
43.44000	3313.34549
43.45500	3344.90478
43.47000	3388.76698
43.48500	3446.62639
43.50000	3520.01813
43.51500	3610.07929
43.53000	3717.18230
43.54500	3840.46694
43.56000	3977.23193
43.57500	4122.19818
43.59000	4266.78142
43.60500	4398.80117
43.62000	4503.26979
43.63500	4565.13061
43.65000	4573.87833
43.66500	4528.04056
43.68000	4436.36434
43.69500	4314.42316
43.71000	4179.10791
43.72500	4044.51655
43.74000	3920.50604
43.75500	3813.02088
43.77000	3724.96881
43.78500	3656.99208
43.80000	3607.98066
43.81500	3575.37561
43.83000	3555.35984
43.84500	3543.06975
43.86000	3533.01032
43.87500	3519.85725
43.89000	3499.62516
43.90500	3470.72936
43.92000	3434.20059
43.93500	3392.92620
43.95000	3350.11063
43.96500	3308.47551
43.98000	3269.87593
43.99500	3235.37551
44.01000	3205.45003
44.02500	3180.17529
44.04000	3159.36808
44.05500	3142.68951
44.07000	3129.73232
44.08500	3120.06057
44.10000	3113.29958
44.11500	3109.17369
44.13000	3107.52177
44.14500	3108.32516
44.16000	3111.71899
44.17500	3117.99397
44.19000	3127.58686
44.20500	3141.05665
44.22000	3159.04293
44.23500	3182.20321
44.25000	3211.12672
44.26500	3246.22153
44.28000	3287.56874
44.29500	3334.73209
44.31000	3386.51149
44.32500	3440.65356
44.34000	3493.60317
44.35500	3540.50054
44.37000	3575.73541
44.38500	3594.29262
44.40000	3593.55614
44.41500	3574.68301
44.43000	3542.27510
44.44500	3502.64214
44.46000	3461.89589
44.47500	3424.92334
44.49000	3395.32037
44.50500	3375.63457
44.52000	3367.84117
44.53500	3373.62674
44.55000	3394.60073
44.56500	3432.29167
44.58000	3488.19396
44.59500	3563.64014
44.61000	3659.57481
44.62500	3776.21033
44.64000	3912.51706
44.65500	4065.51490
44.67000	4229.40019
44.68500	4394.75687
44.70000	4548.44535
44.71500	4675.06878
44.73000	4760.62562
44.74500	4797.43646
44.76000	4787.32059
44.77500	4740.09658
44.79000	4668.10076
44.80500	4580.69236
44.82000	4481.95771
44.83500	4371.97742
44.85000	4250.12072
44.86500	4118.12726
44.88000	3980.95544
44.89500	3845.34578
44.91000	3717.45414
44.92500	3601.46035
44.94000	3499.39834
44.95500	3411.65666
44.97000	3337.58654
44.98500	3275.95837
45.00000	3225.27341
45.01500	3183.97177
45.03000	3150.53293
45.04500	3123.55932
45.06000	3101.82127
45.07500	3084.27779
45.09000	3070.07838
45.10500	3058.55067
45.12000	3049.17886
45.13500	3041.57764
45.15000	3035.46571
45.16500	3030.64252
45.18000	3026.96908
45.19500	3024.35289
45.21000	3022.73725
45.22500	3022.09146
45.24000	3022.42071
45.25500	3023.77168
45.27000	3026.18124
45.28500	3029.73496
45.30000	3034.55589
45.31500	3040.81330
45.33000	3048.73482
45.34500	3058.55212
45.36000	3070.65971
45.37500	3085.51905
45.39000	3103.71335
45.40500	3125.97460
45.42000	3153.21254
45.43500	3186.53920
45.45000	3227.27952
45.46500	3276.94851
45.48000	3337.19510
45.49500	3409.71755
45.51000	3496.16583
45.52500	3598.11123
45.54000	3717.08785
45.55500	3854.58675
45.57000	4011.71500
45.58500	4188.27382
45.60000	4381.33598
45.61500	4583.76939
45.63000	4783.43105
45.64500	4964.02863
45.66000	5108.57501
45.67500	5205.01636
45.69000	5250.97985
45.70500	5253.52432
45.72000	5223.29654
45.73500	5167.50116
45.75000	5086.70280
45.76500	4977.00660
45.78000	4835.68065
45.79500	4666.06972
45.81000	4478.52046
45.82500	4286.82106
45.84000	4103.57361
45.85500	3937.69491
45.87000	3794.23327
45.88500	3675.38578
45.90000	3581.50945
45.91500	3511.96570
45.93000	3465.60114
45.94500	3440.98751
45.96000	3436.49152
45.97500	3450.22941
45.99000	3479.91464
46.00500	3522.58808
46.02000	3574.25758
46.03500	3629.57464
46.05000	3681.70224
46.06500	3722.61295
46.08000	3744.11435
46.09500	3739.79509
46.11000	3707.40486
46.12500	3650.15612
46.14000	3575.49525
46.15500	3492.35998
46.17000	3408.44705
46.18500	3329.09546
46.20000	3257.38731
46.21500	3194.77162
46.23000	3141.58345
46.24500	3097.47945
46.26000	3061.72952
46.27500	3033.40510
46.29000	3011.54796
46.30500	2995.29647
46.32000	2983.94513
46.33500	2977.00289
46.35000	2974.21608
46.36500	2975.56685
46.38000	2981.24981
46.39500	2991.62853
46.41000	3007.17204
46.42500	3028.37165
46.44000	3055.63196
46.45500	3089.13695
46.47000	3128.61389
46.48500	3173.13632
46.50000	3220.75902
46.51500	3268.18077
46.53000	3310.64996
46.54500	3342.46198
46.56000	3358.38946
46.57500	3355.64637
46.59000	3335.31342
46.60500	3301.98575
46.62000	3261.78941
46.63500	3220.29494
46.65000	3181.44599
46.66500	3147.50096
46.68000	3119.47765
46.69500	3097.72624
46.71000	3082.46441
46.72500	3074.14260
46.74000	3073.56842
46.75500	3081.75026
46.77000	3099.67452
46.78500	3128.11951
46.80000	3167.50635
46.81500	3217.72344
46.83000	3277.78537
46.84500	3345.46661
46.86000	3416.71486
46.87500	3485.22298
46.89000	3542.69903
46.90500	3580.28535
46.92000	3591.31903
46.93500	3574.25929
46.95000	3533.66049
46.96500	3477.94815
46.98000	3415.84110
46.99500	3353.75625
47.01000	3295.02108
47.02500	3240.37153
47.04000	3189.03345
47.05500	3139.93809
47.07000	3092.66488
47.08500	3047.69186
47.10000	3005.98655
47.11500	2968.41973
47.13000	2935.44301
47.14500	2907.08377
47.16000	2883.08790
47.17500	2863.06282
47.19000	2846.58081
47.20500	2833.23022
47.22000	2822.64239
47.23500	2814.50399
47.25000	2808.56086
47.26500	2804.60074
47.28000	2802.44167
47.29500	2801.95083
47.31000	2802.97859
47.32500	2805.33749
47.34000	2808.70465
47.35500	2812.66154
47.37000	2816.60485
47.38500	2819.81929
47.40000	2821.66243
47.41500	2821.84503
47.43000	2820.64802
47.44500	2818.89485
47.46000	2817.68796
47.47500	2818.11147
47.49000	2821.06330
47.50500	2827.21475
47.52000	2837.02694
47.53500	2850.65485
47.55000	2868.00180
47.56500	2888.56281
47.58000	2911.21120
47.59500	2934.02236
47.61000	2954.19708
47.62500	2968.36895
47.64000	2973.45098
47.65500	2967.82406
47.67000	2952.15528
47.68500	2929.11165
47.70000	2902.16178
47.71500	2874.39188
47.73000	2847.95826
47.74500	2824.10569
47.76000	2803.40834
47.77500	2786.01895
47.79000	2771.84106
47.80500	2760.64905
47.82000	2752.14537
47.83500	2746.06059
47.85000	2742.16414
47.86500	2740.30171
47.88000	2740.40889
47.89500	2742.55538
47.91000	2746.86829
47.92500	2753.56963
47.94000	2762.93265
47.95500	2775.24024
47.97000	2790.72730
47.98500	2809.50002
48.00000	2831.41847
48.01500	2855.92830
48.03000	2881.84538
48.04500	2907.16342
48.06000	2929.02608
48.07500	2944.21589
48.09000	2950.13685
48.10500	2946.01778
48.12000	2933.44361
48.13500	2915.63917
48.15000	2896.22115
48.16500	2878.09755
48.18000	2863.13805
48.19500	2852.27502
48.21000	2845.71165
48.22500	2842.97570
48.24000	2843.19039
48.25500	2845.06490
48.27000	2847.22680
48.28500	2848.62476
48.30000	2849.13136
48.31500	2849.52113
48.33000	2851.24032
48.34500	2855.71070
48.36000	2864.14457
48.37500	2877.26187
48.39000	2895.29427
48.40500	2917.93437
48.42000	2944.23597
48.43500	2972.56202
48.45000	3000.78017
48.46500	3026.88295
48.48000	3050.07867
48.49500	3071.72118
48.51000	3095.28333
48.52500	3125.25997
48.54000	3165.90128
48.55500	3220.29467
48.57000	3289.89877
48.58500	3374.13402
48.60000	3469.71982
48.61500	3569.82519
48.63000	3663.35761
48.64500	3735.68595
48.66000	3771.81809
48.67500	3761.88238
48.69000	3705.96352
48.70500	3614.25891
48.72000	3502.12671
48.73500	3384.09046
48.75000	3270.54566
48.76500	3167.50481
48.78000	3077.70505
48.79500	3001.79164
48.81000	2939.19757
48.82500	2888.77195
48.84000	2849.06246
48.85500	2818.54973
48.87000	2795.82485
48.88500	2779.65153
48.90000	2769.00869
48.91500	2763.08205
48.93000	2761.21813
48.94500	2762.85075
48.96000	2767.42207
48.97500	2774.35086
48.99000	2783.11622
49.00500	2793.48623
49.02000	2805.78211
49.03500	2820.92650
49.05000	2840.14572
49.06500	2864.49911
49.08000	2894.37736
49.09500	2929.10835
49.11000	2966.59214
49.12500	3003.03035
49.14000	3033.05631
49.15500	3050.68622
49.17000	3051.21873
49.18500	3033.11386
49.20000	2998.84924
49.21500	2953.75768
49.23000	2903.89080
49.24500	2854.19426
49.26000	2807.85973
49.27500	2766.52141
49.29000	2730.73795
49.30500	2700.42120
49.32000	2675.12839
49.33500	2654.24430
49.35000	2637.09448
49.36500	2623.01888
49.38000	2611.41792
49.39500	2601.78248
49.41000	2593.66078
49.42500	2586.73639
49.44000	2580.75061
49.45500	2575.50320
49.47000	2570.84843
49.48500	2566.68537
49.50000	2562.94020
49.51500	2559.55395
49.53000	2556.48743
49.54500	2553.71400
49.56000	2551.21522
49.57500	2548.97809
49.59000	2547.02828
49.60500	2545.34793
49.62000	2543.94525
49.63500	2542.82633
49.65000	2541.99446
49.66500	2541.44745
49.68000	2541.12586
49.69500	2540.97766
49.71000	2540.89838
49.72500	2540.76674
49.74000	2540.44084
49.75500	2539.90307
49.77000	2539.24757
49.78500	2538.65945
49.80000	2538.34151
49.81500	2538.44346
49.83000	2539.02147
49.84500	2540.01565
49.86000	2541.22979
49.87500	2542.32197
49.89000	2542.84277
49.90500	2542.36141
49.92000	2540.60830
49.93500	2537.64712
49.95000	2533.82984
49.96500	2529.63367
49.98000	2525.45734
49.99500	2521.56143
50.01000	2518.08011
50.02500	2515.06178
50.04000	2512.50527
50.05500	2510.38390
50.07000	2508.65978
50.08500	2507.29248
50.10000	2506.24476
50.11500	2505.48686
50.13000	2504.99846
50.14500	2504.75368
50.16000	2504.75738
50.17500	2505.01954
50.19000	2505.55569
50.20500	2506.39680
50.22000	2507.58920
50.23500	2509.19876
50.25000	2511.31673
50.26500	2514.06718
50.28000	2517.61521
50.29500	2522.17457
50.31000	2528.01979
50.32500	2535.47991
50.34000	2544.94405
50.35500	2556.79809
50.37000	2571.49925
50.38500	2589.40869
50.40000	2610.75119
50.41500	2635.43889
50.43000	2662.81029
50.44500	2691.27773
50.46000	2718.04263
50.47500	2739.21654
50.49000	2750.65399
50.50500	2749.74334
50.52000	2736.79198
50.53500	2714.97993
50.55000	2688.73360
50.56500	2661.96230
50.58000	2637.25432
50.59500	2615.96031
50.61000	2598.60150
50.62500	2585.23253
50.64000	2575.68220
50.65500	2569.68585
50.67000	2566.95059
50.68500	2567.18519
50.70000	2570.10625
50.71500	2575.44645
50.73000	2582.96779
50.74500	2592.45497
50.76000	2603.63242
50.77500	2615.98135
50.79000	2628.51987
50.80500	2639.79642
50.82000	2648.23907
50.83500	2652.84070
50.85000	2653.81834
50.86500	2652.64382
50.88000	2651.40672
50.89500	2652.09566
50.91000	2656.27849
50.92500	2665.16035
50.94000	2679.78087
50.95500	2701.19138
50.97000	2730.56360
50.98500	2769.22717
51.00000	2818.63126
51.01500	2880.20256
51.03000	2955.03919
51.04500	3043.36956
51.06000	3143.74845
51.07500	3252.24013
51.09000	3362.06088
51.10500	3464.48046
51.12000	3551.01615
51.13500	3615.06407
51.15000	3651.45921
51.16500	3655.25656
51.18000	3623.02720
51.19500	3556.76436
51.21000	3465.77272
51.22500	3363.68569
51.24000	3263.48279
51.25500	3174.52448
51.27000	3102.28814
51.28500	3049.42826
51.30000	3016.99550
51.31500	3005.31243
51.33000	3014.47234
51.34500	3044.50365
51.36000	3095.19165
51.37500	3165.60950
51.39000	3253.08043
51.40500	3351.69236
51.42000	3450.77701
51.43500	3534.71488
51.45000	3585.99270
51.46500	3591.96505
51.48000	3551.62948
51.49500	3476.45990
51.51000	3384.32193
51.52500	3291.99112
51.54000	3211.16575
51.55500	3148.07852
51.57000	3104.59515
51.58500	3079.20205
51.60000	3067.38834
51.61500	3061.80033
51.63000	3053.12211
51.64500	3032.56262
51.66000	2995.43828
51.67500	2943.29525
51.69000	2882.33442
51.70500	2819.72812
51.72000	2760.79933
51.73500	2708.35313
51.75000	2663.27563
51.76500	2625.32216
51.78000	2593.70996
51.79500	2567.44066
51.81000	2545.50640
51.82500	2527.04902
51.84000	2511.41300
51.85500	2498.14164
51.87000	2486.90727
51.88500	2477.45622
51.90000	2469.58877
51.91500	2463.15189
51.93000	2458.03676
51.94500	2454.16497
51.96000	2451.47690
51.97500	2449.90820
51.99000	2449.33940
52.00500	2449.53259
52.02000	2450.06030
52.03500	2450.28242
52.05000	2449.45838
52.06500	2447.02959
52.08000	2442.92362
52.09500	2437.60485
52.11000	2431.80329
52.12500	2426.13879
52.14000	2421.03191
52.15500	2416.67017
52.17000	2413.10772
52.18500	2410.32532
52.20000	2408.28197
52.21500	2406.93832
52.23000	2406.27680
52.24500	2406.26762
52.26000	2406.93807
52.27500	2408.34453
52.29000	2410.57945
52.30500	2413.78344
52.32000	2418.15281
52.33500	2423.94717
52.35000	2431.49176
52.36500	2441.20461
52.38000	2453.53422
52.39500	2468.98244
52.41000	2488.01367
52.42500	2510.91469
52.44000	2537.51602
52.45500	2566.73194
52.47000	2596.03868
52.48500	2621.26681
52.50000	2637.36825
52.51500	2640.47698
52.53000	2630.21103
52.54500	2610.11353
52.56000	2585.64558
52.57500	2561.69356
52.59000	2541.43206
52.60500	2526.44922
52.62000	2517.37624
52.63500	2514.36573
52.65000	2517.30381
52.66500	2525.88933
52.68000	2539.37128
52.69500	2556.17307
52.71000	2573.46714
52.72500	2587.16677
52.74000	2592.92648
52.75500	2588.10571
52.77000	2573.39565
52.78500	2552.40133
52.80000	2529.50869
52.81500	2508.07729
52.83000	2489.91688
52.84500	2475.63925
52.86000	2465.14248
52.87500	2457.92736
52.89000	2453.26202
52.90500	2450.32891
52.92000	2448.43054
52.93500	2447.26138
52.95000	2447.09819
52.96500	2448.54760
52.98000	2452.27360
52.99500	2458.91739
53.01000	2469.05456
53.02500	2483.22132
53.04000	2501.88192
53.05500	2525.26490
53.07000	2553.00944
53.08500	2583.63530
53.10000	2614.08395
53.11500	2639.94303
53.13000	2656.99846
53.14500	2663.68114
53.16000	2662.30523
53.17500	2657.47169
53.19000	2653.02278
53.20500	2649.92420
53.22000	2646.29724
53.23500	2638.99879
53.25000	2626.04162
53.26500	2608.23859
53.28000	2588.70419
53.29500	2571.00428
53.31000	2557.74415
53.32500	2550.37177
53.34000	2549.60959
53.35500	2555.92535
53.37000	2569.82951
53.38500	2591.99118
53.40000	2623.17792
53.41500	2663.95499
53.43000	2714.00192
53.44500	2770.92911
53.46000	2828.92232
53.47500	2878.19359
53.49000	2907.16956
53.50500	2907.98016
53.52000	2881.75490
53.53500	2838.19992
53.55000	2789.54838
53.56500	2744.90740
53.58000	2708.53222
53.59500	2680.90027
53.61000	2660.45970
53.62500	2645.28893
53.64000	2634.40964
53.65500	2628.24078
53.67000	2628.10768
53.68500	2635.57363
53.70000	2652.05021
53.71500	2678.99611
53.73000	2718.10194
53.74500	2771.37107
53.76000	2840.86399
53.77500	2927.86479
53.79000	3031.10283
53.80500	3143.93460
53.82000	3251.56566
53.83500	3331.50026
53.85000	3361.08356
53.86500	3330.58913
53.88000	3250.75035
53.89500	3145.74098
53.91000	3039.04657
53.92500	2945.31011
53.94000	2870.39792
53.95500	2814.57879
53.97000	2775.07601
53.98500	2747.25609
54.00000	2725.24175
54.01500	2703.16818
54.03000	2677.14977
54.04500	2646.92206
54.06000	2615.30582
54.07500	2585.80846
54.09000	2560.87536
54.10500	2541.58618
54.12000	2528.13378
54.13500	2520.39809
54.15000	2518.25764
54.16500	2521.73001
54.18000	2531.10163
54.19500	2546.90962
54.21000	2569.90551
54.22500	2600.90647
54.24000	2640.51809
54.25500	2688.50109
54.27000	2742.84787
54.28500	2798.80438
54.30000	2848.54368
54.31500	2882.64330
54.33000	2893.41061
54.34500	2878.24922
54.36000	2840.73608
54.37500	2788.78619
54.39000	2731.33778
54.40500	2675.62564
54.42000	2626.09146
54.43500	2584.63967
54.45000	2551.48738
54.46500	2525.98707
54.48000	2507.16031
54.49500	2493.95773
54.51000	2485.33988
54.52500	2480.32497
54.54000	2478.10888
54.55500	2478.27628
54.57000	2480.96014
54.58500	2486.78220
54.60000	2496.63139
54.61500	2511.47963
54.63000	2532.30245
54.64500	2560.10460
54.66000	2595.84707
54.67500	2640.21960
54.69000	2693.15243
54.70500	2753.01668
54.72000	2815.71116
54.73500	2874.39404
54.75000	2920.95600
54.76500	2949.42334
54.78000	2959.05190
54.79500	2953.73434
54.81000	2937.82535
54.82500	2912.66564
54.84000	2877.05829
54.85500	2830.61710
54.87000	2776.24057
54.88500	2719.31616
54.90000	2665.23532
54.91500	2617.51769
54.93000	2577.69630
54.94500	2546.05776
54.96000	2522.27035
54.97500	2505.80714
54.99000	2496.11244
55.00500	2492.68809
55.02000	2495.16429
55.03500	2502.86746
55.05000	2514.73825
55.06500	2528.87934
55.08000	2542.26502
55.09500	2550.97719
55.11000	2551.35138
55.12500	2541.68911
55.14000	2523.22891
55.15500	2499.37437
55.17000	2473.88869
55.18500	2449.56041
55.20000	2427.89933
55.21500	2409.44630
55.23000	2394.18809
55.24500	2381.85876
55.26000	2372.11046
55.27500	2364.60173
55.29000	2359.03847
55.30500	2355.18173
55.32000	2352.86164
55.33500	2352.00916
55.35000	2352.62011
55.36500	2354.74344
55.38000	2358.52262
55.39500	2364.18029
55.41000	2372.01631
55.42500	2382.40063
55.44000	2395.75668
55.45500	2412.52584
55.47000	2433.09587
55.48500	2457.66143
55.50000	2485.97312
55.51500	2516.94506
55.53000	2548.18819
55.54500	2575.76128
55.56000	2594.67370
55.57500	2600.50685
55.59000	2591.55499
55.60500	2569.85240
55.62000	2540.06652
55.63500	2507.24990
55.65000	2475.20916
55.66500	2446.11082
55.68000	2420.83862
55.69500	2399.50164
55.71000	2381.81923
55.72500	2367.35203
55.74000	2355.62231
55.75500	2346.16868
55.77000	2338.60412
55.78500	2332.58966
55.80000	2327.83262
55.81500	2324.11014
55.83000	2321.25181
55.84500	2319.13248
55.86000	2317.66515
55.87500	2316.79530
55.89000	2316.49626
55.90500	2316.76585
55.92000	2317.62665
55.93500	2319.12157
55.95000	2321.31117
55.96500	2324.27417
55.98000	2328.10192
55.99500	2332.89060
56.01000	2338.72701
56.02500	2345.66269
56.04000	2353.66791
56.05500	2362.56294
56.07000	2371.92841
56.08500	2381.03588
56.10000	2388.94741
56.11500	2394.72408
56.13000	2397.84076
56.14500	2398.54326
56.16000	2397.76773
56.17500	2396.75032
56.19000	2396.63337
56.20500	2398.28946
56.22000	2402.33981
56.23500	2409.25078
56.25000	2419.42928
56.26500	2433.24768
56.28000	2451.07937
56.29500	2473.26782
56.31000	2500.05524
56.32500	2531.44197
56.34000	2566.95279
56.35500	2605.32064
56.37000	2644.20767
56.38500	2680.25637
56.40000	2709.83301
56.41500	2730.47714
56.43000	2742.29756
56.44500	2748.18577
56.46000	2752.56971
56.47500	2759.66757
56.49000	2772.31493
56.50500	2791.62324
56.52000	2817.18013
56.53500	2847.53511
56.55000	2880.82942
56.56500	2915.24877
56.58000	2948.80950
56.59500	2978.46900
56.61000	2999.39182
56.62500	3005.56078
56.64000	2992.04378
56.65500	2957.65708
56.67000	2905.94903
56.68500	2843.65238
56.70000	2777.93564
56.71500	2714.38200
56.73000	2656.39640
56.74500	2605.56000
56.76000	2562.24927
56.77500	2526.17423
56.79000	2496.70614
56.80500	2473.05552
56.82000	2454.38803
56.83500	2439.85177
56.85000	2428.58012
56.86500	2419.69103
56.88000	2412.31862
56.89500	2405.70362
56.91000	2399.32252
56.92500	2392.97615
56.94000	2386.76307
56.95500	2380.95121
56.97000	2375.83506
56.98500	2371.65012
57.00000	2368.55317
57.01500	2366.63996
57.03000	2365.97329
57.04500	2366.60570
57.06000	2368.59408
57.07500	2372.00625
57.09000	2376.91946
57.10500	2383.40994
57.12000	2391.53227
57.13500	2401.29392
57.15000	2412.64083
57.16500	2425.47872
57.18000	2439.75678
57.19500	2455.58709
57.21000	2473.25375
57.22500	2493.15829
57.24000	2515.58208
57.25500	2540.39575
57.27000	2566.77584
57.28500	2593.00557
57.30000	2616.51550
57.31500	2634.38029
57.33000	2644.31289
57.34500	2645.73888
57.36000	2640.22087
57.37500	2630.85977
57.39000	2621.14015
57.40500	2613.98007
57.42000	2611.30989
57.43500	2614.04314
57.45000	2622.15209
57.46500	2634.67361
57.48000	2649.63759
57.49500	2664.06892
57.51000	2674.31982
57.52500	2676.91773
57.54000	2669.77213
57.55500	2652.95666
57.57000	2628.62706
57.58500	2600.00806
57.60000	2570.24425
57.61500	2541.71659
57.63000	2515.90741
57.64500	2493.57314
57.66000	2474.98851
57.67500	2460.15263
57.69000	2448.92193
57.70500	2441.11116
57.72000	2436.63261
57.73500	2435.32919
57.75000	2437.18005
57.76500	2442.26876
57.78000	2450.79435
57.79500	2463.07414
57.81000	2479.53720
57.82500	2500.70735
57.84000	2527.17369
57.85500	2559.54629
57.87000	2598.39032
57.88500	2644.12520
57.90000	2696.86530
57.91500	2756.17032
57.93000	2820.68013
57.94500	2887.65952
57.96000	2952.61161
57.97500	3009.32060
57.99000	3050.78268
58.00500	3071.15260
58.02000	3067.96429
58.03500	3043.19684
58.05000	3002.33441
58.06500	2952.07545
58.08000	2898.14041
58.09500	2844.21724
58.11000	2792.04881
58.12500	2742.15615
58.14000	2694.67728
58.15500	2649.91370
58.17000	2608.44352
58.18500	2570.89315
58.20000	2537.71775
58.21500	2509.05115
58.23000	2484.77763
58.24500	2464.61262
58.26000	2448.19650
58.27500	2435.16278
58.29000	2425.17830
58.30500	2417.96218
58.32000	2413.29028
58.33500	2410.99005
58.35000	2410.92810
58.36500	2412.99182
58.38000	2417.06692
58.39500	2423.01451
58.41000	2430.65311
58.42500	2439.74713
58.44000	2449.98957
58.45500	2460.96025
58.47000	2472.04956
58.48500	2482.39268
58.50000	2490.90693
58.51500	2496.50702
58.53000	2498.44957
58.54500	2496.60730
58.56000	2491.46500
58.57500	2483.83372
58.59000	2474.50318
58.60500	2464.06008
58.62000	2452.92141
58.63500	2441.46567
58.65000	2430.11613
58.66500	2419.32113
58.68000	2409.47345
58.69500	2400.85272
58.71000	2393.61118
58.72500	2387.79694
58.74000	2383.39020
58.75500	2380.33660
58.77000	2378.57221
58.78500	2378.04041
58.80000	2378.70278
58.81500	2380.54547
58.83000	2383.58330
58.84500	2387.86343
58.86000	2393.45937
58.87500	2400.47411
58.89000	2409.03483
58.90500	2419.28647
58.92000	2431.38204
58.93500	2445.46818
58.95000	2461.66348
58.96500	2480.02503
58.98000	2500.49901
58.99500	2522.85596
59.01000	2546.62694
59.02500	2571.08387
59.04000	2595.33012
59.05500	2618.54758
59.07000	2640.35014
59.08500	2661.06578
59.10000	2681.75011
59.11500	2703.89543
59.13000	2728.99511
59.14500	2758.15813
59.16000	2791.85955
59.17500	2829.82118
59.19000	2871.03063
59.20500	2913.95348
59.22000	2956.98868
59.23500	2999.06022
59.25000	3040.03881
59.26500	3080.67940
59.28000	3122.04674
59.29500	3164.71761
59.31000	3208.14910
59.32500	3250.37647
59.34000	3288.27659
59.35500	3318.48485
59.37000	3338.75459
59.38500	3349.18745
59.40000	3352.57153
59.41500	3353.56180
59.43000	3357.19372
59.44500	3367.50174
59.46000	3386.68184
59.47500	3414.80197
59.49000	3449.91251
59.50500	3488.47646
59.52000	3526.06518
59.53500	3558.13249
59.55000	3580.55859
59.56500	3589.79242
59.58000	3582.80256
59.59500	3557.23667
59.61000	3511.98611
59.62500	3447.88575
59.64000	3368.05154
59.65500	3277.44925
59.67000	3181.78992
59.68500	3086.33487
59.70000	2995.13354
59.71500	2910.82468
59.73000	2834.81769
59.74500	2767.61291
59.76000	2709.10690
59.77500	2658.82585
59.79000	2616.08910
59.80500	2580.11582
59.82000	2550.09132
59.83500	2525.27503
59.85000	2504.90375
59.86500	2488.30640
59.88000	2474.87510
59.89500	2464.10850
59.91000	2455.54686
59.92500	2448.74916
59.94000	2443.34201
59.95500	2439.01728
59.97000	2435.56021
59.98500	2432.88206
60.00000	2431.02817
60.01500	2430.15425
60.03000	2430.48062
60.04500	2432.24596
60.06000	2435.67372
60.07500	2440.95686
60.09000	2448.24755
60.10500	2457.63275
60.12000	2469.26212
60.13500	2483.04200
60.15000	2498.81939
60.16500	2516.25555
60.18000	2534.78971
60.19500	2553.62279
60.21000	2571.77604
60.22500	2588.25334
60.24000	2602.28136
60.25500	2613.52875
60.27000	2622.24287
60.28500	2629.17314
60.30000	2635.42123
60.31500	2642.29086
60.33000	2651.08696
60.34500	2662.94412
60.36000	2678.69291
60.37500	2698.76521
60.39000	2723.11853
60.40500	2751.16631
60.42000	2781.73720
60.43500	2813.12443
60.45000	2843.28582
60.46500	2870.19401
60.48000	2892.22153
60.49500	2908.37568
60.51000	2918.26980
60.52500	2921.90042
60.54000	2919.43024
60.55500	2911.12381
60.57000	2897.40401
60.58500	2878.87983
60.60000	2856.27271
60.61500	2830.30301
60.63000	2801.64261
60.64500	2770.92990
60.66000	2738.77269
60.67500	2705.72987
60.69000	2672.32065
60.70500	2639.08175
60.72000	2606.61864
60.73500	2575.58690
60.75000	2546.60651
60.76500	2520.16923
60.78000	2496.59292
60.79500	2476.03291
60.81000	2458.52717
60.82500	2444.04598
60.84000	2432.52836
60.85500	2423.90157
60.87000	2418.08873
60.88500	2415.00985
60.90000	2414.57960
60.91500	2416.70116
60.93000	2421.25440
60.94500	2428.07812
60.96000	2436.93794
60.97500	2447.50532
60.99000	2459.29342
61.00500	2471.58996
61.02000	2483.45832
61.03500	2493.76106
61.05000	2501.28868
61.06500	2504.98678
61.08000	2504.22175
61.09500	2498.97253
61.11000	2489.84621
61.12500	2477.90039
61.14000	2464.40528
61.15500	2450.53121
61.17000	2437.25350
61.18500	2425.29715
61.20000	2415.16006
61.21500	2407.16006
61.23000	2401.48009
61.24500	2398.20158
61.26000	2397.32448
61.27500	2398.77558
61.29000	2402.40547
61.30500	2407.97713
61.32000	2415.13898
61.33500	2423.39253
61.35000	2432.06567
61.36500	2440.31064
61.38000	2447.16228
61.39500	2451.68142
61.41000	2453.15908
61.42500	2451.33644
61.44000	2446.46278
61.45500	2439.21542
61.47000	2430.52092
61.48500	2421.33765
61.50000	2412.51364
61.51500	2404.72812
61.53000	2398.51457
61.54500	2394.27776
61.56000	2392.33140
61.57500	2392.94240
61.59000	2396.34607
61.60500	2402.75651
61.62000	2412.36864
61.63500	2425.35303
61.65000	2441.84244
61.66500	2461.91335
61.68000	2485.55130
61.69500	2512.63378
61.71000	2542.87295
61.72500	2575.66679
61.74000	2610.08229
61.75500	2644.74494
61.77000	2677.80084
61.78500	2706.98981
61.80000	2729.88100
61.81500	2744.27507
61.83000	2748.66238
61.84500	2742.58968
61.86000	2726.79031
61.87500	2703.00330
61.89000	2673.56357
61.90500	2640.92355
61.92000	2607.27722
61.93500	2574.35229
61.95000	2543.42963
61.96500	2515.33284
61.98000	2490.48853
61.99500	2469.10610
62.01000	2451.22672
62.02500	2436.78720
62.04000	2425.66620
62.05500	2417.71296
62.07000	2412.76008
62.08500	2410.62563
62.10000	2411.11312
62.11500	2414.01818
62.13000	2419.14891
62.14500	2426.36087
62.16000	2435.59607
62.17500	2446.90689
62.19000	2460.46533
62.20500	2476.46687
62.22000	2495.09123
62.23500	2516.40727
62.25000	2540.29301
62.26500	2566.36627
62.28000	2593.93537
62.29500	2621.99247
62.31000	2649.28109
62.32500	2674.45571
62.34000	2696.29938
62.35500	2713.91448
62.37000	2726.77065
62.38500	2734.58427
62.40000	2737.12353
62.41500	2734.10142
62.43000	2725.26345
62.44500	2710.63310
62.46000	2690.75441
62.47500	2666.76380
62.49000	2640.24123
62.50500	2612.93106
62.52000	2586.47572
62.53500	2562.25429
62.55000	2541.33649
62.56500	2524.51298
62.58000	2512.35614
62.59500	2505.28039
62.61000	2503.58804
62.62500	2507.49742
62.64000	2517.15498
62.65500	2532.63310
62.67000	2553.91592
62.68500	2580.87157
62.70000	2613.21076
62.71500	2650.45200
62.73000	2691.77048
62.74500	2735.96546
62.76000	2781.31704
62.77500	2825.50604
62.79000	2865.67357
62.80500	2898.59990
62.82000	2921.13516
62.83500	2930.76851
62.85000	2926.19057
62.86500	2907.62477
62.88000	2876.77484
62.89500	2836.40500
62.91000	2789.73357
62.92500	2739.87126
62.94000	2689.45644
62.95500	2640.51255
62.97000	2594.46626
62.98500	2552.24419
63.00000	2514.38726
63.01500	2481.15163
63.03000	2452.58689
63.04500	2428.59330
63.06000	2408.96267
63.07500	2393.40836
63.09000	2381.58624
63.10500	2373.10284
63.12000	2367.52298
63.13500	2364.36425
63.15000	2363.08610
63.16500	2363.07791
63.18000	2363.65722
63.19500	2364.09401
63.21000	2363.67421
63.22500	2361.80058
63.24000	2358.10294
63.25500	2352.51076
63.27000	2345.25013
63.28500	2336.76504
63.30000	2327.60137
63.31500	2318.30150
63.33000	2309.33852
63.34500	2301.09226
63.36000	2293.85367
63.37500	2287.84070
63.39000	2283.21876
63.40500	2280.11012
63.42000	2278.64585
63.43500	2278.92646
63.45000	2281.02002
63.46500	2284.99839
63.48000	2290.92211
63.49500	2298.83666
63.51000	2308.76734
63.52500	2320.70675
63.54000	2334.65129
63.55500	2350.48435
63.57000	2368.02827
63.58500	2386.99142
63.60000	2406.93426
63.61500	2427.24522
63.63000	2447.14904
63.64500	2465.77026
63.66000	2482.27302
63.67500	2496.05361
63.69000	2506.92492
63.70500	2515.20811
63.72000	2521.67960
63.73500	2527.39260
63.75000	2533.44851
63.76500	2540.79622
63.78000	2550.09808
63.79500	2561.65971
63.81000	2575.40219
63.82500	2590.85888
63.84000	2607.19287
63.85500	2623.24223
63.87000	2637.60220
63.88500	2648.74916
63.90000	2655.20508
63.91500	2655.73591
63.93000	2649.56370
63.94500	2636.54097
63.96000	2617.21653
63.97500	2592.73931
63.99000	2564.64563
64.00500	2534.55299
64.02000	2503.91747
64.03500	2473.90960
64.05000	2445.36078
64.06500	2418.77991
64.08000	2394.40135
64.09500	2372.24464
64.11000	2352.17919
64.12500	2333.99219
64.14000	2317.45479
64.15500	2302.37568
64.17000	2288.62937
64.18500	2276.15484
64.20000	2264.93286
64.21500	2254.95816
64.23000	2246.22095
64.24500	2238.70361
64.26000	2232.38984
64.27500	2227.27819
64.29000	2223.39160
64.30500	2220.77808
64.32000	2219.50289
64.33500	2219.63613
64.35000	2221.23990
64.36500	2224.35748
64.38000	2229.00437
64.39500	2235.15979
64.41000	2242.75672
64.42500	2251.66851
64.44000	2261.69098
64.45500	2272.51974
64.47000	2283.72567
64.48500	2294.73609
64.50000	2304.83579
64.51500	2313.20597
64.53000	2319.01529
64.54500	2321.55781
64.56000	2320.40282
64.57500	2315.49953
64.59000	2307.18872
64.60500	2296.11522
64.62000	2283.08222
64.63500	2268.90625
64.65000	2254.31477
64.66500	2239.89763
64.68000	2226.09975
64.69500	2213.23941
64.71000	2201.52314
64.72500	2191.13741
64.74000	2182.15260
64.75500	2174.62514
64.77000	2168.58652
64.78500	2164.05156
64.80000	2161.02389
64.81500	2159.49945
64.83000	2159.46850
64.84500	2160.91610
64.86000	2163.82127
64.87500	2168.15436
64.89000	2173.87259
64.90500	2180.91327
64.92000	2189.18429
64.93500	2198.55139
64.95000	2208.82243
64.96500	2219.72979
64.98000	2230.91446
64.99500	2241.91826
65.01000	2252.19358
65.02500	2261.13961
65.04000	2268.16868
65.05500	2272.79396
65.07000	2274.71618
65.08500	2273.88110
65.10000	2270.48816
65.11500	2264.94881
65.13000	2257.81048
65.14500	2249.66901
65.16000	2241.08999
65.17500	2232.55163
65.19000	2224.41244
65.20500	2216.90128
65.22000	2210.12410
65.23500	2204.08320
65.25000	2198.70699
65.26500	2193.88890
65.28000	2189.53003
65.29500	2185.57580
65.31000	2182.03616
65.32500	2178.98347
65.34000	2176.53179
65.35500	2174.80757
65.37000	2173.92209
65.38500	2173.95154
65.40000	2174.92637
65.41500	2176.82923
65.43000	2179.59978
65.44500	2183.14411
65.46000	2187.34506
65.47500	2192.07062
65.49000	2197.17880
65.50500	2202.51982
65.52000	2207.93775
65.53500	2213.27002
65.55000	2218.33877
65.56500	2222.94044
65.58000	2226.81764
65.59500	2229.64822
65.61000	2231.06874
65.62500	2230.72596
65.64000	2228.35711
65.65500	2223.86919
65.67000	2217.38324
65.68500	2209.22323
65.70000	2199.85475
65.71500	2189.80064
65.73000	2179.56378
65.74500	2169.57584
65.76000	2160.17445
65.77500	2151.60149
65.79000	2144.01255
65.80500	2137.48954
65.82000	2132.05205
65.83500	2127.66592
65.85000	2124.24935
65.86500	2121.67882
65.88000	2119.79758
65.89500	2118.42996
65.91000	2117.40334
65.92500	2116.57602
65.94000	2115.86502
65.95500	2115.26505
65.97000	2114.85152
65.98500	2114.76634
66.00000	2115.19287
66.01500	2116.32713
66.03000	2118.37160
66.04500	2121.51999
66.06000	2125.91303
66.07500	2131.67754
66.09000	2138.91223
66.10500	2147.68591
66.12000	2158.03365
66.13500	2169.95015
66.15000	2183.38103
66.16500	2198.20999
66.18000	2214.24587
66.19500	2231.21382
66.21000	2248.75359
66.22500	2266.43319
66.24000	2283.78470
66.25500	2300.36460
66.27000	2315.84531
66.28500	2330.05108
66.30000	2343.03503
66.31500	2355.06474
66.33000	2366.56039
66.34500	2377.99091
66.36000	2389.76202
66.37500	2402.10959
66.39000	2415.09863
66.40500	2428.42436
66.42000	2441.52154
66.43500	2453.55622
66.45000	2463.49977
66.46500	2470.25605
66.48000	2472.82848
66.49500	2470.49074
66.51000	2462.91251
66.52500	2450.20331
66.54000	2432.86982
66.55500	2411.71229
66.57000	2387.69827
66.58500	2361.84473
66.60000	2335.12529
66.61500	2308.40743
66.63000	2282.41731
66.64500	2257.72677
66.66000	2234.75633
66.67500	2213.78774
66.69000	2194.98102
66.70500	2178.39179
66.72000	2163.98669
66.73500	2151.65587
66.75000	2141.22343
66.76500	2132.45750
66.78000	2125.08265
66.79500	2118.80435
66.81000	2113.32694
66.82500	2108.39417
66.84000	2103.82018
66.85500	2099.51329
66.87000	2095.48176
66.88500	2091.82022
66.90000	2088.68297
66.91500	2086.25377
66.93000	2084.72060
66.94500	2084.25901
66.96000	2085.02357
66.97500	2087.14469
66.99000	2090.72802
67.00500	2095.85416
67.02000	2102.57734
67.03500	2110.92232
67.05000	2120.87892
67.06500	2132.39383
67.08000	2145.35925
67.09500	2159.59875
67.11000	2174.85205
67.12500	2190.76259
67.14000	2206.87515
67.15500	2222.65267
67.17000	2237.52072
67.18500	2250.94070
67.20000	2262.49951
67.21500	2271.98943
67.23000	2279.44867
67.24500	2285.14267
67.26000	2289.48311
67.27500	2292.92671
67.29000	2295.86694
67.30500	2298.54992
67.32000	2301.02257
67.33500	2303.11522
67.35000	2304.45963
67.36500	2304.54400
67.38000	2302.80470
67.39500	2298.74364
67.41000	2292.04743
67.42500	2282.67414
67.44000	2270.90096
67.45500	2257.21140
67.47000	2242.25286
67.48500	2226.71279
67.50000	2211.22885
67.51500	2196.33267
67.53000	2182.42596
67.54500	2169.77876
67.56000	2158.53875
67.57500	2148.74367
67.59000	2140.33374
67.60500	2133.16426
67.62000	2127.02070
67.63500	2121.63827
67.65000	2116.72636
67.66500	2111.99565
67.68000	2107.18401
67.69500	2102.07799
67.71000	2096.52884
67.72500	2090.46299
67.74000	2083.88870
67.75500	2076.88777
67.77000	2069.65695
67.78500	2062.40145
67.80000	2055.36397
67.81500	2048.79333
67.83000	2042.92335
67.84500	2037.96299
67.86000	2034.09333
67.87500	2031.46905
67.89000	2030.22161
67.90500	2030.46247
67.92000	2032.28552
67.93500	2035.76717
67.95000	2040.96579
67.96500	2047.91974
67.98000	2056.64372
67.99500	2067.12420
68.01000	2079.31388
68.02500	2093.12542
68.04000	2108.42457
68.05500	2125.02249
68.07000	2142.66716
68.08500	2161.03376
68.10000	2179.71606
68.11500	2198.22297
68.13000	2215.98771
68.14500	2232.39689
68.16000	2246.84223
68.17500	2258.78826
68.19000	2267.83933
68.20500	2273.78631
68.22000	2276.61940
68.23500	2276.50593
68.25000	2273.74274
68.26500	2268.69651
68.28000	2261.74552
68.29500	2253.23388
68.31000	2243.44823
68.32500	2232.62044
68.34000	2220.95229
68.35500	2208.64834
68.37000	2195.94049
68.38500	2183.09105
68.40000	2170.37358
68.41500	2158.03924
68.43000	2146.28222
68.44500	2135.21590
68.46000	2124.86656
68.47500	2115.18358
68.49000	2106.06605
68.50500	2097.39470
68.52000	2089.11223
68.53500	2081.19159
68.55000	2073.61906
68.56500	2066.43636
68.58000	2059.69446
68.59500	2053.42659
68.61000	2047.62694
68.62500	2042.23894
68.64000	2037.15335
68.65500	2032.21589
68.67000	2027.23913
68.68500	2022.04684
68.70000	2016.45815
68.71500	2010.34424
68.73000	2003.64169
68.74500	1996.36281
68.76000	1988.59156
68.77500	1980.46620
68.79000	1972.15456
68.80500	1963.82935
68.82000	1955.64916
68.83500	1947.74739
68.85000	1940.22845
68.86500	1933.16895
68.88000	1926.62157
68.89500	1920.61976
68.91000	1915.18229
68.92500	1910.31715
68.94000	1906.02478
68.95500	1902.30055
68.97000	1899.13690
68.98500	1896.52498
69.00000	1894.45589
69.01500	1892.92194
69.03000	1891.91738
69.04500	1891.43907
69.06000	1891.48668
69.07500	1892.06280
69.09000	1893.17261
69.10500	1894.82320
69.12000	1897.02260
69.13500	1899.77836
69.15000	1903.09711
69.16500	1906.98129
69.18000	1911.42659
69.19500	1916.42055
69.21000	1921.93924
69.22500	1927.94384
69.24000	1934.37690
69.25500	1941.15830
69.27000	1948.19188
69.28500	1955.36211
69.30000	1962.52715
69.31500	1969.54270
69.33000	1976.26705
69.34500	1982.56939
69.36000	1988.33281
69.37500	1993.45119
69.39000	1997.82134
69.40500	2001.34367
69.42000	2003.91374
69.43500	2005.44627
69.45000	2005.89654
69.46500	2005.28567
69.48000	2003.71709
69.49500	2001.37685
69.51000	1998.51682
69.52500	1995.42658
69.54000	1992.40255
69.55500	1989.72196
69.57000	1987.62542
69.58500	1986.30810
69.60000	1985.91723
69.61500	1986.55321
69.63000	1988.27154
69.64500	1991.08476
69.66000	1994.96294
69.67500	1999.83330
69.69000	2005.57950
69.70500	2012.04209
69.72000	2019.02255
69.73500	2026.29252
69.75000	2033.61033
69.76500	2040.74344
69.78000	2047.49419
69.79500	2053.72503
69.81000	2059.37712
69.82500	2064.47770
69.84000	2069.13327
69.85500	2073.50905
69.87000	2077.79813
69.88500	2082.18640
69.90000	2086.81952
69.91500	2091.77596
69.93000	2097.04807
69.94500	2102.53041
69.96000	2108.01512
69.97500	2113.19475
69.99000	2117.67523
70.00500	2121.00321
70.02000	2122.71028
70.03500	2122.37261
70.05000	2119.67654
70.06500	2114.47416
70.08000	2106.81195
70.09500	2096.92207
70.11000	2085.19325
70.12500	2072.09842
70.14000	2058.12545
70.15500	2043.73943
70.17000	2029.34508
70.18500	2015.27147
70.20000	2001.77001
70.21500	1989.01986
70.23000	1977.13645
70.24500	1966.18037
70.26000	1956.16535
70.27500	1947.06555
70.29000	1938.82263
70.30500	1931.35368
70.32000	1924.56049
70.33500	1918.33934
70.35000	1912.59039
70.36500	1907.24372
70.38000	1902.25686
70.39500	1897.59160
70.41000	1893.24129
70.42500	1889.21392
70.44000	1885.52458
70.45500	1882.19196
70.47000	1879.22668
70.48500	1876.63637
70.50000	1874.41917
70.51500	1872.56488
70.53000	1871.05159
70.54500	1869.85157
70.56000	1868.96090
70.57500	1868.34481
70.59000	1867.94594
70.60500	1867.71431
70.62000	1867.59568
70.63500	1867.53504
70.65000	1867.48123
70.66500	1867.39238
70.68000	1867.24082
70.69500	1867.01637
70.71000	1866.72743
70.72500	1866.39976
70.74000	1866.07371
70.75500	1865.80062
70.77000	1865.63760
70.78500	1865.64385
70.80000	1865.87317
70.81500	1866.42832
70.83000	1867.34744
70.84500	1868.68742
70.86000	1870.49749
70.87500	1872.84070
70.89000	1875.77087
70.90500	1879.31939
70.92000	1883.51674
70.93500	1888.42130
70.95000	1894.07495
70.96500	1900.48434
70.98000	1907.66715
70.99500	1915.63416
71.01000	1924.38915
71.02500	1933.92843
71.04000	1944.23946
71.05500	1955.29813
71.07000	1967.06424
71.08500	1979.47599
71.10000	1992.44489
71.11500	2005.85312
71.13000	2019.55566
71.14500	2033.38829
71.16000	2047.18121
71.17500	2060.77600
71.19000	2074.04198
71.20500	2086.88805
71.22000	2099.26653
71.23500	2111.16779
71.25000	2122.60558
71.26500	2133.59498
71.28000	2144.12605
71.29500	2154.13759
71.31000	2163.49608
71.32500	2171.98431
71.34000	2179.30320
71.35500	2185.08797
71.37000	2188.93824
71.38500	2190.45979
71.40000	2189.31359
71.41500	2185.26567
71.43000	2178.22874
71.44500	2168.28547
71.46000	2155.68648
71.47500	2140.82216
71.49000	2124.17823
71.50500	2106.27597
71.52000	2087.62773
71.53500	2068.69966
71.55000	2049.89101
71.56500	2031.52655
71.58000	2013.85849
71.59500	1997.07347
71.61000	1981.30182
71.62500	1966.62692
71.64000	1953.09358
71.65500	1940.71535
71.67000	1929.48080
71.68500	1919.35936
71.70000	1910.30693
71.71500	1902.27117
71.73000	1895.19612
71.74500	1889.02552
71.76000	1883.70473
71.77500	1879.18128
71.79000	1875.40475
71.80500	1872.32657
71.82000	1869.90044
71.83500	1868.08346
71.85000	1866.83736
71.86500	1866.12964
71.88000	1865.94580
71.89500	1866.28215
71.91000	1867.13778
71.92500	1868.52559
71.94000	1870.46273
71.95500	1872.97710
71.97000	1876.07909
71.98500	1879.77288
72.00000	1884.04701
72.01500	1888.87011
72.03000	1894.18754
72.04500	1899.91862
72.06000	1905.95474
72.07500	1912.15869
72.09000	1918.36554
72.10500	1924.38475
72.12000	1930.00843
72.13500	1935.02324
72.15000	1939.22795
72.16500	1942.45460
72.18000	1944.58869
72.19500	1945.58209
72.21000	1945.45337
72.22500	1944.29345
72.24000	1942.22493
72.25500	1939.37129
72.27000	1935.86041
72.28500	1931.76988
72.30000	1927.14261
72.31500	1921.98197
72.33000	1916.26239
72.34500	1909.96689
72.36000	1903.09261
72.37500	1895.66069
72.39000	1887.74777
72.40500	1879.47961
72.42000	1871.02208
72.43500	1862.56487
