3.00000	523.86188
3.01500	522.90041
3.03000	521.95355
3.04500	521.01669
3.06000	520.09660
3.07500	519.19307
3.09000	518.30588
3.10500	517.43481
3.12000	516.57965
3.13500	515.74019
3.15000	514.91622
3.16500	514.10753
3.18000	513.31391
3.19500	512.53517
3.21000	511.77110
3.22500	511.02150
3.24000	510.28618
3.25500	509.56494
3.27000	508.85758
3.28500	508.16392
3.30000	507.48377
3.31500	506.81694
3.33000	506.16325
3.34500	505.52250
3.36000	504.89453
3.37500	504.27915
3.39000	503.67618
3.40500	503.08546
3.42000	502.50679
3.43500	501.94002
3.45000	501.38498
3.46500	500.84149
3.48000	500.30939
3.49500	499.78852
3.51000	499.27872
3.52500	498.77982
3.54000	498.29167
3.55500	497.81410
3.57000	497.34698
3.58500	496.89014
3.60000	496.44343
3.61500	496.00670
3.63000	495.57982
3.64500	495.16262
3.66000	494.75498
3.67500	494.35675
3.69000	493.96778
3.70500	493.58795
3.72000	493.21711
3.73500	492.85514
3.75000	492.50190
3.76500	492.15726
3.78000	491.82110
3.79500	491.49329
3.81000	491.17369
3.82500	490.86221
3.84000	490.55870
3.85500	490.26306
3.87000	489.97517
3.88500	489.69491
3.90000	489.42217
3.91500	489.15684
3.93000	488.89882
3.94500	488.64800
3.96000	488.40427
3.97500	488.16753
3.99000	487.93768
4.00500	487.71462
4.02000	487.49827
4.03500	487.28851
4.05000	487.08527
4.06500	486.88846
4.08000	486.69798
4.09500	486.51375
4.11000	486.33569
4.12500	486.16373
4.14000	485.99777
4.15500	485.83775
4.17000	485.68360
4.18500	485.53524
4.20000	485.39261
4.21500	485.25564
4.23000	485.12426
4.24500	484.99845
4.26000	484.87820
4.27500	484.76346
4.29000	484.65419
4.30500	484.55034
4.32000	484.45188
4.33500	484.35876
4.35000	484.27097
4.36500	484.18845
4.38000	484.11120
4.39500	484.03920
4.41000	483.97241
4.42500	483.91084
4.44000	483.85448
4.45500	483.80332
4.47000	483.75738
4.48500	483.71665
4.50000	483.68116
4.51500	483.65093
4.53000	483.62598
4.54500	483.60637
4.56000	483.59213
4.57500	483.58332
4.59000	483.58002
4.60500	483.58231
4.62000	483.59028
4.63500	483.60405
4.65000	483.62377
4.66500	483.64960
4.68000	483.68176
4.69500	483.72052
4.71000	483.76626
4.72500	483.81950
4.74000	483.88108
4.75500	483.95259
4.77000	484.03825
4.78500	484.16573
4.80000	484.23929
4.81500	484.31950
4.83000	484.40654
4.84500	484.50064
4.86000	484.60200
4.87500	484.71089
4.89000	484.82756
4.90500	484.95229
4.92000	485.08540
4.93500	485.22722
4.95000	485.37811
4.96500	485.53845
4.98000	485.70868
4.99500	485.88926
5.01000	486.08066
5.02500	486.28345
5.04000	486.49818
5.05500	486.72551
5.07000	486.96612
5.08500	487.22076
5.10000	487.49025
5.11500	487.77548
5.13000	488.07743
5.14500	488.39717
5.16000	488.73588
5.17500	489.09486
5.19000	489.47554
5.20500	489.87950
5.22000	490.30851
5.23500	490.76452
5.25000	491.24971
5.26500	491.76655
5.28000	492.31781
5.29500	492.90661
5.31000	493.53653
5.32500	494.21163
5.34000	494.93663
5.35500	495.71698
5.37000	496.55911
5.38500	497.47074
5.40000	498.46143
5.41500	499.54375
5.43000	500.73540
5.44500	502.06333
5.46000	503.57079
5.47500	505.32842
5.49000	507.44934
5.50500	510.10625
5.52000	513.54591
5.53500	518.09386
5.55000	524.14134
5.56500	532.10851
5.58000	542.38134
5.59500	555.23037
5.61000	570.74292
5.62500	588.81207
5.64000	609.18943
5.65500	631.56258
5.67000	655.62174
5.68500	681.10325
5.70000	707.80964
5.71500	735.61127
5.73000	764.43645
5.74500	794.25691
5.76000	825.07417
5.77500	856.90896
5.79000	889.79441
5.80500	923.77217
5.82000	958.89046
5.83500	995.20336
5.85000	1032.77059
5.86500	1071.65772
5.88000	1111.93651
5.89500	1153.68540
5.91000	1196.99010
5.92500	1241.94425
5.94000	1288.65035
5.95500	1337.22064
5.97000	1387.77826
5.98500	1440.45862
6.00000	1495.41083
6.01500	1552.79959
6.03000	1612.80721
6.04500	1675.63614
6.06000	1741.51185
6.07500	1810.68629
6.09000	1883.44206
6.10500	1960.09737
6.12000	2041.01207
6.13500	2126.59500
6.15000	2217.31304
6.16500	2313.70236
6.18000	2416.38256
6.19500	2526.07462
6.21000	2643.62420
6.22500	2770.03211
6.24000	2906.49565
6.25500	3054.46570
6.27000	3215.72915
6.28500	3392.53220
6.30000	3587.77089
6.31500	3805.28797
6.33000	4050.31984
6.34500	4330.10118
6.36000	4654.50093
6.37500	5036.39668
6.39000	5490.83130
6.40500	6031.92914
6.42000	6666.40680
6.43500	7383.64330
6.45000	8144.39119
6.46500	8872.55430
6.48000	9455.31497
6.49500	9755.66989
6.51000	9641.49612
6.52500	9038.00969
6.54000	7990.83447
6.55500	6673.00353
6.57000	5301.73090
6.58500	4049.87792
6.60000	3015.70082
6.61500	2230.10125
6.63000	1675.48194
6.64500	1307.36954
6.66000	1073.82256
6.67500	928.63044
6.69000	837.19869
6.70500	776.81209
6.72000	734.03591
6.73500	701.52683
6.75000	675.44931
6.76500	653.79716
6.78000	635.46045
6.79500	619.75959
6.81000	606.24179
6.82500	594.58024
6.84000	584.52930
6.85500	575.89680
6.87000	568.52363
6.88500	562.26880
6.90000	557.00185
6.91500	552.60181
6.93000	548.95932
6.94500	545.97873
6.96000	543.57893
6.97500	541.69311
6.99000	540.26739
7.00500	539.25895
7.02000	538.63395
7.03500	538.36576
7.05000	538.43335
7.06500	538.82030
7.08000	539.51395
7.09500	540.50493
7.11000	541.78678
7.12500	543.35575
7.14000	545.21063
7.15500	547.35267
7.17000	549.78559
7.18500	552.51560
7.20000	555.55149
7.21500	558.90477
7.23000	562.58992
7.24500	566.62466
7.26000	571.03033
7.27500	575.83242
7.29000	581.06116
7.30500	586.75237
7.32000	592.94848
7.33500	599.69990
7.35000	607.06679
7.36500	615.12149
7.38000	623.95176
7.39500	633.66556
7.41000	644.39795
7.42500	656.32171
7.44000	669.66357
7.45500	684.72835
7.47000	701.93193
7.48500	721.83809
7.50000	745.18197
7.51500	772.84248
7.53000	805.70517
7.54500	844.35366
7.56000	888.56597
7.57500	936.68540
7.59000	985.05505
7.60500	1027.77761
7.62000	1057.03526
7.63500	1064.19474
7.65000	1042.17621
7.66500	989.37175
7.68000	912.64055
7.69500	824.88892
7.71000	738.85661
7.72500	663.21685
7.74000	602.13939
7.75500	556.23568
7.77000	523.77631
7.78500	501.88998
7.80000	487.54335
7.81500	478.15312
7.83000	471.82220
7.84500	467.30918
7.86000	463.87251
7.87500	461.09740
7.89000	458.75908
7.90500	456.73404
7.92000	454.95001
7.93500	453.36055
7.95000	451.93303
7.96500	450.64304
7.98000	449.47176
7.99500	448.40446
8.01000	447.42966
8.02500	446.53868
8.04000	445.72536
8.05500	444.98622
8.07000	444.32090
8.08500	443.73311
8.10000	443.23193
8.11500	442.83359
8.13000	442.56306
8.14500	442.44999
8.16000	442.54123
8.17500	442.87881
8.19000	443.50434
8.20500	444.46444
8.22000	445.78252
8.23500	447.46089
8.25000	449.48330
8.26500	451.82240
8.28000	454.44770
8.29500	457.33129
8.31000	460.45136
8.32500	463.79356
8.34000	467.35094
8.35500	471.12309
8.37000	475.11487
8.38500	479.33531
8.40000	483.79677
8.41500	488.51446
8.43000	493.50624
8.44500	498.79269
8.46000	504.39731
8.47500	510.34693
8.49000	516.67213
8.50500	523.40793
8.52000	530.59454
8.53500	538.27838
8.55000	546.51331
8.56500	555.36229
8.58000	564.89950
8.59500	575.21321
8.61000	586.40978
8.62500	598.61929
8.64000	612.00403
8.65500	626.77110
8.67000	643.19144
8.68500	661.62662
8.70000	682.56259
8.71500	706.64198
8.73000	734.67295
8.74500	767.57382
8.76000	806.19809
8.77500	850.99080
8.79000	901.47315
8.80500	955.63927
8.82000	1009.44334
8.83500	1056.59584
8.85000	1088.86139
8.86500	1097.12189
8.88000	1073.83539
8.89500	1017.23849
8.91000	934.55707
8.92500	839.47097
8.94000	745.54348
8.95500	662.05841
8.97000	593.59585
8.98500	541.07825
9.00000	503.00539
9.01500	476.61221
9.03000	458.82790
9.04500	446.91729
9.06000	438.77693
9.07500	432.96184
9.09000	428.56451
9.10500	425.05184
9.12000	422.12399
9.13500	419.60545
9.15000	417.39283
9.16500	415.42524
9.18000	413.65752
9.19500	412.05597
9.21000	410.59425
9.22500	409.25130
9.24000	408.00999
9.25500	406.85623
9.27000	405.77837
9.28500	404.76669
9.30000	403.81306
9.31500	402.91058
9.33000	402.05343
9.34500	401.23665
9.36000	400.45599
9.37500	399.70780
9.39000	398.98892
9.40500	398.29664
9.42000	397.62859
9.43500	396.98271
9.45000	396.35720
9.46500	395.75051
9.48000	395.16124
9.49500	394.58821
9.51000	394.03035
9.52500	393.48674
9.54000	392.95658
9.55500	392.43914
9.57000	391.93382
9.58500	391.44007
9.60000	390.95743
9.61500	390.48550
9.63000	390.02394
9.64500	389.57247
9.66000	389.13084
9.67500	388.69887
9.69000	388.27642
9.70500	387.86337
9.72000	387.45967
9.73500	387.06528
9.75000	386.68023
9.76500	386.30454
9.78000	385.93830
9.79500	385.58162
9.81000	385.23465
9.82500	384.89758
9.84000	384.57063
9.85500	384.25406
9.87000	383.94817
9.88500	383.65333
9.90000	383.36997
9.91500	383.09851
9.93000	382.83943
9.94500	382.59329
9.96000	382.36067
9.97500	382.14224
9.99000	381.93870
10.00500	381.75087
10.02000	381.57963
10.03500	381.42594
10.05000	381.29088
10.06500	381.17564
10.08000	381.08155
10.09500	381.01007
10.11000	380.96288
10.12500	380.94186
10.14000	380.94935
10.15500	380.98787
10.17000	381.05830
10.18500	381.16600
10.20000	381.32044
10.21500	381.51125
10.23000	381.73449
10.24500	382.00818
10.26000	382.33749
10.27500	382.72160
10.29000	383.17209
10.30500	383.69676
10.32000	384.30557
10.33500	385.00696
10.35000	385.81642
10.36500	386.75223
10.38000	387.83925
10.39500	389.11262
10.41000	390.62289
10.42500	392.44275
10.44000	394.67456
10.45500	397.45750
10.47000	400.97220
10.48500	405.44027
10.50000	411.11601
10.51500	418.26690
10.53000	427.14088
10.54500	437.92469
10.56000	450.71246
10.57500	465.49605
10.59000	482.20218
10.60500	500.73330
10.62000	520.99257
10.63500	542.90839
10.65000	566.44626
10.66500	591.61358
10.68000	618.45972
10.69500	647.07387
10.71000	677.58256
10.72500	710.14832
10.74000	744.97057
10.75500	782.28903
10.77000	822.39017
10.78500	865.61743
10.80000	912.38624
10.81500	963.20626
10.83000	1018.71411
10.84500	1079.72151
10.86000	1147.28297
10.87500	1222.78339
10.89000	1308.03497
10.90500	1405.31972
10.92000	1517.35714
10.93500	1647.02877
10.95000	1796.70076
10.96500	1967.11862
10.98000	2155.88359
10.99500	2355.77255
11.01000	2553.32705
11.02500	2728.17229
11.04000	2853.52067
11.05500	2898.84474
11.07000	2837.19889
11.08500	2658.95718
11.10000	2384.05948
11.11500	2056.59902
11.13000	1723.61482
11.14500	1419.10678
11.16000	1161.25426
11.17500	955.85656
11.19000	800.41271
11.20500	687.61483
11.22000	608.22042
11.23500	553.17540
11.25000	514.86650
11.26500	487.57492
11.28000	467.37223
11.29500	451.74191
11.31000	439.14793
11.32500	428.67256
11.34000	419.76110
11.35500	412.06397
11.37000	405.34130
11.38500	399.41923
11.40000	394.17133
11.41500	389.49389
11.43000	385.29424
11.44500	381.51062
11.46000	378.08619
11.47500	374.97358
11.49000	372.13300
11.50500	369.53091
11.52000	367.13882
11.53500	364.93251
11.55000	362.89141
11.56500	360.99858
11.58000	359.23399
11.59500	357.58709
11.61000	356.04612
11.62500	354.60079
11.64000	353.24206
11.65500	351.96197
11.67000	350.75350
11.68500	349.61040
11.70000	348.52714
11.71500	347.49878
11.73000	346.52089
11.74500	345.58953
11.76000	344.70112
11.77500	343.85245
11.79000	343.04060
11.80500	342.26291
11.82000	341.51694
11.83500	340.80041
11.85000	340.11118
11.86500	339.44718
11.88000	338.80634
11.89500	338.18628
11.91000	337.58421
11.92500	336.99584
11.94000	336.41155
11.95500	335.80625
11.97000	335.26935
11.98500	334.80842
12.00000	334.36616
12.01500	333.94210
12.03000	333.53586
12.04500	333.14715
12.06000	332.77575
12.07500	332.42151
12.09000	332.08440
12.10500	331.76443
12.12000	331.46173
12.13500	331.17650
12.15000	330.90906
12.16500	330.65983
12.18000	330.42932
12.19500	330.21820
12.21000	330.02727
12.22500	329.85747
12.24000	329.70996
12.25500	329.58607
12.27000	329.48739
12.28500	329.41579
12.30000	329.37348
12.31500	329.36307
12.33000	329.38770
12.34500	329.45123
12.36000	329.55844
12.37500	329.71551
12.39000	329.93068
12.40500	330.21522
12.42000	330.58480
12.43500	331.06131
12.45000	331.67491
12.46500	332.46607
12.48000	333.48727
12.49500	334.80358
12.51000	336.49168
12.52500	338.63614
12.54000	341.32171
12.55500	344.62280
12.57000	348.59285
12.58500	353.25743
12.60000	358.61861
12.61500	364.66541
12.63000	371.38483
12.64500	378.77000
12.66000	386.82601
12.67500	395.57304
12.69000	405.04850
12.70500	415.30862
12.72000	426.43022
12.73500	438.51363
12.75000	451.68745
12.76500	466.11626
12.78000	482.01198
12.79500	499.64908
12.81000	519.38233
12.82500	541.65666
12.84000	567.00884
12.85500	596.03783
12.87000	629.30770
12.88500	667.18408
12.90000	709.58694
12.91500	755.68396
12.93000	803.57558
12.94500	850.03871
12.96000	890.39444
12.97500	918.59810
12.99000	927.84813
13.00500	912.34189
13.02000	870.39266
13.03500	806.86114
13.05000	731.64486
13.06500	655.07802
13.08000	584.59543
13.09500	524.19824
13.11000	475.25245
13.12500	437.39052
13.14000	409.22723
13.15500	388.91743
13.17000	374.57302
13.18500	364.53072
13.20000	357.47835
13.21500	352.45976
13.23000	348.80519
13.24500	346.11816
13.26000	344.14162
13.27500	342.71903
13.29000	341.75513
13.30500	341.19109
13.32000	341.00165
13.33500	341.17321
13.35000	341.70274
13.36500	342.60583
13.38000	343.91152
13.39500	345.65971
13.41000	347.89448
13.42500	350.65133
13.44000	353.93696
13.45500	357.70229
13.47000	361.81197
13.48500	366.01597
13.50000	369.92892
13.51500	373.02318
13.53000	374.65295
13.54500	374.15244
13.56000	371.07328
13.57500	365.50458
13.59000	358.17599
13.60500	350.13823
13.62000	342.31512
13.63500	335.29539
13.65000	329.35587
13.66500	324.55363
13.68000	320.80780
13.69500	317.96106
13.71000	315.82918
13.72500	314.23395
13.74000	313.02367
13.75500	312.08107
13.77000	311.32213
13.78500	310.69015
13.80000	310.14838
13.81500	309.67350
13.83000	309.25059
13.84500	308.86982
13.86000	308.52449
13.87500	308.20999
13.89000	307.92543
13.90500	307.65916
13.92000	307.41069
13.93500	307.18037
13.95000	306.96641
13.96500	306.76733
13.98000	306.58189
13.99500	306.40903
14.01000	306.24786
14.02500	306.09756
14.04000	305.95745
14.05500	305.82702
14.07000	305.70578
14.08500	305.59333
14.10000	305.48932
14.11500	305.39347
14.13000	305.30554
14.14500	305.22534
14.16000	305.15272
14.17500	305.08757
14.19000	305.02984
14.20500	304.97948
14.22000	304.93651
14.23500	304.90095
14.25000	304.87289
14.26500	304.85245
14.28000	304.83983
14.29500	304.83553
14.31000	304.84076
14.32500	304.85209
14.34000	304.87217
14.35500	304.90132
14.37000	304.93996
14.38500	304.98852
14.40000	305.04754
14.41500	305.11761
14.43000	305.19943
14.44500	305.29381
14.46000	305.40174
14.47500	305.52442
14.49000	305.66352
14.50500	305.82183
14.52000	306.01003
14.53500	306.20938
14.55000	306.40981
14.56500	306.63150
14.58000	306.87645
14.59500	307.14696
14.61000	307.44568
14.62500	307.77569
14.64000	308.14060
14.65500	308.54468
14.67000	308.99312
14.68500	309.49229
14.70000	310.05025
14.71500	310.67736
14.73000	311.38718
14.74500	312.19751
14.76000	313.13095
14.77500	314.21929
14.79000	315.51810
14.80500	317.06970
14.82000	318.93937
14.83500	321.20420
14.85000	323.95161
14.86500	327.27482
14.88000	331.26737
14.89500	336.01624
14.91000	341.59446
14.92500	348.05596
14.94000	355.43664
14.95500	363.76248
14.97000	373.06074
14.98500	383.37199
15.00000	394.75876
15.01500	407.31417
15.03000	421.17001
15.04500	436.50475
15.06000	453.55037
15.07500	472.59531
15.09000	493.97876
15.10500	518.06907
15.12000	545.21765
15.13500	575.67990
15.15000	609.49767
15.16500	646.34371
15.18000	685.33784
15.19500	724.85977
15.21000	762.41412
15.22500	794.65647
15.24000	817.70889
15.25500	827.73525
15.27000	821.53713
15.28500	797.27407
15.30000	755.74019
15.31500	701.34239
15.33000	640.98860
15.34500	581.39232
15.36000	527.19638
15.37500	480.75461
15.39000	442.72261
15.40500	412.69257
15.42000	389.66549
15.43500	372.38633
15.45000	359.58000
15.46500	350.10322
15.48000	343.02096
15.49500	337.62297
15.51000	333.40110
15.52500	330.00806
15.54000	327.21346
15.55500	324.86601
15.57000	322.86526
15.58500	321.14244
15.60000	319.64840
15.61500	318.34643
15.63000	317.20802
15.64500	316.21044
15.66000	315.33516
15.67500	314.56699
15.69000	313.89330
15.70500	313.30365
15.72000	312.78944
15.73500	312.34332
15.75000	311.95802
15.76500	311.62942
15.78000	311.35338
15.79500	311.12658
15.81000	310.94647
15.82500	310.81135
15.84000	310.72100
15.85500	310.66944
15.87000	310.65977
15.88500	310.69233
15.90000	310.76818
15.91500	310.88917
15.93000	311.05805
15.94500	311.27880
15.96000	311.55706
15.97500	311.90068
15.99000	312.32055
16.00500	312.83156
16.02000	313.45370
16.03500	314.21325
16.05000	315.14377
16.06500	316.28686
16.08000	317.69215
16.09500	319.41643
16.11000	321.52349
16.12500	324.06465
16.14000	327.08485
16.15500	330.63201
16.17000	334.73385
16.18500	339.41151
16.20000	344.68706
16.21500	350.59085
16.23000	357.16805
16.24500	364.48455
16.26000	372.63245
16.27500	381.73474
16.29000	391.94719
16.30500	403.45444
16.32000	416.45567
16.33500	431.13448
16.35000	447.60859
16.36500	465.85890
16.38000	485.64177
16.39500	506.39361
16.41000	527.13248
16.42500	546.38927
16.44000	562.15501
16.45500	571.94930
16.47000	573.18711
16.48500	564.06679
16.50000	544.75189
16.51500	517.82006
16.53000	487.22934
16.54500	456.66868
16.56000	428.63262
16.57500	404.40116
16.59000	384.37939
16.60500	368.42521
16.62000	356.09090
16.63500	346.75148
16.65000	339.78499
16.66500	334.61939
16.68000	330.76384
16.69500	327.84757
16.71000	325.59791
16.72500	323.82384
16.74000	322.39634
16.75500	321.22947
16.77000	320.26576
16.78500	319.46582
16.80000	318.80168
16.81500	318.25260
16.83000	317.80274
16.84500	317.43963
16.86000	317.15332
16.87500	316.93496
16.89000	316.77835
16.90500	316.67809
16.92000	316.62979
16.93500	316.62993
16.95000	316.67571
16.96500	316.76499
16.98000	316.89616
16.99500	317.06813
17.01000	317.28026
17.02500	317.53235
17.04000	317.82460
17.05500	318.15762
17.07000	318.53240
17.08500	318.95033
17.10000	319.41321
17.11500	319.92328
17.13000	320.48328
17.14500	321.09646
17.16000	321.76663
17.17500	322.49830
17.19000	323.29673
17.20500	324.16814
17.22000	325.11991
17.23500	326.16111
17.25000	327.30160
17.26500	328.54825
17.28000	329.91886
17.29500	331.43062
17.31000	333.10484
17.32500	334.96830
17.34000	337.05500
17.35500	339.40837
17.37000	342.08328
17.38500	345.13726
17.40000	348.71897
17.41500	352.92935
17.43000	357.88652
17.44500	363.77816
17.46000	370.81009
17.47500	379.21618
17.49000	389.25241
17.50500	401.18508
17.52000	415.27436
17.53500	431.76075
17.55000	450.86442
17.56500	472.79957
17.58000	497.79594
17.59500	526.12109
17.61000	558.09951
17.62500	594.12454
17.64000	634.66059
17.65500	680.22497
17.67000	731.33790
17.68500	788.42860
17.70000	851.69354
17.71500	920.89717
17.73000	995.13302
17.74500	1072.58728
17.76000	1150.37273
17.77500	1224.46796
17.79000	1289.67480
17.80500	1339.52932
17.82000	1366.60154
17.83500	1364.13257
17.85000	1329.16895
17.86500	1265.03458
17.88000	1180.25652
17.89500	1084.72918
17.91000	986.85131
17.92500	892.99295
17.94000	807.65641
17.95500	733.35515
17.97000	670.68246
17.98500	618.90085
18.00000	576.75189
18.01500	543.03033
18.03000	516.72769
18.04500	496.93627
18.06000	482.78695
18.07500	473.48054
18.09000	468.33934
18.10500	466.82827
18.12000	468.54217
18.13500	473.16890
18.15000	480.43960
18.16500	490.06833
18.18000	501.68099
18.19500	514.74238
18.21000	528.48250
18.22500	541.82772
18.24000	553.34984
18.25500	561.28270
18.27000	563.73147
18.28500	559.23375
18.30000	547.58890
18.31500	530.34088
18.33000	510.28230
18.34500	490.31930
18.36000	472.64363
18.37500	458.56425
18.39000	448.70060
18.40500	443.21820
18.42000	442.00555
18.43500	444.80141
18.45000	451.29535
18.46500	461.20716
18.48000	474.34260
18.49500	490.62358
18.51000	510.09324
18.52500	532.89610
18.54000	559.23181
18.55500	589.27999
18.57000	623.09295
18.58500	660.46118
18.60000	700.75826
18.61500	742.77084
18.63000	784.52860
18.64500	823.14328
18.66000	854.70827
18.67500	874.43034
18.69000	877.37089
18.70500	860.14727
18.72000	823.07676
18.73500	770.94240
18.75000	711.15378
18.76500	650.76951
18.78000	594.70571
18.79500	545.59161
18.81000	504.37584
18.82500	470.95791
18.84000	444.64050
18.85500	424.43251
18.87000	409.25770
18.88500	398.09679
18.90000	390.07432
18.91500	384.49840
18.93000	380.86475
18.94500	378.83772
18.96000	378.21969
18.97500	378.91857
18.99000	380.91980
19.00500	384.25068
19.02000	388.97491
19.03500	395.18445
19.05000	402.98386
19.06500	412.49094
19.08000	423.83634
19.09500	437.16638
19.11000	452.64597
19.12500	470.45535
19.14000	490.77487
19.15500	513.75411
19.17000	539.46321
19.18500	567.82657
19.20000	598.53765
19.21500	630.95643
19.23000	663.99534
19.24500	696.01984
19.26000	724.84008
19.27500	747.92485
19.29000	762.94428
19.30500	768.36660
19.32000	763.61475
19.33500	748.71790
19.35000	724.22583
19.36500	691.78728
19.38000	654.54242
19.39500	616.43407
19.41000	580.92641
19.42500	550.21254
19.44000	525.18217
19.45500	505.74693
19.47000	491.16885
19.48500	480.28628
19.50000	471.66455
19.51500	463.74262
19.53000	455.06539
19.54500	444.64322
19.56000	432.29099
19.57500	418.63533
19.59000	404.70465
19.60500	391.43770
19.62000	379.44028
19.63500	368.99021
19.65000	360.13521
19.66500	352.78457
19.68000	346.77171
19.69500	341.89508
19.71000	337.95680
19.72500	334.77687
19.74000	332.18303
19.75500	330.04276
19.77000	328.25320
19.78500	326.73735
19.80000	325.43871
19.81500	324.31585
19.83000	323.33751
19.84500	322.47878
19.86000	321.71857
19.87500	321.03399
19.89000	320.40491
19.90500	319.80876
19.92000	319.22224
19.93500	318.62493
19.95000	318.00555
19.96500	317.36735
19.98000	316.72657
19.99500	316.10418
20.01000	315.51742
20.02500	314.97646
20.04000	314.48518
20.05500	314.04326
20.07000	313.64794
20.08500	313.29522
20.10000	312.98061
20.11500	312.69970
20.13000	312.44844
20.14500	312.22337
20.16000	312.02167
20.17500	311.84120
20.19000	311.68034
20.20500	311.53799
20.22000	311.41343
20.23500	311.30628
20.25000	311.21645
20.26500	311.14409
20.28000	311.08965
20.29500	311.05386
20.31000	311.03781
20.32500	311.04301
20.34000	311.07145
20.35500	311.12541
20.37000	311.20965
20.38500	311.32884
20.40000	311.48758
20.41500	311.69269
20.43000	311.95226
20.44500	312.27549
20.46000	312.67259
20.47500	313.15459
20.49000	313.73109
20.50500	314.41345
20.52000	315.21235
20.53500	316.13900
20.55000	317.20559
20.56500	318.42558
20.58000	319.81296
20.59500	321.38066
20.61000	323.13772
20.62500	325.08562
20.64000	327.21368
20.65500	329.49125
20.67000	331.86746
20.68500	334.26488
20.70000	336.54311
20.71500	338.56054
20.73000	340.14072
20.74500	341.12868
20.76000	341.46281
20.77500	341.23987
20.79000	340.71425
20.80500	340.21637
20.82000	340.05001
20.83500	340.43459
20.85000	341.50121
20.86500	343.31546
20.88000	345.90678
20.89500	349.29663
20.91000	353.51841
20.92500	358.62137
20.94000	364.65961
20.95500	371.67464
20.97000	379.67732
20.98500	388.62777
21.00000	398.41070
21.01500	408.80544
21.03000	419.45150
21.04500	429.81127
21.06000	439.13774
21.07500	446.45910
21.09000	450.68010
21.10500	450.83479
21.12000	446.51824
21.13500	438.24592
21.15000	427.38176
21.16500	415.59471
21.18000	404.30670
21.19500	394.45837
21.21000	386.55654
21.22500	380.81785
21.24000	377.29766
21.25500	375.97785
21.27000	376.82323
21.28500	379.82829
21.30000	385.03547
21.31500	392.54786
21.33000	402.53051
21.34500	415.19485
21.36000	430.77976
21.37500	449.53637
21.39000	471.72490
21.40500	497.62039
21.42000	527.51371
21.43500	561.69700
21.45000	600.41800
21.46500	643.80443
21.48000	691.75539
21.49500	743.80340
21.51000	798.95126
21.52500	855.48697
21.54000	910.77952
21.55500	961.07691
21.57000	1001.40218
21.58500	1025.81860
21.60000	1028.51314
21.61500	1005.92808
21.63000	959.06308
21.64500	893.95493
21.66000	819.40531
21.67500	743.70719
21.69000	672.69543
21.70500	609.56313
21.72000	555.53549
21.73500	510.60779
21.75000	474.08030
21.76500	444.89826
21.78000	421.87872
21.79500	403.85814
21.81000	389.78077
21.82500	378.74936
21.84000	370.04007
21.85500	363.09272
21.87000	357.48696
21.88500	352.91270
21.90000	349.13991
21.91500	345.99501
21.93000	343.34105
21.94500	341.06626
21.96000	339.08224
21.97500	337.33131
21.99000	335.79549
22.00500	334.49493
22.02000	333.47087
22.03500	332.76552
22.05000	332.41098
22.06500	332.42824
22.08000	332.83029
22.09500	333.62521
22.11000	334.81788
22.12500	336.41154
22.14000	338.39945
22.15500	340.77829
22.17000	343.54160
22.18500	346.69122
22.20000	350.26707
22.21500	354.37615
22.23000	359.20367
22.24500	364.98991
22.26000	371.97663
22.27500	380.36923
22.29000	390.32228
22.30500	401.93555
22.32000	415.24404
22.33500	430.19549
22.35000	446.61508
22.36500	464.15919
22.38000	482.26099
22.39500	500.06818
22.41000	516.37023
22.42500	529.57320
22.44000	537.78834
22.45500	539.18685
22.47000	532.63671
22.48500	518.43841
22.50000	498.45825
22.51500	475.43322
22.53000	451.96498
22.54500	429.90729
22.56000	410.29413
22.57500	393.53956
22.59000	379.66491
22.60500	368.46829
22.62000	359.63525
22.63500	352.82064
22.65000	347.69797
22.66500	343.98634
22.68000	341.46006
22.69500	339.94687
22.71000	339.32257
22.72500	339.50493
22.74000	340.44675
22.75500	342.12843
22.77000	344.55116
22.78500	347.73195
22.80000	351.70049
22.81500	356.49703
22.83000	362.16970
22.84500	368.77066
22.86000	376.35058
22.87500	384.95245
22.89000	394.59944
22.90500	405.29191
22.92000	416.99236
22.93500	429.61546
22.95000	443.02839
22.96500	457.08517
22.98000	471.73099
22.99500	487.18403
23.01000	504.10725
23.02500	523.60674
23.04000	547.00071
23.05500	575.52774
23.07000	610.16458
23.08500	651.59249
23.10000	700.21171
23.11500	756.12837
23.13000	819.07985
23.14500	888.30441
23.16000	962.36163
23.17500	1038.90827
23.19000	1114.43264
23.20500	1183.97771
23.22000	1240.98346
23.23500	1277.59201
23.25000	1285.97434
23.26500	1260.97380
23.28000	1203.08222
23.29500	1119.37406
23.31000	1021.01806
23.32500	919.14244
23.34000	821.99605
23.35500	734.36226
23.37000	658.29219
23.38500	594.08027
23.40000	541.01538
23.41500	497.86383
23.43000	463.18184
23.44500	435.50137
23.46000	413.45503
23.47500	395.84678
23.49000	381.68193
23.50500	370.16670
23.52000	360.68765
23.53500	352.78084
23.55000	346.09803
23.56500	340.37536
23.58000	335.40727
23.59500	331.02788
23.61000	327.10167
23.62500	323.52439
23.64000	320.23012
23.65500	317.19371
23.67000	314.41929
23.68500	311.91909
23.70000	309.69567
23.71500	307.73427
23.73000	306.00238
23.74500	304.45129
23.76000	303.01740
23.77500	301.62447
23.79000	300.19058
23.80500	298.64430
23.82000	296.94859
23.83500	295.11870
23.85000	293.21674
23.86500	291.32321
23.88000	289.51397
23.89500	287.83713
23.91000	286.31176
23.92500	284.93714
23.94000	283.71284
23.95500	282.62828
23.97000	281.67032
23.98500	280.82497
24.00000	280.07847
24.01500	279.41791
24.03000	278.83138
24.04500	278.30641
24.06000	277.83244
24.07500	277.39736
24.09000	276.98872
24.10500	276.59224
24.12000	276.19275
24.13500	275.77661
24.15000	275.33604
24.16500	274.87317
24.18000	274.40023
24.19500	273.93471
24.21000	273.49313
24.22500	273.08738
24.24000	272.72446
24.25500	272.40766
24.27000	272.13606
24.28500	271.91057
24.30000	271.73046
24.31500	271.59507
24.33000	271.50413
24.34500	271.45806
24.36000	271.45816
24.37500	271.50708
24.39000	271.61099
24.40500	271.76471
24.42000	271.98052
24.43500	272.26651
24.45000	272.63296
24.46500	273.09241
24.48000	273.66067
24.49500	274.35690
24.51000	275.20401
24.52500	276.22907
24.54000	277.46285
24.55500	278.93862
24.57000	280.69408
24.58500	282.76610
24.60000	285.19411
24.61500	288.01846
24.63000	291.27852
24.64500	295.01112
24.66000	299.24838
24.67500	303.99841
24.69000	309.26021
24.70500	314.99557
24.72000	321.11874
24.73500	327.48686
24.75000	333.90309
24.76500	340.14880
24.78000	346.05381
24.79500	351.58148
24.81000	356.85887
24.82500	362.10546
24.84000	367.49400
24.85500	373.02249
24.87000	378.45778
24.88500	383.33861
24.90000	387.03522
24.91500	388.89252
24.93000	388.47527
24.94500	385.83772
24.96000	381.62954
24.97500	376.91641
24.99000	372.83863
25.00500	370.34898
25.02000	370.13577
25.03500	372.66444
25.05000	378.24795
25.06500	387.09649
25.08000	399.34117
25.09500	415.04124
25.11000	434.18073
25.12500	456.65380
25.14000	482.23130
25.15500	510.51100
25.17000	540.85558
25.18500	572.29444
25.20000	603.41711
25.21500	632.26026
25.23000	656.24921
25.24500	672.32935
25.26000	677.48449
25.27500	669.71993
25.29000	649.15348
25.30500	618.36352
25.32000	581.54818
25.33500	543.02541
25.35000	506.12750
25.36500	472.89375
25.38000	444.29399
25.39500	420.58962
25.41000	401.62956
25.42500	387.04904
25.44000	376.37930
25.45500	369.12513
25.47000	364.80549
25.48500	362.97573
25.50000	363.23167
25.51500	365.25631
25.53000	368.70684
25.54500	373.28641
25.56000	378.70929
25.57500	384.69887
25.59000	390.97448
25.60500	397.27505
25.62000	403.44624
25.63500	409.58461
25.65000	416.16325
25.66500	424.02187
25.68000	434.19801
25.69500	447.70656
25.71000	465.40017
25.72500	487.92869
25.74000	515.74520
25.75500	549.11094
25.77000	588.07484
25.78500	632.42430
25.80000	681.60908
25.81500	734.63229
25.83000	789.91924
25.84500	845.14283
25.86000	897.06597
25.87500	941.50599
25.89000	973.63582
25.90500	988.87715
25.92000	984.27818
25.93500	959.69456
25.95000	917.86198
25.96500	863.32096
25.98000	801.13704
25.99500	736.09682
26.01000	672.26953
26.02500	612.70338
26.04000	559.29609
26.05500	512.89846
26.07000	473.55487
26.08500	440.80561
26.10000	413.91878
26.11500	392.05475
26.13000	374.36903
26.14500	360.07111
26.16000	348.45292
26.17500	338.89707
26.19000	330.87653
26.20500	323.95845
26.22000	317.81897
26.23500	312.25938
26.25000	307.20098
26.26500	302.64793
26.28000	298.63596
26.29500	295.19533
26.31000	292.33924
26.32500	290.05800
26.34000	288.34409
26.35500	287.18709
26.37000	286.58237
26.38500	286.53496
26.40000	287.06241
26.41500	288.19711
26.43000	289.98816
26.44500	292.50245
26.46000	295.82462
26.47500	300.05532
26.49000	305.30669
26.50500	311.69400
26.52000	319.33509
26.53500	328.33847
26.55000	338.81425
26.56500	350.84573
26.58000	364.48880
26.59500	379.76951
26.61000	396.66204
26.62500	415.06280
26.64000	434.76524
26.65500	455.43769
26.67000	476.64528
26.68500	497.95763
26.70000	519.17493
26.71500	540.59269
26.73000	563.10227
26.74500	587.96930
26.76000	616.38844
26.77500	649.07856
26.79000	686.06574
26.80500	726.60561
26.82000	769.13281
26.83500	811.17894
26.85000	849.28566
26.86500	879.04602
26.88000	895.53246
26.89500	894.36838
26.91000	873.35345
26.92500	833.80470
26.94000	780.48541
26.95500	719.89844
26.97000	658.14899
26.98500	599.65224
27.00000	546.93646
27.01500	501.06222
27.03000	462.13954
27.04500	429.72916
27.06000	403.10112
27.07500	381.39126
27.09000	363.70308
27.10500	349.18731
27.12000	337.11130
27.13500	326.90709
27.15000	318.17358
27.16500	310.63060
27.18000	304.05497
27.19500	298.23449
27.21000	292.94855
27.22500	287.96821
27.24000	283.07643
27.25500	278.11528
27.27000	273.01583
27.28500	267.83361
27.30000	262.70964
27.31500	257.80140
27.33000	253.24729
27.34500	249.10739
27.36000	245.40138
27.37500	242.11551
27.39000	239.21768
27.40500	236.66842
27.42000	234.42555
27.43500	232.44821
27.45000	230.69998
27.46500	229.15034
27.48000	227.77807
27.49500	226.56965
27.51000	225.51822
27.52500	224.62195
27.54000	223.88206
27.55500	223.30607
27.57000	222.90355
27.58500	222.68539
27.60000	222.66586
27.61500	222.85970
27.63000	223.28000
27.64500	223.93580
27.66000	224.82958
27.67500	225.95498
27.69000	227.29410
27.70500	228.81420
27.72000	230.46342
27.73500	232.15826
27.75000	233.78884
27.76500	235.20356
27.78000	236.21468
27.79500	236.61902
27.81000	236.24947
27.82500	235.04145
27.84000	233.08137
27.85500	230.59181
27.87000	227.85539
27.88500	225.12509
27.90000	222.58709
27.91500	220.34781
27.93000	218.45433
27.94500	216.91535
27.96000	215.71730
27.97500	214.83460
27.99000	214.23556
28.00500	213.88566
28.02000	213.74820
28.03500	213.78549
28.05000	213.95815
28.06500	214.22481
28.08000	214.54499
28.09500	214.88664
28.11000	215.23908
28.12500	215.62636
28.14000	216.11110
28.15500	216.78267
28.17000	217.73619
28.18500	219.05532
28.20000	220.80150
28.21500	223.01137
28.23000	225.69642
28.24500	228.84166
28.26000	232.40222
28.27500	236.29710
28.29000	240.39975
28.30500	244.52623
28.32000	248.42424
28.33500	251.77178
28.35000	254.20091
28.36500	255.35983
28.38000	255.01465
28.39500	253.13802
28.41000	249.93619
28.42500	245.79034
28.44000	241.15330
28.45500	236.45034
28.47000	232.01404
28.48500	228.06203
28.50000	224.70952
28.51500	221.99824
28.53000	219.92582
28.54500	218.46857
28.56000	217.59696
28.57500	217.28575
28.59000	217.52077
28.60500	218.30375
28.62000	219.65623
28.63500	221.61738
28.65000	224.25460
28.66500	227.65598
28.68000	231.93268
28.69500	237.21391
28.71000	243.63958
28.72500	251.34863
28.74000	260.46238
28.75500	271.06421
28.77000	283.17772
28.78500	296.74470
28.80000	311.60211
28.81500	327.45521
28.83000	343.84584
28.84500	360.11853
28.86000	375.39258
28.87500	388.55563
28.89000	398.30801
28.90500	403.31273
28.92000	402.50697
28.93500	395.52957
28.95000	383.02868
28.96500	366.56748
28.98000	348.12513
28.99500	329.52000
29.01000	312.07178
29.02500	296.55901
29.04000	283.33414
29.05500	272.47558
29.07000	263.89912
29.08500	257.43467
29.10000	252.86697
29.11500	249.96074
29.13000	248.47547
29.14500	248.17595
29.16000	248.82833
29.17500	250.18670
29.19000	251.97019
29.20500	253.83938
29.22000	255.38338
29.23500	256.13540
29.25000	255.63258
29.26500	253.53318
29.28000	249.75361
29.29500	244.52852
29.31000	238.34113
29.32500	231.75365
29.34000	225.24817
29.35500	219.15200
29.37000	213.64033
29.38500	208.77744
29.40000	204.55820
29.41500	200.93924
29.43000	197.85846
29.44500	195.25199
29.46000	193.05423
29.47500	191.20254
29.49000	189.64325
29.50500	188.33096
29.52000	187.22867
29.53500	186.30736
29.55000	185.54505
29.56500	184.92574
29.58000	184.43797
29.59500	184.07353
29.61000	183.82608
29.62500	183.68992
29.64000	183.65903
29.65500	183.72611
29.67000	183.88149
29.68500	184.11219
29.70000	184.40053
29.71500	184.72301
29.73000	185.05054
29.74500	185.35151
29.76000	185.59980
29.77500	185.78851
29.79000	185.94084
29.80500	186.11244
29.82000	186.37444
29.83500	186.80573
29.85000	187.46859
29.86500	188.40307
29.88000	189.62546
29.89500	191.12942
29.91000	192.88582
29.92500	194.84099
29.94000	196.91230
29.95500	198.98187
29.97000	200.89049
29.98500	202.43766
30.00000	203.39736
30.01500	203.55976
30.03000	202.79546
30.04500	201.12034
30.06000	198.73734
30.07500	195.90206
30.09000	192.90226
30.10500	189.96817
30.12000	187.24818
30.13500	184.81827
30.15000	182.70268
30.16500	180.89579
30.18000	179.37556
30.19500	178.11249
30.21000	177.07497
30.22500	176.23226
30.24000	175.55617
30.25500	175.02208
30.27000	174.60916
30.28500	174.30039
30.30000	174.08236
30.31500	173.94483
30.33000	173.88032
30.34500	173.88368
30.36000	173.95171
30.37500	174.08276
30.39000	174.27658
30.40500	174.53412
30.42000	174.85767
30.43500	175.25117
30.45000	175.72046
30.46500	176.27332
30.48000	176.92160
30.49500	177.67973
30.51000	178.56404
30.52500	179.59184
30.54000	180.78076
30.55500	182.14820
30.57000	183.70744
30.58500	185.47534
30.60000	187.46394
30.61500	189.68072
30.63000	192.12607
30.64500	194.79121
30.66000	197.65765
30.67500	200.70082
30.69000	203.89889
30.70500	207.24463
30.72000	210.75345
30.73500	214.46009
30.75000	218.40510
30.76500	222.62487
30.78000	227.15598
30.79500	232.06419
30.81000	237.48404
30.82500	243.64516
30.84000	250.86551
30.85500	259.50735
30.87000	269.92297
30.88500	282.41071
30.90000	297.18418
30.91500	314.34442
30.93000	333.85089
30.94500	355.48530
30.96000	378.81377
30.97500	403.14881
30.99000	427.51600
31.00500	450.63542
31.02000	470.92809
31.03500	486.57379
31.05000	495.67342
31.06500	496.60883
31.08000	488.60240
31.09500	472.15505
31.11000	449.11655
31.12500	422.14294
31.14000	393.90848
31.15500	366.51960
31.17000	341.31709
31.18500	318.98487
31.20000	299.74088
31.21500	283.52684
31.23000	270.14200
31.24500	259.32723
31.26000	250.81343
31.27500	244.35357
31.29000	239.73640
31.30500	236.79621
31.32000	235.41544
31.33500	235.52621
31.35000	237.10432
31.36500	240.16166
31.38000	244.73205
31.39500	250.85834
31.41000	258.57083
31.42500	267.86734
31.44000	278.69013
31.45500	290.89920
31.47000	304.23967
31.48500	318.30576
31.50000	332.50584
31.51500	346.05183
31.53000	357.97804
31.54500	367.30562
31.56000	373.22975
31.57500	375.34290
31.59000	373.72149
31.60500	368.82218
31.62000	361.28362
31.63500	351.81898
31.65000	341.20868
31.66500	330.29295
31.68000	319.87961
31.69500	310.59389
31.71000	302.77914
31.72500	296.47372
31.74000	291.45297
31.75500	287.29702
31.77000	283.46593
31.78500	279.39567
31.80000	274.62468
31.81500	268.91243
31.83000	262.29381
31.84500	255.02441
31.86000	247.45522
31.87500	239.92162
31.89000	232.69332
31.90500	225.96578
31.92000	219.85985
31.93500	214.41918
31.95000	209.61382
31.96500	205.35682
31.98000	201.53338
31.99500	198.03573
32.01000	194.79077
32.02500	191.77939
32.04000	189.05045
32.05500	186.65270
32.07000	184.60829
32.08500	182.93393
32.10000	181.62588
32.11500	180.66489
32.13000	180.02158
32.14500	179.66156
32.16000	179.55147
32.17500	179.66589
32.19000	179.99791
32.20500	180.56951
32.22000	181.43216
32.23500	182.66386
32.25000	184.35216
32.26500	186.57707
32.28000	189.39870
32.29500	192.84829
32.31000	196.92086
32.32500	201.56761
32.34000	206.68663
32.35500	212.11082
32.37000	217.59310
32.38500	222.79279
32.40000	227.27377
32.41500	230.53365
32.43000	232.08463
32.44500	231.58655
32.46000	228.98561
32.47500	224.57256
32.49000	218.90066
32.50500	212.61685
32.52000	206.29041
32.53500	200.33141
32.55000	194.98547
32.56500	190.36990
32.58000	186.51942
32.59500	183.42087
32.61000	181.03746
32.62500	179.32445
32.64000	178.23844
32.65500	177.74269
32.67000	177.81116
32.68500	178.42938
32.70000	179.59588
32.71500	181.32357
32.73000	183.63911
32.74500	186.58267
32.76000	190.20207
32.77500	194.54154
32.79000	199.62622
32.80500	205.44537
32.82000	211.93533
32.83500	218.96333
32.85000	226.30938
32.86500	233.64908
32.88000	240.54710
32.89500	246.47805
32.91000	250.89380
32.92500	253.33944
32.94000	253.57979
32.95500	251.66532
32.97000	247.89184
32.98500	242.68627
33.00000	236.49336
33.01500	229.70763
33.03000	222.64850
33.04500	215.55950
33.06000	208.62965
33.07500	202.01985
33.09000	195.87384
33.10500	190.30547
33.12000	185.39025
33.13500	181.15362
33.15000	177.57872
33.16500	174.61884
33.18000	172.20991
33.19500	170.27955
33.21000	168.75257
33.22500	167.55544
33.24000	166.61834
33.25500	165.88520
33.27000	165.31782
33.28500	164.90258
33.30000	164.64995
33.31500	164.58747
33.33000	164.75030
33.34500	165.17352
33.36000	165.88976
33.37500	166.92785
33.39000	168.30626
33.40500	170.03448
33.42000	172.10096
33.43500	174.45933
33.45000	177.03746
33.46500	179.71807
33.48000	182.33610
33.49500	184.67764
33.51000	186.49270
33.52500	187.53060
33.54000	187.60324
33.55500	186.65603
33.57000	184.80566
33.58500	182.31556
33.60000	179.51685
33.61500	176.72178
33.63000	174.17038
33.64500	172.02056
33.66000	170.36308
33.67500	169.24313
33.69000	168.67960
33.70500	168.67557
33.72000	169.22712
33.73500	170.32220
33.75000	171.93912
33.76500	174.04237
33.78000	176.57728
33.79500	179.46343
33.81000	182.58727
33.82500	185.79500
33.84000	188.88975
33.85500	191.64250
33.87000	193.82549
33.88500	195.26770
33.90000	195.92125
33.91500	195.89734
33.93000	195.44352
33.94500	194.86084
33.96000	194.41217
33.97500	194.25976
33.99000	194.44335
34.00500	194.88525
34.02000	195.40921
34.03500	195.76908
34.05000	195.69285
34.06500	194.95302
34.08000	193.42245
34.09500	191.12750
34.11000	188.22905
34.12500	184.95582
34.14000	181.52752
34.15500	178.11553
34.17000	174.83817
34.18500	171.77972
34.20000	169.00626
34.21500	166.57025
34.23000	164.50843
34.24500	162.84082
34.26000	161.57385
34.27500	160.70610
34.29000	160.23384
34.30500	160.15593
34.32000	160.47633
34.33500	161.20534
34.35000	162.35913
34.36500	163.95756
34.38000	166.02074
34.39500	168.56305
34.41000	171.58546
34.42500	175.06537
34.44000	178.94796
34.45500	183.13164
34.47000	187.47196
34.48500	191.74885
34.50000	195.66112
34.51500	198.85044
34.53000	200.93480
34.54500	201.58727
34.56000	200.63550
34.57500	198.14540
34.59000	194.41789
34.60500	189.89940
34.62000	185.05443
34.63500	180.26453
34.65000	175.78775
34.66500	171.76719
34.68000	168.26022
34.69500	165.26979
34.71000	162.77017
34.72500	160.72110
34.74000	159.07882
34.75500	157.79647
34.77000	156.83617
34.78500	156.16389
34.80000	155.75187
34.81500	155.57927
34.83000	155.63124
34.84500	155.90053
34.86000	156.38649
34.87500	157.09536
34.89000	158.04012
34.90500	159.24544
34.92000	160.73933
34.93500	162.55831
34.95000	164.75153
34.96500	167.37660
34.98000	170.50116
34.99500	174.20160
35.01000	178.56109
35.02500	183.66325
35.04000	189.58590
35.05500	196.38988
35.07000	204.10173
35.08500	212.69498
35.10000	222.06828
35.11500	232.02158
35.13000	242.23156
35.14500	252.23002
35.16000	261.39861
35.17500	269.00194
35.19000	274.28490
35.20500	276.64245
35.22000	275.81690
35.23500	272.03837
35.25000	265.98845
35.26500	258.56071
35.28000	250.64500
35.29500	242.92651
35.31000	235.82440
35.32500	229.48750
35.34000	223.88820
35.35500	218.89164
35.37000	214.33519
35.38500	210.09582
35.40000	206.12240
35.41500	202.44205
35.43000	199.13989
35.44500	196.32725
35.46000	194.11205
35.47500	192.57976
35.49000	191.78674
35.50500	191.76183
35.52000	192.51262
35.53500	194.02952
35.55000	196.28710
35.56500	199.24283
35.58000	202.83419
35.59500	206.97480
35.61000	211.55363
35.62500	216.44266
35.64000	221.51758
35.65500	226.69611
35.67000	231.97864
35.68500	237.46710
35.70000	243.33802
35.71500	249.77168
35.73000	256.86613
35.74500	264.56764
35.76000	272.62825
35.77500	280.59878
35.79000	287.84878
35.80500	293.63383
35.82000	297.23617
35.83500	298.15920
35.85000	296.31861
35.86500	292.12077
35.88000	286.36308
35.89500	280.00118
35.91000	273.91247
35.92500	268.75755
35.94000	264.94776
35.95500	262.67867
35.97000	261.98033
35.98500	262.75925
36.00000	264.82986
36.01500	267.94364
36.03000	271.82421
36.04500	276.20965
36.06000	280.89222
36.07500	285.73447
36.09000	290.66136
36.10500	295.59520
36.12000	300.37305
36.13500	304.67195
36.15000	307.98679
36.16500	309.69615
36.18000	309.21590
36.19500	306.22128
36.21000	300.80136
36.22500	293.48114
36.24000	285.07391
36.25500	276.43629
36.27000	268.26088
36.28500	260.97360
36.30000	254.72599
36.31500	249.44103
36.33000	244.87619
36.34500	240.69318
36.36000	236.53630
36.37500	232.11864
36.39000	227.29810
36.40500	222.11204
36.42000	216.74801
36.43500	211.47853
36.45000	206.59352
36.46500	202.28239
36.48000	198.67590
36.49500	195.83500
36.51000	193.76915
36.52500	192.45425
36.54000	191.84648
36.55500	191.89171
36.57000	192.53199
36.58500	193.71515
36.60000	195.40955
36.61500	197.61345
36.63000	200.36229
36.64500	203.72015
36.66000	207.75559
36.67500	212.50870
36.69000	217.96024
36.70500	224.00588
36.72000	230.44301
36.73500	236.96286
36.75000	243.16132
36.76500	248.57935
36.78000	252.78698
36.79500	255.50154
36.81000	256.69831
36.82500	256.64747
36.84000	255.83839
36.85500	254.82354
36.87000	254.06210
36.88500	253.82346
36.90000	254.16039
36.91500	254.92945
36.93000	255.82493
36.94500	256.41715
36.96000	256.20835
36.97500	254.71760
36.99000	251.59113
37.00500	246.70707
37.02000	240.22183
37.03500	232.52859
37.05000	224.14897
37.06500	215.59867
37.08000	207.29194
37.09500	199.50562
37.11000	192.39316
37.12500	186.01573
37.14000	180.37576
37.15500	175.44079
37.17000	171.15855
37.18500	167.46830
37.20000	164.30627
37.21500	161.61061
37.23000	159.32424
37.24500	157.39646
37.26000	155.78378
37.27500	154.44928
37.29000	153.36286
37.30500	152.50137
37.32000	151.84761
37.33500	151.38982
37.35000	151.12157
37.36500	151.04037
37.38000	151.15001
37.39500	151.45854
37.41000	151.97896
37.42500	152.72846
37.44000	153.72978
37.45500	155.00970
37.47000	156.60000
37.48500	158.53527
37.50000	160.85064
37.51500	163.57827
37.53000	166.74192
37.54500	170.35130
37.56000	174.39249
37.57500	178.81596
37.59000	183.53177
37.60500	188.39920
37.62000	193.22467
37.63500	197.77244
37.65000	201.79441
37.66500	205.07573
37.68000	207.48001
37.69500	208.96871
37.71000	209.57231
37.72500	209.33483
37.74000	208.26903
37.75500	206.35670
37.77000	203.59285
37.78500	200.03993
37.80000	195.84913
37.81500	191.24257
37.83000	186.46379
37.84500	181.73427
37.86000	177.22973
37.87500	173.07383
37.89000	169.34172
37.90500	166.06909
37.92000	163.26132
37.93500	160.90446
37.95000	158.97360
37.96500	157.43949
37.98000	156.27309
37.99500	155.44816
38.01000	154.94436
38.02500	154.74706
38.04000	154.84876
38.05500	155.24938
38.07000	155.95617
38.08500	156.98384
38.10000	158.35459
38.11500	160.09743
38.13000	162.24760
38.14500	164.84485
38.16000	167.93008
38.17500	171.54056
38.19000	175.70296
38.20500	180.42228
38.22000	185.67108
38.23500	191.37236
38.25000	197.38455
38.26500	203.49175
38.28000	209.39853
38.29500	214.74209
38.31000	219.13749
38.32500	222.25618
38.34000	223.92413
38.35500	224.20172
38.37000	223.39632
38.38500	221.98992
38.40000	220.51920
38.41500	219.46503
38.43000	219.18721
38.44500	219.90767
38.46000	221.71937
38.47500	224.60164
38.49000	228.43246
38.50500	232.99757
38.52000	238.00003
38.53500	243.08023
38.55000	247.85360
38.56500	251.96254
38.58000	255.12515
38.59500	257.15847
38.61000	257.97066
38.62500	257.53152
38.64000	255.85870
38.65500	253.02851
38.67000	249.18996
38.68500	244.55048
38.70000	239.33065
38.71500	233.71735
38.73000	227.84830
38.74500	221.83325
38.76000	215.78890
38.77500	209.85861
38.79000	204.21024
38.80500	199.01104
38.82000	194.40143
38.83500	190.48374
38.85000	187.31578
38.86500	184.91929
38.88000	183.28830
38.89500	182.40665
38.91000	182.23728
38.92500	182.72580
38.94000	183.80771
38.95500	185.40546
38.97000	187.42954
38.98500	189.78434
39.00000	192.37594
39.01500	195.11452
39.03000	197.91199
39.04500	200.67752
39.06000	203.30502
39.07500	205.67033
39.09000	207.63829
39.10500	209.08704
39.12000	209.93811
39.13500	210.17664
39.15000	209.84015
39.16500	208.97671
39.18000	207.59870
39.19500	205.66451
39.21000	203.10418
39.22500	199.87775
39.24000	196.03161
39.25500	191.71720
39.27000	187.16272
39.28500	182.61353
39.30000	178.27677
39.31500	174.29475
39.33000	170.73971
39.34500	167.62885
39.36000	164.94708
39.37500	162.66402
39.39000	160.74438
39.40500	159.15433
39.42000	157.86115
39.43500	156.83617
39.45000	156.05651
39.46500	155.50914
39.48000	155.19777
39.49500	155.14041
39.51000	155.36624
39.52500	155.90933
39.54000	156.80125
39.55500	158.06695
39.57000	159.71888
39.58500	161.75230
39.60000	164.13943
39.61500	166.82274
39.63000	169.70842
39.64500	172.66204
39.66000	175.50917
39.67500	178.04715
39.69000	180.06914
39.70500	181.40068
39.72000	181.94012
39.73500	181.68613
39.75000	180.73718
39.76500	179.26053
39.78000	177.44562
39.79500	175.46507
39.81000	173.45588
39.82500	171.52114
39.84000	169.73886
39.85500	168.16849
39.87000	166.85004
39.88500	165.80384
39.90000	165.03159
39.91500	164.52621
39.93000	164.28579
39.94500	164.32497
39.96000	164.68011
39.97500	165.40436
39.99000	166.55710
40.00500	168.19346
40.02000	170.35484
40.03500	173.06576
40.05000	176.32719
40.06500	180.10868
40.08000	184.33685
40.09500	188.88315
40.11000	193.55616
40.12500	198.10307
40.14000	202.23039
40.15500	205.64874
40.17000	208.14021
40.18500	209.62398
40.20000	210.18741
40.21500	210.06402
40.23000	209.55727
40.24500	208.94967
40.26000	208.43690
40.27500	208.09917
40.29000	207.89820
40.30500	207.68800
40.32000	207.23903
40.33500	206.27779
40.35000	204.55035
40.36500	201.90090
40.38000	198.32958
40.39500	194.00247
40.41000	189.20613
40.42500	184.26458
40.44000	179.46427
40.45500	175.01029
40.47000	171.01696
40.48500	167.52008
40.50000	164.49697
40.51500	161.88603
40.53000	159.60667
40.54500	157.57582
40.56000	155.72462
40.57500	154.01107
40.59000	152.42477
40.60500	150.98107
40.62000	149.70730
40.63500	148.62741
40.65000	147.75031
40.66500	147.06440
40.68000	146.53722
40.69500	146.11885
40.71000	145.74886
40.72500	145.36571
40.74000	144.92185
40.75500	144.39466
40.77000	143.79377
40.78500	143.15784
40.80000	142.54408
40.81500	142.01365
40.83000	141.62163
40.84500	141.41075
40.86000	141.40941
40.87500	141.63112
40.89000	142.07414
40.90500	142.71932
40.92000	143.52989
40.93500	144.44785
40.95000	145.39609
40.96500	146.28145
40.98000	147.00378
40.99500	147.47429
41.01000	147.63381
41.02500	147.47059
41.04000	147.02541
41.05500	146.38158
41.07000	145.64852
41.08500	144.93951
41.10000	144.35749
41.11500	143.98550
41.13000	143.88608
41.14500	144.10466
41.16000	144.67500
41.17500	145.62401
41.19000	146.97149
41.20500	148.73411
41.22000	150.92010
41.23500	153.52402
41.25000	156.51807
41.26500	159.84115
41.28000	163.38978
41.29500	167.00660
41.31000	170.47830
41.32500	173.54433
41.34000	175.92344
41.35500	177.35917
41.37000	177.67455
41.38500	176.81695
41.40000	174.87285
41.41500	172.04540
41.43000	168.60814
41.44500	164.84636
41.46000	161.01714
41.47500	157.32250
41.49000	153.89904
41.50500	150.83928
41.52000	148.18249
41.53500	145.93089
41.55000	144.07418
41.56500	142.59296
41.58000	141.46583
41.59500	140.67323
41.61000	140.19970
41.62500	140.03418
41.64000	140.17200
41.65500	140.61453
41.67000	141.36842
41.68500	142.44509
41.70000	143.85887
41.71500	145.62488
41.73000	147.75581
41.74500	150.25612
41.76000	153.11580
41.77500	156.30255
41.79000	159.75259
41.80500	163.36731
41.82000	167.01000
41.83500	170.51264
41.85000	173.69525
41.86500	176.39227
41.88000	178.48266
41.89500	179.91156
41.91000	180.69554
41.92500	180.91096
41.94000	180.67232
41.95500	180.10999
41.97000	179.35410
41.98500	178.52751
42.00000	177.74565
42.01500	177.11919
42.03000	176.74997
42.04500	176.72052
42.06000	177.07528
42.07500	177.80111
42.09000	178.82223
42.10500	179.99994
42.12000	181.13365
42.13500	181.99586
42.15000	182.35910
42.16500	182.03325
42.18000	180.90929
42.19500	178.98729
42.21000	176.38066
42.22500	173.29300
42.24000	169.96315
42.25500	166.60820
42.27000	163.38378
42.28500	160.36922
42.30000	157.57703
42.31500	154.97385
42.33000	152.50422
42.34500	150.11807
42.36000	147.78477
42.37500	145.49843
42.39000	143.27764
42.40500	141.15110
42.42000	139.14960
42.43500	137.30208
42.45000	135.63133
42.46500	134.15204
42.48000	132.87392
42.49500	131.79862
42.51000	130.92418
42.52500	130.24632
42.54000	129.76019
42.55500	129.46178
42.57000	129.34891
42.58500	129.42203
42.60000	129.68336
42.61500	130.13870
42.63000	130.79777
42.64500	131.67044
42.66000	132.77067
42.67500	134.11402
42.69000	135.71760
42.70500	137.59957
42.72000	139.77824
42.73500	142.27035
42.75000	145.08814
42.76500	148.23422
42.78000	151.69449
42.79500	155.43011
42.81000	159.36937
42.82500	163.40159
42.84000	167.37201
42.85500	171.07923
42.87000	174.27781
42.88500	176.69306
42.90000	178.05717
42.91500	178.16500
42.93000	176.93398
42.94500	174.44066
42.96000	170.91040
42.97500	166.66218
42.99000	162.03442
43.00500	157.32491
43.02000	152.75774
43.03500	148.48116
43.05000	144.57814
43.06500	141.08366
43.08000	138.00057
43.09500	135.31223
43.11000	132.99179
43.12500	131.00775
43.14000	129.32923
43.15500	127.92681
43.17000	126.77518
43.18500	125.85551
43.20000	125.14644
43.21500	124.63134
43.23000	124.29449
43.24500	124.11940
43.26000	124.08682
43.27500	124.17265
43.29000	124.34581
43.30500	124.56651
43.32000	124.78945
43.33500	124.96464
43.35000	125.04433
43.36500	124.99197
43.38000	124.79065
43.39500	124.44870
43.41000	123.99718
43.42500	123.48113
43.44000	122.94800
43.45500	122.43897
43.47000	121.98443
43.48500	121.60564
43.50000	121.31754
43.51500	121.13184
43.53000	121.05991
43.54500	121.11300
43.56000	121.30259
43.57500	121.64032
43.59000	122.13804
43.60500	122.80790
43.62000	123.66291
43.63500	124.71646
43.65000	125.98187
43.66500	127.47097
43.68000	129.19174
43.69500	131.14501
43.71000	133.32036
43.72500	135.69143
43.74000	138.21181
43.75500	140.81267
43.77000	143.40950
43.78500	145.90129
43.80000	148.19597
43.81500	150.22848
43.83000	151.98010
43.84500	153.48560
43.86000	154.82280
43.87500	156.09231
43.89000	157.38769
43.90500	158.76860
43.92000	160.24096
43.93500	161.74369
43.95000	163.14703
43.96500	164.26461
43.98000	164.88129
43.99500	164.79562
44.01000	163.86958
44.02500	162.06871
44.04000	159.47715
44.05500	156.27857
44.07000	152.71001
44.08500	149.00982
44.10000	145.37818
44.11500	141.95868
44.13000	138.83759
44.14500	136.05508
44.16000	133.61881
44.17500	131.51688
44.19000	129.72749
44.20500	128.22606
44.22000	126.98878
44.23500	125.99364
44.25000	125.21985
44.26500	124.64641
44.28000	124.25112
44.29500	124.00993
44.31000	123.89683
44.32500	123.88614
44.34000	123.95493
44.35500	124.08395
44.37000	124.26075
44.38500	124.47756
44.40000	124.72854
44.41500	125.00819
44.43000	125.30963
44.44500	125.62631
44.46000	125.95470
44.47500	126.29771
44.49000	126.66497
44.50500	127.07067
44.52000	127.53013
44.53500	128.05297
44.55000	128.64147
44.56500	129.29201
44.58000	129.99706
44.59500	130.74918
44.61000	131.54549
44.62500	132.39232
44.64000	133.30682
44.65500	134.32099
44.67000	135.47592
44.68500	136.81591
44.70000	138.38103
44.71500	140.20275
44.73000	142.29884
44.74500	144.67126
44.76000	147.30319
44.77500	150.15569
44.79000	153.16316
44.80500	156.23173
44.82000	159.24415
44.83500	162.07513
44.85000	164.61673
44.86500	166.80895
44.88000	168.66418
44.89500	170.27295
44.91000	171.78516
44.92500	173.37186
44.94000	175.18415
44.95500	177.31233
44.97000	179.76275
44.98500	182.45018
45.00000	185.19962
45.01500	187.76422
45.03000	189.85942
45.04500	191.21512
45.06000	191.63514
45.07500	191.04932
45.09000	189.53537
45.10500	187.29917
45.12000	184.61928
45.13500	181.78068
45.15000	179.01997
45.16500	176.50063
45.18000	174.30180
45.19500	172.43900
45.21000	170.88463
45.22500	169.59278
45.24000	168.52044
45.25500	167.64133
45.27000	166.95008
45.28500	166.45767
45.30000	166.18223
45.31500	166.14164
45.33000	166.35055
45.34500	166.82131
45.36000	167.56670
45.37500	168.60001
45.39000	169.93351
45.40500	171.58224
45.42000	173.56666
45.43500	175.92132
45.45000	178.70136
45.46500	181.98621
45.48000	185.87485
45.49500	190.47622
45.51000	195.89755
45.52500	202.23214
45.54000	209.54615
45.55500	217.86343
45.57000	227.14636
45.58500	237.27265
45.60000	248.01143
45.61500	259.00259
45.63000	269.74900
45.64500	279.63340
45.66000	287.97247
45.67500	294.11242
45.69000	297.55159
45.70500	298.05628
45.72000	295.72250
45.73500	290.95175
45.75000	284.35132
45.76500	276.59214
45.78000	268.27891
45.79500	259.87546
45.81000	251.68065
45.82500	243.84766
45.84000	236.42525
45.85500	229.40367
45.87000	222.75357
45.88500	216.44989
45.90000	210.48166
45.91500	204.85033
45.93000	199.56539
45.94500	194.64179
45.96000	190.09889
45.97500	185.95725
45.99000	182.23146
46.00500	178.92041
46.02000	175.99996
46.03500	173.42005
46.05000	171.10678
46.06500	168.96829
46.08000	166.90417
46.09500	164.81490
46.11000	162.61481
46.12500	160.24606
46.14000	157.68979
46.15500	154.97064
46.17000	152.15093
46.18500	149.31690
46.20000	146.56197
46.21500	143.97208
46.23000	141.61641
46.24500	139.54408
46.26000	137.78557
46.27500	136.35702
46.29000	135.26563
46.30500	134.51468
46.32000	134.10717
46.33500	134.04755
46.35000	134.34132
46.36500	134.99276
46.38000	136.00117
46.39500	137.35588
46.41000	139.03004
46.42500	140.97388
46.44000	143.10796
46.45500	145.31845
46.47000	147.45705
46.48500	149.34887
46.50000	150.81047
46.51500	151.67779
46.53000	151.83833
46.54500	151.25759
46.56000	149.99677
46.57500	148.18810
46.59000	146.01165
46.60500	143.66143
46.62000	141.31350
46.63500	139.10758
46.65000	137.14070
46.66500	135.46949
46.68000	134.11678
46.69500	133.07970
46.71000	132.33771
46.72500	131.86026
46.74000	131.61425
46.75500	131.57066
46.77000	131.70621
46.78500	132.00452
46.80000	132.45121
46.81500	133.02334
46.83000	133.68112
46.84500	134.36073
46.86000	134.97345
46.87500	135.41269
46.89000	135.56890
46.90500	135.35037
46.92000	134.70366
46.93500	133.62733
46.95000	132.17272
46.96500	130.43155
46.98000	128.51536
46.99500	126.53489
47.01000	124.58546
47.02500	122.74063
47.04000	121.05239
47.05500	119.55497
47.07000	118.26968
47.08500	117.20913
47.10000	116.37995
47.11500	115.78886
47.13000	115.43724
47.14500	115.32762
47.16000	115.46290
47.17500	115.84658
47.19000	116.48248
47.20500	117.37403
47.22000	118.52258
47.23500	119.92512
47.25000	121.57108
47.26500	123.43843
47.28000	125.48974
47.29500	127.66876
47.31000	129.89739
47.32500	132.09353
47.34000	134.14986
47.35500	135.96798
47.37000	137.46645
47.38500	138.59241
47.40000	139.32635
47.41500	139.67803
47.43000	139.67620
47.44500	139.35695
47.46000	138.75558
47.47500	137.90402
47.49000	136.83246
47.50500	135.57331
47.52000	134.16485
47.53500	132.65226
47.55000	131.08480
47.56500	129.50939
47.58000	127.96553
47.59500	126.47553
47.61000	125.04736
47.62500	123.67212
47.64000	122.33145
47.65500	121.00398
47.67000	119.67168
47.68500	118.32514
47.70000	116.96649
47.71500	115.60958
47.73000	114.27723
47.74500	112.99668
47.76000	111.80060
47.77500	110.71430
47.79000	109.75485
47.80500	108.93488
47.82000	108.26054
47.83500	107.73211
47.85000	107.34448
47.86500	107.08740
47.88000	106.94562
47.89500	106.89896
47.91000	106.92303
47.92500	106.99079
47.94000	107.07529
47.95500	107.15353
47.97000	107.21059
47.98500	107.24388
48.00000	107.26331
48.01500	107.28948
48.03000	107.34971
48.04500	107.47467
48.06000	107.69399
48.07500	108.03391
48.09000	108.51623
48.10500	109.15821
48.12000	109.97267
48.13500	110.96795
48.15000	112.14726
48.16500	113.50744
48.18000	115.03739
48.19500	116.71633
48.21000	118.51272
48.22500	120.38472
48.24000	122.28289
48.25500	124.15561
48.27000	125.95714
48.28500	127.65497
48.30000	129.23448
48.31500	130.69915
48.33000	132.06347
48.34500	133.34170
48.36000	134.53601
48.37500	135.62856
48.39000	136.58045
48.40500	137.33876
48.42000	137.85051
48.43500	138.08006
48.45000	138.02442
48.46500	137.72087
48.48000	137.24287
48.49500	136.69106
48.51000	136.17178
48.52500	135.77684
48.54000	135.57711
48.55500	135.61397
48.57000	135.89761
48.58500	136.40886
48.60000	137.10341
48.61500	137.91829
48.63000	138.78135
48.64500	139.62208
48.66000	140.38397
48.67500	141.03686
48.69000	141.58451
48.70500	142.06572
48.72000	142.54757
48.73500	143.11754
48.75000	143.86160
48.76500	144.86206
48.78000	146.18074
48.79500	147.86279
48.81000	149.93437
48.82500	152.40287
48.84000	155.25608
48.85500	158.45993
48.87000	161.95584
48.88500	165.65897
48.90000	169.45946
48.91500	173.22748
48.93000	176.82103
48.94500	180.09453
48.96000	182.90534
48.97500	185.11672
48.99000	186.60111
49.00500	187.24654
49.02000	186.97126
49.03500	185.74454
49.05000	183.60538
49.06500	180.66846
49.08000	177.11129
49.09500	173.14515
49.11000	168.98001
49.12500	164.79472
49.14000	160.71984
49.15500	156.83464
49.17000	153.17525
49.18500	149.74927
49.20000	146.55162
49.21500	143.57724
49.23000	140.82784
49.24500	138.31225
49.26000	136.04175
49.27500	134.02366
49.29000	132.25554
49.30500	130.72195
49.32000	129.39419
49.33500	128.23280
49.35000	127.19226
49.36500	126.22696
49.38000	125.29708
49.39500	124.37283
49.41000	123.43567
49.42500	122.47626
49.44000	121.49033
49.45500	120.47449
49.47000	119.42425
49.48500	118.33498
49.50000	117.20551
49.51500	116.04220
49.53000	114.86139
49.54500	113.68876
49.56000	112.55548
49.57500	111.49535
49.59000	110.53800
49.60500	109.70419
49.62000	109.00682
49.63500	108.44961
49.65000	108.02765
49.66500	107.72861
49.68000	107.53433
49.69500	107.42452
49.71000	107.37726
49.72500	107.37104
49.74000	107.38852
49.75500	107.41607
49.77000	107.44346
49.78500	107.45951
49.80000	107.45089
49.81500	107.40038
49.83000	107.28787
49.84500	107.09372
49.86000	106.80364
49.87500	106.41349
49.89000	105.93179
49.90500	105.37907
49.92000	104.78414
49.93500	104.17854
49.95000	103.59130
49.96500	103.04506
49.98000	102.55431
49.99500	102.12570
50.01000	101.75986
50.02500	101.45396
50.04000	101.20466
50.05500	101.01038
50.07000	100.87271
50.08500	100.79630
50.10000	100.78765
50.11500	100.85298
50.13000	100.99596
50.14500	101.21550
50.16000	101.50412
50.17500	101.84668
50.19000	102.21988
50.20500	102.59271
50.22000	102.92832
50.23500	103.18764
50.25000	103.33456
50.26500	103.34195
50.28000	103.19697
50.29500	102.90386
50.31000	102.48326
50.32500	101.96801
50.34000	101.39716
50.35500	100.80988
50.37000	100.24077
50.38500	99.71660
50.40000	99.26003
50.41500	98.88479
50.43000	98.59662
50.44500	98.39811
50.46000	98.28851
50.47500	98.26483
50.49000	98.32286
50.50500	98.45817
50.52000	98.66696
50.53500	98.94682
50.55000	99.29702
50.56500	99.71828
50.58000	100.21203
50.59500	100.77927
50.61000	101.41927
50.62500	102.12855
50.64000	102.90011
50.65500	103.72329
50.67000	104.58367
50.68500	105.46496
50.70000	106.34831
50.71500	107.21299
50.73000	108.04001
50.74500	108.81471
50.76000	109.53052
50.77500	110.19034
50.79000	110.81128
50.80500	111.42054
50.82000	112.05172
50.83500	112.74251
50.85000	113.52852
50.86500	114.43852
50.88000	115.49230
50.89500	116.69692
50.91000	118.04485
50.92500	119.51534
50.94000	121.07389
50.95500	122.67446
50.97000	124.26444
50.98500	125.79073
51.00000	127.20715
51.01500	128.48125
51.03000	129.59887
51.04500	130.56491
51.06000	131.40094
51.07500	132.14072
51.09000	132.82520
51.10500	133.49804
51.12000	134.20135
51.13500	134.97154
51.15000	135.83527
51.16500	136.80619
51.18000	137.88340
51.19500	139.05224
51.21000	140.28770
51.22500	141.55799
51.24000	142.82797
51.25500	144.06092
51.27000	145.21696
51.28500	146.25018
51.30000	147.10502
51.31500	147.71817
51.33000	148.02460
51.34500	147.96871
51.36000	147.52092
51.37500	146.68106
51.39000	145.48810
51.40500	144.01372
51.42000	142.35075
51.43500	140.59890
51.45000	138.85222
51.46500	137.19108
51.48000	135.67826
51.49500	134.36528
51.51000	133.28364
51.52500	132.45462
51.54000	131.88762
51.55500	131.57955
51.57000	131.51370
51.58500	131.65881
51.60000	131.96937
51.61500	132.38786
51.63000	132.84919
51.64500	133.28797
51.66000	133.64726
51.67500	133.88604
51.69000	133.98478
51.70500	133.94547
51.72000	133.78646
51.73500	133.53341
51.75000	133.20927
51.76500	132.82634
51.78000	132.38277
51.79500	131.86355
51.81000	131.24704
51.82500	130.51333
51.84000	129.65341
51.85500	128.67523
51.87000	127.60514
51.88500	126.48432
51.90000	125.36168
51.91500	124.28546
51.93000	123.29592
51.94500	122.42018
51.96000	121.66975
51.97500	121.04024
51.99000	120.51306
52.00500	120.05856
52.02000	119.64078
52.03500	119.22314
52.05000	118.77446
52.06500	118.27510
52.08000	117.71898
52.09500	117.11501
52.11000	116.48757
52.12500	115.86566
52.14000	115.28299
52.15500	114.77135
52.17000	114.35706
52.18500	114.05917
52.20000	113.88882
52.21500	113.85047
52.23000	113.94242
52.24500	114.15873
52.26000	114.49161
52.27500	114.93278
52.29000	115.47432
52.30500	116.10823
52.32000	116.82469
52.33500	117.60929
52.35000	118.43978
52.36500	119.28476
52.38000	120.10129
52.39500	120.83848
52.41000	121.44218
52.42500	121.86262
52.44000	122.06303
52.45500	122.02706
52.47000	121.76269
52.48500	121.30119
52.50000	120.69155
52.51500	119.99181
52.53000	119.26017
52.54500	118.54757
52.56000	117.89299
52.57500	117.32131
52.59000	116.84324
52.60500	116.45663
52.62000	116.14864
52.63500	115.89854
52.65000	115.68089
52.66500	115.47039
52.68000	115.24759
52.69500	114.99503
52.71000	114.70635
52.72500	114.38462
52.74000	114.04109
52.75500	113.69260
52.77000	113.35870
52.78500	113.06019
52.80000	112.81578
52.81500	112.64294
52.83000	112.55745
52.84500	112.57355
52.86000	112.70412
52.87500	112.96068
52.89000	113.35450
52.90500	113.89865
52.92000	114.60072
52.93500	115.46950
52.95000	116.51256
52.96500	117.73540
52.98000	119.14036
52.99500	120.72499
53.01000	122.48012
53.02500	124.38760
53.04000	126.41822
53.05500	128.53012
53.07000	130.66861
53.08500	132.76779
53.10000	134.75482
53.11500	136.55648
53.13000	138.10742
53.14500	139.35815
53.16000	140.28172
53.17500	140.87402
53.19000	141.15305
53.20500	141.15323
53.22000	140.91874
53.23500	140.49724
53.25000	139.93501
53.26500	139.27378
53.28000	138.54918
53.29500	137.79047
53.31000	137.02143
53.32500	136.26190
53.34000	135.52925
53.35500	134.83960
53.37000	134.20853
53.38500	133.65273
53.40000	133.18827
53.41500	132.83281
53.43000	132.60520
53.44500	132.52530
53.46000	132.61341
53.47500	132.88942
53.49000	133.37183
53.50500	134.07666
53.52000	135.01595
53.53500	136.19569
53.55000	137.61325
53.56500	139.25434
53.58000	141.09007
53.59500	143.07442
53.61000	145.14328
53.62500	147.21562
53.64000	149.19819
53.65500	150.99382
53.67000	152.51305
53.68500	153.68674
53.70000	154.47919
53.71500	154.89033
53.73000	154.95693
53.74500	154.74310
53.76000	154.32589
53.77500	153.77988
53.79000	153.16441
53.80500	152.51507
53.82000	151.84109
53.83500	151.12832
53.85000	150.34662
53.86500	149.46022
53.88000	148.43856
53.89500	147.26520
53.91000	145.94263
53.92500	144.49191
53.94000	142.94773
53.95500	141.35102
53.97000	139.74142
53.98500	138.15187
54.00000	136.60639
54.01500	135.12072
54.03000	133.70498
54.04500	132.36705
54.06000	131.11539
54.07500	129.96048
54.09000	128.91500
54.10500	127.99292
54.12000	127.20802
54.13500	126.57186
54.15000	126.09801
54.16500	125.79119
54.18000	125.65447
54.19500	125.68715
54.21000	125.88395
54.22500	126.23403
54.24000	126.72168
54.25500	127.32599
54.27000	128.02139
54.28500	128.77865
54.30000	129.56685
54.31500	130.35599
54.33000	131.12011
54.34500	131.84042
54.36000	132.50772
54.37500	133.12346
54.39000	133.69927
54.40500	134.25484
54.42000	134.81441
54.43500	135.40250
54.45000	136.03923
54.46500	136.73601
54.48000	137.49196
54.49500	138.29163
54.51000	139.10432
54.52500	139.88563
54.54000	140.58133
54.55500	141.13371
54.57000	141.48984
54.58500	141.61030
54.60000	141.47658
54.61500	141.09498
54.63000	140.49589
54.64500	139.72847
54.66000	138.85222
54.67500	137.92766
54.69000	137.00802
54.70500	136.13324
54.72000	135.32672
54.73500	134.59451
54.75000	133.92665
54.76500	133.30157
54.78000	132.68927
54.79500	132.05680
54.81000	131.37603
54.82500	130.62707
54.84000	129.80131
54.85500	128.90285
54.87000	127.94730
54.88500	126.95628
54.90000	125.95517
54.91500	124.96926
54.93000	124.02292
54.94500	123.13566
54.96000	122.32430
54.97500	121.60250
54.99000	120.98106
55.00500	120.46825
55.02000	120.07007
55.03500	119.79072
55.05000	119.63313
55.06500	119.59956
55.08000	119.69239
55.09500	119.91477
55.11000	120.26967
55.12500	120.76078
55.14000	121.39105
55.15500	122.16233
55.17000	123.07741
55.18500	124.13181
55.20000	125.31932
55.21500	126.62973
55.23000	128.04857
55.24500	129.55735
55.26000	131.13391
55.27500	132.75324
55.29000	134.38839
55.30500	136.01148
55.32000	137.59465
55.33500	139.11075
55.35000	140.53465
55.36500	141.84191
55.38000	143.01106
55.39500	144.02291
55.41000	144.86218
55.42500	145.51811
55.44000	145.98507
55.45500	146.26234
55.47000	146.35381
55.48500	146.26782
55.50000	146.01720
55.51500	145.61950
55.53000	145.09688
55.54500	144.47512
55.56000	143.78172
55.57500	143.04347
55.59000	142.28453
55.60500	141.52554
55.62000	140.78419
55.63500	140.07687
55.65000	139.42053
55.66500	138.83392
55.68000	138.33769
55.69500	137.95320
55.71000	137.70041
55.72500	137.59544
55.74000	137.64835
55.75500	137.86165
55.77000	138.22957
55.78500	138.73833
55.80000	139.36755
55.81500	140.09253
55.83000	140.88746
55.84500	141.72914
55.86000	142.59999
55.87500	143.49049
55.89000	144.39971
55.90500	145.33397
55.92000	146.30410
55.93500	147.32185
55.95000	148.39644
55.96500	149.53302
55.98000	150.72937
55.99500	151.97707
56.01000	153.26128
56.02500	154.56099
56.04000	155.84894
56.05500	157.09108
56.07000	158.24783
56.08500	159.27629
56.10000	160.12799
56.11500	160.75661
56.13000	161.12376
56.14500	161.20405
56.16000	160.98980
56.17500	160.49347
56.19000	159.74744
56.20500	158.80054
56.22000	157.71292
56.23500	156.54926
56.25000	155.37190
56.26500	154.23472
56.28000	153.17839
56.29500	152.22756
56.31000	151.38983
56.32500	150.65674
56.34000	150.00659
56.35500	149.40878
56.37000	148.82934
56.38500	148.23686
56.40000	147.60774
56.41500	146.92963
56.43000	146.20235
56.44500	145.43623
56.46000	144.64826
56.47500	143.85759
56.49000	143.08119
56.50500	142.33100
56.52000	141.61271
56.53500	140.92631
56.55000	140.26800
56.56500	139.63282
56.58000	139.01716
56.59500	138.42071
56.61000	137.84719
56.62500	137.30368
56.64000	136.79953
56.65500	136.34356
56.67000	135.94101
56.68500	135.59187
56.70000	135.28879
56.71500	135.01619
56.73000	134.75067
56.74500	134.46293
56.76000	134.12115
56.77500	133.69533
56.79000	133.16215
56.80500	132.50891
56.82000	131.73584
56.83500	130.85631
56.85000	129.89473
56.86500	128.88289
56.88000	127.85580
56.89500	126.84791
56.91000	125.89018
56.92500	125.00850
56.94000	124.22292
56.95500	123.54776
56.97000	122.99201
56.98500	122.55989
57.00000	122.25133
57.01500	122.06233
57.03000	121.98513
57.04500	122.00832
57.06000	122.11692
57.07500	122.29265
57.09000	122.51450
57.10500	122.75967
57.12000	123.00502
57.13500	123.22882
57.15000	123.41264
57.16500	123.54304
57.18000	123.61282
57.19500	123.62156
57.21000	123.57521
57.22500	123.48719
57.24000	123.37278
57.25500	123.25076
57.27000	123.14024
57.28500	123.05850
57.30000	123.02008
57.31500	123.03576
57.33000	123.11215
57.34500	123.25243
57.36000	123.45599
57.37500	123.72000
57.39000	124.04023
57.40500	124.41199
57.42000	124.83112
57.43500	125.29484
57.45000	125.80235
57.46500	126.35504
57.48000	126.95722
57.49500	127.61346
57.51000	128.33046
57.52500	129.11562
57.54000	129.97188
57.55500	130.90141
57.57000	131.90348
57.58500	132.97396
57.60000	134.10483
57.61500	135.28370
57.63000	136.49356
57.64500	137.71284
57.66000	138.91621
57.67500	140.07623
57.69000	141.16576
57.70500	142.16086
57.72000	143.04349
57.73500	143.80339
57.75000	144.43877
57.76500	144.95561
57.78000	145.36575
57.79500	145.68432
57.81000	145.92714
57.82500	146.10825
57.84000	146.23816
57.85500	146.32296
57.87000	146.36435
57.88500	146.36054
57.90000	146.30791
57.91500	146.20304
57.93000	146.04471
57.94500	145.83560
57.96000	145.58325
57.97500	145.30002
57.99000	145.00232
58.00500	144.70921
58.02000	144.44021
58.03500	144.21414
58.05000	144.04772
58.06500	143.95457
58.08000	143.94428
58.09500	144.02148
58.11000	144.18443
58.12500	144.42402
58.14000	144.72269
58.15500	145.05516
58.17000	145.38821
58.18500	145.68430
58.20000	145.90520
58.21500	146.01690
58.23000	145.99441
58.24500	145.82578
58.26000	145.51410
58.27500	145.07724
58.29000	144.54552
58.30500	143.95799
58.32000	143.35768
58.33500	142.78807
58.35000	142.28983
58.36500	141.89880
58.38000	141.64470
58.39500	141.55130
58.41000	141.63463
58.42500	141.90405
58.44000	142.36172
58.45500	143.00254
58.47000	143.81400
58.48500	144.77631
58.50000	145.86268
58.51500	147.04015
58.53000	148.27082
58.54500	149.51365
58.56000	150.72674
58.57500	151.86923
58.59000	152.90404
58.60500	153.80005
58.62000	154.53423
58.63500	155.09335
58.65000	155.47518
58.66500	155.68877
58.68000	155.75373
58.69500	155.69862
58.71000	155.55852
58.72500	155.37325
58.74000	155.18582
58.75500	155.03548
58.77000	154.95941
58.78500	154.98907
58.80000	155.14803
58.81500	155.45013
58.83000	155.89828
58.84500	156.48403
58.86000	157.18797
58.87500	157.98107
58.89000	158.82689
58.90500	159.68438
58.92000	160.51113
58.93500	161.26638
58.95000	161.91339
58.96500	162.42057
58.98000	162.76159
58.99500	162.91409
59.01000	162.86106
59.02500	162.59001
59.04000	162.08689
59.05500	161.34388
59.07000	160.35853
59.08500	159.13524
59.10000	157.68650
59.11500	156.03350
59.13000	154.20593
59.14500	152.24084
59.16000	150.18068
59.17500	148.07072
59.19000	145.95637
59.20500	143.88035
59.22000	141.88035
59.23500	139.98760
59.25000	138.22593
59.26500	136.61230
59.28000	135.15664
59.29500	133.86185
59.31000	132.72587
59.32500	131.74226
59.34000	130.90124
59.35500	130.19065
59.37000	129.59691
59.38500	129.10589
59.40000	128.70434
59.41500	128.38018
59.43000	128.12338
59.44500	127.92717
59.46000	127.78845
59.47500	127.70803
59.49000	127.69039
59.50500	127.74298
59.52000	127.87499
59.53500	128.09688
59.55000	128.41789
59.56500	128.84472
59.58000	129.38100
59.59500	130.02600
59.61000	130.77393
59.62500	131.61354
59.64000	132.52795
59.65500	133.49536
59.67000	134.48918
59.68500	135.47964
59.70000	136.43511
59.71500	137.32363
59.73000	138.11429
59.74500	138.77842
59.76000	139.29045
59.77500	139.62883
59.79000	139.77650
59.80500	139.72173
59.82000	139.45927
59.83500	138.99124
59.85000	138.32742
59.86500	137.48480
59.88000	136.48634
59.89500	135.35696
59.91000	134.13158
59.92500	132.84080
59.94000	131.50876
59.95500	130.16046
59.97000	128.81994
59.98500	127.50596
60.00000	126.23586
60.01500	125.02465
60.03000	123.88498
60.04500	122.82688
60.06000	121.85763
60.07500	120.98223
60.09000	120.20143
60.10500	119.51340
60.12000	118.91342
60.13500	118.39410
60.15000	117.94934
60.16500	117.56879
60.18000	117.24391
60.19500	116.96754
60.21000	116.73470
60.22500	116.54311
60.24000	116.39308
60.25500	116.28704
60.27000	116.23073
60.28500	116.22840
60.30000	116.28498
60.31500	116.40449
60.33000	116.58944
60.34500	116.84049
60.36000	117.15626
60.37500	117.53337
60.39000	117.96635
60.40500	118.44793
60.42000	118.96995
60.43500	119.52202
60.45000	120.09289
60.46500	120.67021
60.48000	121.24063
60.49500	121.78994
60.51000	122.30303
60.52500	122.76792
60.54000	123.17136
60.55500	123.50461
60.57000	123.76382
60.58500	123.95117
60.60000	124.07567
60.61500	124.15191
60.63000	124.19948
60.64500	124.24095
60.66000	124.29972
60.67500	124.39803
60.69000	124.55520
60.70500	124.78636
60.72000	125.10166
60.73500	125.50577
60.75000	125.99778
60.76500	126.57127
60.78000	127.21490
60.79500	127.91298
60.81000	128.64668
60.82500	129.39561
60.84000	130.13952
60.85500	130.86018
60.87000	131.54280
60.88500	132.17699
60.90000	132.75683
60.91500	133.28019
60.93000	133.74748
60.94500	134.16016
60.96000	134.51955
60.97500	134.82598
60.99000	135.07859
61.00500	135.27558
61.02000	135.41472
61.03500	135.49397
61.05000	135.51197
61.06500	135.46836
61.08000	135.36386
61.09500	135.19981
61.11000	134.98105
61.12500	134.71176
61.14000	134.39571
61.15500	134.03842
61.17000	133.64664
61.18500	133.22838
61.20000	132.79370
61.21500	132.35498
61.23000	131.92676
61.24500	131.52514
61.26000	131.16653
61.27500	130.86611
61.29000	130.63620
61.30500	130.48469
61.32000	130.41402
61.33500	130.42042
61.35000	130.49397
61.36500	130.61898
61.38000	130.77509
61.39500	130.93865
61.41000	131.08449
61.42500	131.18796
61.44000	131.22741
61.45500	131.18454
61.47000	131.04682
61.48500	130.80778
61.50000	130.46688
61.51500	130.02879
61.53000	129.50223
61.54500	128.89861
61.56000	128.23068
61.57500	127.51133
61.59000	126.75262
61.60500	125.96496
61.62000	125.15643
61.63500	124.33231
61.65000	123.49577
61.66500	122.64838
61.68000	121.78910
61.69500	120.91604
61.71000	120.02797
61.72500	119.12471
61.74000	118.20777
61.75500	117.28073
61.77000	116.34937
61.78500	115.42150
61.80000	114.50668
61.81500	113.61552
61.83000	112.75909
61.84500	111.94822
61.86000	111.19294
61.87500	110.50199
61.89000	109.88253
61.90500	109.34012
61.92000	108.87870
61.93500	108.50076
61.95000	108.20754
61.96500	107.99915
61.98000	107.87471
61.99500	107.83242
62.01000	107.86948
62.02500	107.98209
62.04000	108.16522
62.05500	108.41258
62.07000	108.71652
62.08500	109.06815
62.10000	109.45761
62.11500	109.87461
62.13000	110.30916
62.14500	110.75250
62.16000	111.19802
62.17500	111.64202
62.19000	112.08414
62.20500	112.52733
62.22000	112.97740
62.23500	113.44224
62.25000	113.93085
62.26500	114.45244
62.28000	115.01555
62.29500	115.62752
62.31000	116.29526
62.32500	117.02358
62.34000	117.81479
62.35500	118.66994
62.37000	119.58819
62.38500	120.56668
62.40000	121.60030
62.41500	122.68256
62.43000	123.80483
62.44500	124.95681
62.46000	126.12757
62.47500	127.30597
62.49000	128.48108
62.50500	129.64412
62.52000	130.78583
62.53500	131.89874
62.55000	132.97667
62.56500	134.01337
62.58000	135.00253
62.59500	135.93708
62.61000	136.80865
62.62500	137.60744
62.64000	138.32243
62.65500	138.94185
62.67000	139.45454
62.68500	139.84985
62.70000	140.11914
62.71500	140.25619
62.73000	140.25737
62.74500	140.12195
62.76000	139.85216
62.77500	139.45260
62.79000	138.93133
62.80500	138.29982
62.82000	137.57302
62.83500	136.76950
62.85000	135.91089
62.86500	135.02077
62.88000	134.12326
62.89500	133.24123
62.91000	132.39462
62.92500	131.59885
62.94000	130.86388
62.95500	130.19371
62.97000	129.58657
62.98500	129.03569
63.00000	128.53049
63.01500	128.05798
63.03000	127.60420
63.04500	127.15542
63.06000	126.69894
63.07500	126.22337
63.09000	125.71854
63.10500	125.17517
63.12000	124.58452
63.13500	123.93838
63.15000	123.22931
63.16500	122.45154
63.18000	121.60215
63.19500	120.68096
63.21000	119.69202
63.22500	118.64344
63.24000	117.54687
63.25500	116.41673
63.27000	115.26898
63.28500	114.12000
63.30000	112.98553
63.31500	111.87984
63.33000	110.81520
63.34500	109.80159
63.36000	108.84665
63.37500	107.95583
63.39000	107.13257
63.40500	106.37871
63.42000	105.69477
63.43500	105.08032
63.45000	104.53424
63.46500	104.05498
63.48000	103.64065
63.49500	103.28918
63.51000	102.99841
63.52500	102.76617
63.54000	102.59050
63.55500	102.46974
63.57000	102.40268
63.58500	102.38849
63.60000	102.42655
63.61500	102.51762
63.63000	102.66075
63.64500	102.85506
63.66000	103.09862
63.67500	103.38841
63.69000	103.72007
63.70500	104.08786
63.72000	104.48481
63.73500	104.90305
63.75000	105.33399
63.76500	105.76890
63.78000	106.19917
63.79500	106.61671
63.81000	107.01387
63.82500	107.38550
63.84000	107.72757
63.85500	108.03657
63.87000	108.31188
63.88500	108.55515
63.90000	108.77018
63.91500	108.96246
63.93000	109.13862
63.94500	109.30553
63.96000	109.46956
63.97500	109.63597
63.99000	109.80850
64.00500	109.98935
64.02000	110.17917
64.03500	110.37728
64.05000	110.58170
64.06500	110.78913
64.08000	110.99475
64.09500	111.19195
64.11000	111.37244
64.12500	111.52605
64.14000	111.64111
64.15500	111.70525
64.17000	111.70738
64.18500	111.63820
64.20000	111.48987
64.21500	111.25883
64.23000	110.94562
64.24500	110.55501
64.26000	110.09578
64.27500	109.58022
64.29000	109.02339
64.30500	108.44234
64.32000	107.85514
64.33500	107.28000
64.35000	106.73439
64.36500	106.23484
64.38000	105.79548
64.39500	105.42844
64.41000	105.14350
64.42500	104.94803
64.44000	104.84698
64.45500	104.84317
64.47000	104.93697
64.48500	105.12670
64.50000	105.40857
64.51500	105.77669
64.53000	106.22287
64.54500	106.73857
64.56000	107.31330
64.57500	107.93398
64.59000	108.58748
64.60500	109.26035
64.62000	109.93939
64.63500	110.61217
64.65000	111.26745
64.66500	111.89535
64.68000	112.48628
64.69500	113.03970
64.71000	113.54781
64.72500	114.00699
64.74000	114.41480
64.75500	114.76952
64.77000	115.07001
64.78500	115.31571
64.80000	115.50680
64.81500	115.64435
64.83000	115.73057
64.84500	115.76893
64.86000	115.76419
64.87500	115.72221
64.89000	115.64968
64.90500	115.55398
64.92000	115.44356
64.93500	115.32651
64.95000	115.21089
64.96500	115.10476
64.98000	115.01550
64.99500	114.94911
65.01000	114.90952
65.02500	114.89778
65.04000	114.91149
65.05500	114.94453
65.07000	114.98723
65.08500	115.02677
65.10000	115.04829
65.11500	115.03608
65.13000	114.97493
65.14500	114.85145
65.16000	114.65514
65.17500	114.37990
65.19000	114.02279
65.20500	113.58620
65.22000	113.07561
65.23500	112.50029
65.25000	111.87214
65.26500	111.20477
65.28000	110.51246
65.29500	109.80911
65.31000	109.10740
65.32500	108.41796
65.34000	107.74875
65.35500	107.10632
65.37000	106.49306
65.38500	105.90966
65.40000	105.35496
65.41500	104.82666
65.43000	104.32194
65.44500	103.83827
65.46000	103.37396
65.47500	102.92875
65.49000	102.50400
65.50500	102.10276
65.52000	101.72954
65.53500	101.38981
65.55000	101.08940
65.56500	100.83380
65.58000	100.62744
65.59500	100.47314
65.61000	100.37155
65.62500	100.32084
65.64000	100.31650
65.65500	100.35130
65.67000	100.41543
65.68500	100.49747
65.70000	100.58371
65.71500	100.65985
65.73000	100.71163
65.74500	100.72578
65.76000	100.69086
65.77500	100.59816
65.79000	100.44221
65.80500	100.22115
65.82000	99.93679
65.83500	99.59439
65.85000	99.20205
65.86500	98.77081
65.88000	98.31283
65.89500	97.84059
65.91000	97.36656
65.92500	96.90232
65.94000	96.45804
65.95500	96.04213
65.97000	95.66121
65.98500	95.32001
66.00000	95.02161
66.01500	94.76745
66.03000	94.55756
66.04500	94.39060
66.06000	94.26398
66.07500	94.17389
66.09000	94.11545
66.10500	94.08286
66.12000	94.06954
66.13500	94.06906
66.15000	94.07451
66.16500	94.07970
66.18000	94.07940
66.19500	94.06962
66.21000	94.04787
66.22500	94.01328
66.24000	93.96646
66.25500	93.90936
66.27000	93.84494
66.28500	93.77671
66.30000	93.70842
66.31500	93.64357
66.33000	93.58510
66.34500	93.53520
66.36000	93.49513
66.37500	93.46525
66.39000	93.44503
66.40500	93.43315
66.42000	93.42758
66.43500	93.42568
66.45000	93.42437
66.46500	93.42123
66.48000	93.41245
66.49500	93.39501
66.51000	93.36650
66.52500	93.32542
66.54000	93.27140
66.55500	93.20535
66.57000	93.12945
66.58500	93.04693
66.60000	92.96174
66.61500	92.87812
66.63000	92.80013
66.64500	92.73123
66.66000	92.67400
66.67500	92.62998
66.69000	92.59976
66.70500	92.58310
66.72000	92.57931
66.73500	92.58761
66.75000	92.60755
66.76500	92.63932
66.78000	92.68401
66.79500	92.74371
66.81000	92.82140
66.82500	92.92095
66.84000	93.04665
66.85500	93.20290
66.87000	93.39386
66.88500	93.62312
66.90000	93.89323
66.91500	94.20542
66.93000	94.55924
66.94500	94.95233
66.96000	95.38019
66.97500	95.83613
66.99000	96.31126
67.00500	96.79474
67.02000	97.27418
67.03500	97.73631
67.05000	98.16796
67.06500	98.55661
67.08000	98.89172
67.09500	99.16548
67.11000	99.37337
67.12500	99.51443
67.14000	99.59094
67.15500	99.60767
67.17000	99.57246
67.18500	99.49264
67.20000	99.37620
67.21500	99.23051
67.23000	99.06190
67.24500	98.87551
67.26000	98.67520
67.27500	98.46373
67.29000	98.24288
67.30500	98.01362
67.32000	97.77618
67.33500	97.53015
67.35000	97.27460
67.36500	97.00818
67.38000	96.72933
67.39500	96.43660
67.41000	96.12891
67.42500	95.80590
67.44000	95.46816
67.45500	95.11744
67.47000	94.75658
67.48500	94.38940
67.50000	94.02035
67.51500	93.65611
67.53000	93.30123
67.54500	92.96109
67.56000	92.64075
67.57500	92.34479
67.59000	92.07714
67.60500	91.84096
67.62000	91.63921
67.63500	91.47412
67.65000	91.34686
67.66500	91.25841
67.68000	91.20935
67.69500	91.19998
67.71000	91.23043
67.72500	91.30076
67.74000	91.41098
67.75500	91.56103
67.77000	91.75084
67.78500	91.98021
67.80000	92.24862
67.81500	92.55486
67.83000	92.89796
67.84500	93.27546
67.86000	93.68324
67.87500	94.11612
67.89000	94.56728
67.90500	95.02821
67.92000	95.48862
67.93500	95.93682
67.95000	96.35971
67.96500	96.74370
67.98000	97.07533
67.99500	97.34212
68.01000	97.53376
68.02500	97.64563
68.04000	97.67346
68.05500	97.61837
68.07000	97.48585
68.08500	97.28519
68.10000	97.02863
68.11500	96.73037
68.13000	96.40551
68.14500	96.06904
68.16000	95.73502
68.17500	95.41590
68.19000	95.12238
68.20500	94.86289
68.22000	94.64343
68.23500	94.46786
68.25000	94.33792
68.26500	94.25329
68.28000	94.21181
68.29500	94.20956
68.31000	94.24116
68.32500	94.29998
68.34000	94.37845
68.35500	94.46847
68.37000	94.56186
68.38500	94.65076
68.40000	94.72817
68.41500	94.78833
68.43000	94.82698
68.44500	94.84142
68.46000	94.83112
68.47500	94.79804
68.49000	94.74371
68.50500	94.67163
68.52000	94.58614
68.53500	94.49214
68.55000	94.39472
68.56500	94.29877
68.58000	94.20883
68.59500	94.12873
68.61000	94.06138
68.62500	94.00859
68.64000	93.97097
68.65500	93.94790
68.67000	93.93758
68.68500	93.93744
68.70000	93.94582
68.71500	93.95873
68.73000	93.97343
68.74500	93.98789
68.76000	94.00107
68.77500	94.01311
68.79000	94.02536
68.80500	94.04029
68.82000	94.06129
68.83500	94.09244
68.85000	94.13825
68.86500	94.20331
68.88000	94.29207
68.89500	94.40854
68.91000	94.55610
68.92500	94.73725
68.94000	94.95348
68.95500	95.20511
68.97000	95.49119
68.98500	95.80939
69.00000	96.15606
69.01500	96.52701
69.03000	96.91570
69.04500	97.31541
69.06000	97.71860
69.07500	98.11730
69.09000	98.50376
69.10500	98.87078
69.12000	99.21207
69.13500	99.52260
69.15000	99.79877
69.16500	100.03858
69.18000	100.24156
69.19500	100.40872
69.21000	100.54235
69.22500	100.64587
69.24000	100.72356
69.25500	100.78037
69.27000	100.82178
69.28500	100.85358
69.30000	100.88173
69.31500	100.91214
69.33000	100.95067
69.34500	101.00292
69.36000	101.07355
69.37500	101.16664
69.39000	101.28532
69.40500	101.43167
69.42000	101.60659
69.43500	101.80988
69.45000	102.04023
69.46500	102.29538
69.48000	102.57240
69.49500	102.86788
69.51000	103.17827
69.52500	103.50015
69.54000	103.83040
69.55500	104.16610
69.57000	104.50461
69.58500	104.84501
69.60000	105.18338
69.61500	105.51613
69.63000	105.83862
69.64500	106.14487
69.66000	106.42761
69.67500	106.67841
69.69000	106.88811
69.70500	107.04734
69.72000	107.14717
69.73500	107.17981
69.75000	107.13913
69.76500	107.02110
69.78000	106.82401
69.79500	106.54855
69.81000	106.19761
69.82500	105.77612
69.84000	105.29071
69.85500	104.74946
69.87000	104.16150
69.88500	103.53664
69.90000	102.88504
69.91500	102.21673
69.93000	101.54199
69.94500	100.87020
69.96000	100.20969
69.97500	99.56808
69.99000	98.95209
70.00500	98.36749
70.02000	97.81920
70.03500	97.31133
70.05000	96.84726
70.06500	96.42977
70.08000	96.06122
70.09500	95.74327
70.11000	95.47728
70.12500	95.26422
70.14000	95.10477
70.15500	94.99924
70.17000	94.94755
70.18500	94.94919
70.20000	95.00313
70.21500	95.10763
70.23000	95.26020
70.24500	95.45747
70.26000	95.69504
70.27500	95.96748
70.29000	96.26824
70.30500	96.58971
70.32000	96.92338
70.33500	97.26005
70.35000	97.59017
70.36500	97.90423
70.38000	98.19321
70.39500	98.44897
70.41000	98.66465
70.42500	98.83493
70.44000	98.95615
70.45500	99.02632
70.47000	99.04507
70.48500	99.01349
70.50000	98.93390
70.51500	98.80973
70.53000	98.64546
70.54500	98.44621
70.56000	98.21749
70.57500	97.96622
70.59000	97.69915
70.60500	97.42228
70.62000	97.14156
70.63500	96.86265
70.65000	96.59063
70.66500	96.32990
70.68000	96.08408
70.69500	95.85665
70.71000	95.65027
70.72500	95.46671
70.74000	95.30757
70.75500	95.17411
70.77000	95.06733
70.78500	94.98802
70.80000	94.93675
70.81500	94.91441
70.83000	94.92181
70.84500	94.95930
70.86000	95.02743
70.87500	95.12667
70.89000	95.25727
70.90500	95.41918
70.92000	95.61194
70.93500	95.83483
70.95000	96.08672
70.96500	96.36565
70.98000	96.66951
70.99500	96.99592
71.01000	97.34238
71.02500	97.70631
71.04000	98.08507
71.05500	98.47607
71.07000	98.87654
71.08500	99.28320
71.10000	99.69227
71.11500	100.09925
71.13000	100.49871
71.14500	100.88429
71.16000	101.24871
71.17500	101.58399
71.19000	101.88177
71.20500	102.13372
71.22000	102.33202
71.23500	102.46987
71.25000	102.54193
71.26500	102.54469
71.28000	102.47662
71.29500	102.33818
71.31000	102.13176
71.32500	101.86137
71.34000	101.53224
71.35500	101.14954
71.37000	100.72438
71.38500	100.26200
71.40000	99.77018
71.41500	99.25662
71.43000	98.72893
71.44500	98.19419
71.46000	97.65890
71.47500	97.12873
71.49000	96.60835
71.50500	96.10130
71.52000	95.60999
71.53500	95.13567
71.55000	94.67859
71.56500	94.23814
71.58000	93.81309
71.59500	93.40187
71.61000	93.00270
71.62500	92.61382
71.64000	92.23444
71.65500	91.86451
71.67000	91.50274
71.68500	91.14916
71.70000	90.80415
71.71500	90.46834
71.73000	90.14251
71.74500	89.82738
71.76000	89.52351
71.77500	89.23119
71.79000	88.95035
71.80500	88.68055
71.82000	88.42101
71.83500	88.17060
71.85000	87.92827
71.86500	87.69305
71.88000	87.46346
71.89500	87.23846
71.91000	87.01726
71.92500	86.79944
71.94000	86.58492
71.95500	86.37388
71.97000	86.16689
71.98500	85.96477
72.00000	85.76859
72.01500	85.57955
72.03000	85.39888
72.04500	85.22781
72.06000	85.06745
72.07500	84.91869
72.09000	84.78218
72.10500	84.65821
72.12000	84.54671
72.13500	84.44723
72.15000	84.35892
72.16500	84.28059
72.18000	84.21088
72.19500	84.14810
72.21000	84.09049
72.22500	84.03638
72.24000	83.98421
72.25500	83.93272
72.27000	83.88080
72.28500	83.82868
72.30000	83.77619
72.31500	83.72365
72.33000	83.67186
72.34500	83.62184
