5.00000	2344.00000
5.02500	2433.00000
5.05000	2464.00000
5.07500	2454.00000
5.10000	2484.00000
5.12500	2458.00000
5.15000	2476.00000
5.17500	2417.00000
5.20000	2461.00000
5.22500	2442.00000
5.25000	2468.00000
5.27500	2497.00000
5.30000	2466.00000
5.32500	2486.00000
5.35000	2490.00000
5.37500	2473.00000
5.40000	2476.00000
5.42500	2502.00000
5.45000	2538.00000
5.47500	2510.00000
5.50000	2452.00000
5.52500	2488.00000
5.55000	2465.00000
5.57500	2499.00000
5.60000	2540.00000
5.62500	2461.00000
5.65000	2537.00000
5.67500	2510.00000
5.70000	2513.00000
5.72500	2539.00000
5.75000	2499.00000
5.77500	2576.00000
5.80000	2573.00000
5.82500	2586.00000
5.85000	2511.00000
5.87500	2492.00000
5.90000	2466.00000
5.92500	2538.00000
5.95000	2621.00000
5.97500	2607.00000
6.00000	2488.00000
6.02500	2490.00000
6.05000	2498.00000
6.07500	2456.00000
6.10000	2469.00000
6.12500	2439.00000
6.15000	2447.00000
6.17500	2447.00000
6.20000	2454.00000
6.22500	2498.00000
6.25000	2464.00000
6.27500	2458.00000
6.30000	2477.00000
6.32500	2491.00000
6.35000	2510.00000
6.37500	2468.00000
6.40000	2455.00000
6.42500	2423.00000
6.45000	2415.00000
6.47500	2464.00000
6.50000	2438.00000
6.52500	2356.00000
6.55000	2333.00000
6.57500	2368.00000
6.60000	2367.00000
6.62500	2388.00000
6.65000	2410.00000
6.67500	2351.00000
6.70000	2308.00000
6.72500	2349.00000
6.75000	2341.00000
6.77500	2318.00000
6.80000	2308.00000
6.82500	2291.00000
6.85000	2315.00000
6.87500	2352.00000
6.90000	2346.00000
6.92500	2286.00000
6.95000	2251.00000
6.97500	2286.00000
7.00000	2292.00000
7.02500	2273.00000
7.05000	2305.00000
7.07500	2262.00000
7.10000	2246.00000
7.12500	2205.00000
7.15000	2200.00000
7.17500	2293.00000
7.20000	2219.00000
7.22500	2135.00000
7.25000	2259.00000
7.27500	2196.00000
7.30000	2238.00000
7.32500	2179.00000
7.35000	2122.00000
7.37500	2126.00000
7.40000	2243.00000
7.42500	2135.00000
7.45000	2112.00000
7.47500	2070.00000
7.50000	2111.00000
7.52500	1983.00000
7.55000	2071.00000
7.57500	2130.00000
7.60000	2045.00000
7.62500	2126.00000
7.65000	2114.00000
7.67500	2117.00000
7.70000	2042.00000
7.72500	2038.00000
7.75000	2067.00000
7.77500	2105.00000
7.80000	2011.00000
7.82500	2051.00000
7.85000	2041.00000
7.87500	2031.00000
7.90000	2061.00000
7.92500	2068.00000
7.95000	2050.00000
7.97500	2004.00000
8.00000	2017.00000
8.02500	2035.00000
8.05000	2011.00000
8.07500	1990.00000
8.10000	1964.00000
8.12500	1969.00000
8.15000	1972.00000
8.17500	1976.00000
8.20000	1977.00000
8.22500	1896.00000
8.25000	1908.00000
8.27500	1907.00000
8.30000	1932.00000
8.32500	1891.00000
8.35000	1954.00000
8.37500	1901.00000
8.40000	1900.00000
8.42500	1890.00000
8.45000	1905.00000
8.47500	1875.00000
8.50000	1892.00000
8.52500	1851.00000
8.55000	1892.00000
8.57500	1889.00000
8.60000	1881.00000
8.62500	1888.00000
8.65000	1863.00000
8.67500	1832.00000
8.70000	1877.00000
8.72500	1852.00000
8.75000	1820.00000
8.77500	1830.00000
8.80000	1802.00000
8.82500	1791.00000
8.85000	1825.00000
8.87500	1856.00000
8.90000	1823.00000
8.92500	1763.00000
8.95000	1736.00000
8.97500	1759.00000
9.00000	1751.00000
9.02500	1730.00000
9.05000	1713.00000
9.07500	1763.00000
9.10000	1768.00000
9.12500	1778.00000
9.15000	1759.00000
9.17500	1766.00000
9.20000	1766.00000
9.22500	1739.00000
9.25000	1705.00000
9.27500	1732.00000
9.30000	1730.00000
9.32500	1713.00000
9.35000	1738.00000
9.37500	1702.00000
9.40000	1693.00000
9.42500	1682.00000
9.45000	1721.00000
9.47500	1713.00000
9.50000	1707.00000
9.52500	1684.00000
9.55000	1668.00000
9.57500	1675.00000
9.60000	1650.00000
9.62500	1682.00000
9.65000	1614.00000
9.67500	1583.00000
9.70000	1630.00000
9.72500	1707.00000
9.75000	1682.00000
9.77500	1665.00000
9.80000	1663.00000
9.82500	1650.00000
9.85000	1620.00000
9.87500	1608.00000
9.90000	1647.00000
9.92500	1563.00000
9.95000	1612.00000
9.97500	1662.00000
10.00000	1638.00000
10.02500	1634.00000
10.05000	1552.00000
10.07500	1587.00000
10.10000	1596.00000
10.12500	1608.00000
10.15000	1595.00000
10.17500	1539.00000
10.20000	1571.00000
10.22500	1587.00000
10.25000	1541.00000
10.27500	1514.00000
10.30000	1538.00000
10.32500	1554.00000
10.35000	1605.00000
10.37500	1603.00000
10.40000	1550.00000
10.42500	1544.00000
10.45000	1505.00000
10.47500	1529.00000
10.50000	1576.00000
10.52500	1568.00000
10.55000	1498.00000
10.57500	1506.00000
10.60000	1475.00000
10.62500	1494.00000
10.65000	1483.00000
10.67500	1463.00000
10.70000	1466.00000
10.72500	1511.00000
10.75000	1442.00000
10.77500	1470.00000
10.80000	1472.00000
10.82500	1461.00000
10.85000	1441.00000
10.87500	1413.00000
10.90000	1504.00000
10.92500	1489.00000
10.95000	1489.00000
10.97500	1472.00000
11.00000	1476.00000
11.02500	1455.00000
11.05000	1395.00000
11.07500	1385.00000
11.10000	1429.00000
11.12500	1417.00000
11.15000	1393.00000
11.17500	1426.00000
11.20000	1445.00000
11.22500	1410.00000
11.25000	1406.00000
11.27500	1424.00000
11.30000	1431.00000
11.32500	1409.00000
11.35000	1374.00000
11.37500	1384.00000
11.40000	1415.00000
11.42500	1436.00000
11.45000	1421.00000
11.47500	1460.00000
11.50000	1424.00000
11.52500	1357.00000
11.55000	1371.00000
11.57500	1374.00000
11.60000	1391.00000
11.62500	1390.00000
11.65000	1379.00000
11.67500	1373.00000
11.70000	1367.00000
11.72500	1400.00000
11.75000	1412.00000
11.77500	1358.00000
11.80000	1367.00000
11.82500	1363.00000
11.85000	1362.00000
11.87500	1424.00000
11.90000	1372.00000
11.92500	1348.00000
11.95000	1338.00000
11.97500	1369.00000
12.00000	1373.00000
12.02500	1385.00000
12.05000	1361.00000
12.07500	1321.00000
12.10000	1387.00000
12.12500	1385.00000
12.15000	1349.00000
12.17500	1365.00000
12.20000	1404.00000
12.22500	1368.00000
12.25000	1326.00000
12.27500	1327.00000
12.30000	1296.00000
12.32500	1382.00000
12.35000	1364.00000
12.37500	1333.00000
12.40000	1344.00000
12.42500	1288.00000
12.45000	1354.00000
12.47500	1354.00000
12.50000	1348.00000
12.52500	1338.00000
12.55000	1345.00000
12.57500	1272.00000
12.60000	1365.00000
12.62500	1371.00000
12.65000	1373.00000
12.67500	1329.00000
12.70000	1348.00000
12.72500	1312.00000
12.75000	1273.00000
12.77500	1336.00000
12.80000	1351.00000
12.82500	1286.00000
12.85000	1369.00000
12.87500	1302.00000
12.90000	1249.00000
12.92500	1268.00000
12.95000	1255.00000
12.97500	1364.00000
13.00000	1331.00000
13.02500	1352.00000
13.05000	1279.00000
13.07500	1309.00000
13.10000	1350.00000
13.12500	1297.00000
13.15000	1263.00000
13.17500	1363.00000
13.20000	1321.00000
13.22500	1266.00000
13.25000	1296.00000
13.27500	1322.00000
13.30000	1338.00000
13.32500	1297.00000
13.35000	1303.00000
13.37500	1337.00000
13.40000	1324.00000
13.42500	1355.00000
13.45000	1361.00000
13.47500	1320.00000
13.50000	1319.00000
13.52500	1358.00000
13.55000	1340.00000
13.57500	1305.00000
13.60000	1352.00000
13.62500	1351.00000
13.65000	1406.00000
13.67500	1422.00000
13.70000	1426.00000
13.72500	1522.00000
13.75000	1566.00000
13.77500	1596.00000
13.80000	1716.00000
13.82500	1866.00000
13.85000	2136.00000
13.87500	2424.00000
13.90000	2791.00000
13.92500	3402.00000
13.95000	4176.00000
13.97500	5214.00000
14.00000	6707.00000
14.02500	8924.00000
14.05000	12064.00000
14.07500	16400.00000
14.10000	19545.00000
14.12500	17111.00000
14.15000	10856.00000
14.17500	5825.00000
14.20000	3307.00000
14.22500	2263.00000
14.25000	1887.00000
14.27500	1693.00000
14.30000	1555.00000
14.32500	1490.00000
14.35000	1450.00000
14.37500	1392.00000
14.40000	1375.00000
14.42500	1367.00000
14.45000	1294.00000
14.47500	1299.00000
14.50000	1360.00000
14.52500	1353.00000
14.55000	1284.00000
14.57500	1270.00000
14.60000	1267.00000
14.62500	1297.00000
14.65000	1263.00000
14.67500	1258.00000
14.70000	1287.00000
14.72500	1283.00000
14.75000	1241.00000
14.77500	1233.00000
14.80000	1277.00000
14.82500	1294.00000
14.85000	1282.00000
14.87500	1279.00000
14.90000	1300.00000
14.92500	1238.00000
14.95000	1252.00000
14.97500	1244.00000
15.00000	1224.00000
15.02500	1247.00000
15.05000	1267.00000
15.07500	1214.00000
15.10000	1214.00000
15.12500	1220.00000
15.15000	1234.00000
15.17500	1279.00000
15.20000	1212.00000
15.22500	1193.00000
15.25000	1227.00000
15.27500	1149.00000
15.30000	1188.00000
15.32500	1199.00000
15.35000	1250.00000
15.37500	1185.00000
15.40000	1232.00000
15.42500	1257.00000
15.45000	1265.00000
15.47500	1183.00000
15.50000	1247.00000
15.52500	1206.00000
15.55000	1175.00000
15.57500	1196.00000
15.60000	1246.00000
15.62500	1208.00000
15.65000	1198.00000
15.67500	1209.00000
15.70000	1185.00000
15.72500	1152.00000
15.75000	1152.00000
15.77500	1204.00000
15.80000	1218.00000
15.82500	1184.00000
15.85000	1201.00000
15.87500	1230.00000
15.90000	1207.00000
15.92500	1259.00000
15.95000	1263.00000
15.97500	1213.00000
16.00000	1222.00000
16.02500	1201.00000
16.05000	1198.00000
16.07500	1241.00000
16.10000	1186.00000
16.12500	1225.00000
16.15000	1204.00000
16.17500	1180.00000
16.20000	1194.00000
16.22500	1198.00000
16.25000	1178.00000
16.27500	1170.00000
16.30000	1200.00000
16.32500	1201.00000
16.35000	1207.00000
16.37500	1225.00000
16.40000	1224.00000
16.42500	1227.00000
16.45000	1192.00000
16.47500	1177.00000
16.50000	1185.00000
16.52500	1170.00000
16.55000	1201.00000
16.57500	1177.00000
16.60000	1149.00000
16.62500	1228.00000
16.65000	1226.00000
16.67500	1217.00000
16.70000	1221.00000
16.72500	1193.00000
16.75000	1216.00000
16.77500	1215.00000
16.80000	1190.00000
16.82500	1181.00000
16.85000	1213.00000
16.87500	1213.00000
16.90000	1173.00000
16.92500	1163.00000
16.95000	1156.00000
16.97500	1198.00000
17.00000	1221.00000
17.02500	1232.00000
17.05000	1250.00000
17.07500	1227.00000
17.10000	1231.00000
17.12500	1230.00000
17.15000	1218.00000
17.17500	1224.00000
17.20000	1188.00000
17.22500	1241.00000
17.25000	1238.00000
17.27500	1232.00000
17.30000	1245.00000
17.32500	1225.00000
17.35000	1202.00000
17.37500	1208.00000
17.40000	1220.00000
17.42500	1259.00000
17.45000	1248.00000
17.47500	1189.00000
17.50000	1203.00000
17.52500	1197.00000
17.55000	1171.00000
17.57500	1201.00000
17.60000	1166.00000
17.62500	1231.00000
17.65000	1209.00000
17.67500	1243.00000
17.70000	1210.00000
17.72500	1256.00000
17.75000	1160.00000
17.77500	1202.00000
17.80000	1194.00000
17.82500	1213.00000
17.85000	1193.00000
17.87500	1213.00000
17.90000	1183.00000
17.92500	1229.00000
17.95000	1243.00000
17.97500	1234.00000
18.00000	1244.00000
18.02500	1261.00000
18.05000	1208.00000
18.07500	1231.00000
18.10000	1227.00000
18.12500	1265.00000
18.15000	1259.00000
18.17500	1251.00000
18.20000	1220.00000
18.22500	1236.00000
18.25000	1233.00000
18.27500	1246.00000
18.30000	1236.00000
18.32500	1256.00000
18.35000	1239.00000
18.37500	1266.00000
18.40000	1269.00000
18.42500	1260.00000
18.45000	1257.00000
18.47500	1287.00000
18.50000	1296.00000
18.52500	1310.00000
18.55000	1331.00000
18.57500	1252.00000
18.60000	1203.00000
18.62500	1238.00000
18.65000	1254.00000
18.67500	1245.00000
18.70000	1274.00000
18.72500	1301.00000
18.75000	1232.00000
18.77500	1197.00000
18.80000	1227.00000
18.82500	1278.00000
18.85000	1290.00000
18.87500	1257.00000
18.90000	1245.00000
18.92500	1257.00000
18.95000	1291.00000
18.97500	1318.00000
19.00000	1300.00000
19.02500	1232.00000
19.05000	1257.00000
19.07500	1305.00000
19.10000	1302.00000
19.12500	1299.00000
19.15000	1285.00000
19.17500	1305.00000
19.20000	1335.00000
19.22500	1310.00000
19.25000	1289.00000
19.27500	1291.00000
19.30000	1314.00000
19.32500	1294.00000
19.35000	1291.00000
19.37500	1302.00000
19.40000	1340.00000
19.42500	1357.00000
19.45000	1321.00000
19.47500	1331.00000
19.50000	1276.00000
19.52500	1294.00000
19.55000	1294.00000
19.57500	1309.00000
19.60000	1308.00000
19.62500	1325.00000
19.65000	1339.00000
19.67500	1362.00000
19.70000	1326.00000
19.72500	1334.00000
19.75000	1318.00000
19.77500	1333.00000
19.80000	1301.00000
19.82500	1321.00000
19.85000	1384.00000
19.87500	1333.00000
19.90000	1365.00000
19.92500	1377.00000
19.95000	1344.00000
19.97500	1309.00000
20.00000	1298.00000
20.02500	1428.00000
20.05000	1339.00000
20.07500	1371.00000
20.10000	1371.00000
20.12500	1347.00000
20.15000	1401.00000
20.17500	1392.00000
20.20000	1430.00000
20.22500	1333.00000
20.25000	1323.00000
20.27500	1369.00000
20.30000	1346.00000
20.32500	1339.00000
20.35000	1373.00000
20.37500	1355.00000
20.40000	1313.00000
20.42500	1388.00000
20.45000	1363.00000
20.47500	1366.00000
20.50000	1398.00000
20.52500	1355.00000
20.55000	1358.00000
20.57500	1392.00000
20.60000	1492.00000
20.62500	1373.00000
20.65000	1425.00000
20.67500	1433.00000
20.70000	1400.00000
20.72500	1391.00000
20.75000	1349.00000
20.77500	1298.00000
20.80000	1437.00000
20.82500	1454.00000
20.85000	1410.00000
20.87500	1394.00000
20.90000	1388.00000
20.92500	1425.00000
20.95000	1389.00000
20.97500	1388.00000
21.00000	1412.00000
21.02500	1365.00000
21.05000	1437.00000
21.07500	1426.00000
21.10000	1396.00000
21.12500	1461.00000
21.15000	1439.00000
21.17500	1403.00000
21.20000	1419.00000
21.22500	1436.00000
21.25000	1429.00000
21.27500	1465.00000
21.30000	1456.00000
21.32500	1452.00000
21.35000	1467.00000
21.37500	1445.00000
21.40000	1460.00000
21.42500	1469.00000
21.45000	1445.00000
21.47500	1460.00000
21.50000	1459.00000
21.52500	1405.00000
21.55000	1443.00000
21.57500	1452.00000
21.60000	1463.00000
21.62500	1432.00000
21.65000	1405.00000
21.67500	1472.00000
21.70000	1492.00000
21.72500	1492.00000
21.75000	1511.00000
21.77500	1479.00000
21.80000	1434.00000
21.82500	1472.00000
21.85000	1468.00000
21.87500	1475.00000
21.90000	1501.00000
21.92500	1508.00000
21.95000	1498.00000
21.97500	1482.00000
22.00000	1502.00000
22.02500	1523.00000
22.05000	1480.00000
22.07500	1488.00000
22.10000	1492.00000
22.12500	1492.00000
22.15000	1475.00000
22.17500	1535.00000
22.20000	1487.00000
22.22500	1523.00000
22.25000	1485.00000
22.27500	1490.00000
22.30000	1552.00000
22.32500	1563.00000
22.35000	1529.00000
22.37500	1550.00000
22.40000	1534.00000
22.42500	1495.00000
22.45000	1501.00000
22.47500	1526.00000
22.50000	1553.00000
22.52500	1560.00000
22.55000	1515.00000
22.57500	1582.00000
22.60000	1577.00000
22.62500	1536.00000
22.65000	1588.00000
22.67500	1612.00000
22.70000	1687.00000
22.72500	1697.00000
22.75000	1656.00000
22.77500	1587.00000
22.80000	1654.00000
22.82500	1780.00000
22.85000	1750.00000
22.87500	1930.00000
22.90000	1938.00000
22.92500	2083.00000
22.95000	2459.00000
22.97500	2844.00000
23.00000	3448.00000
23.02500	4348.00000
23.05000	5571.00000
23.07500	7437.00000
23.10000	9652.00000
23.12500	10695.00000
23.15000	9343.00000
23.17500	6977.00000
23.20000	4637.00000
23.22500	3553.00000
23.25000	2677.00000
23.27500	2372.00000
23.30000	2127.00000
23.32500	1997.00000
23.35000	1852.00000
23.37500	1762.00000
23.40000	1845.00000
23.42500	1717.00000
23.45000	1631.00000
23.47500	1708.00000
23.50000	1663.00000
23.52500	1654.00000
23.55000	1651.00000
23.57500	1586.00000
23.60000	1664.00000
23.62500	1637.00000
23.65000	1610.00000
23.67500	1560.00000
23.70000	1635.00000
23.72500	1597.00000
23.75000	1602.00000
23.77500	1628.00000
23.80000	1563.00000
23.82500	1533.00000
23.85000	1563.00000
23.87500	1605.00000
23.90000	1532.00000
23.92500	1557.00000
23.95000	1540.00000
23.97500	1535.00000
24.00000	1522.00000
24.02500	1554.00000
24.05000	1574.00000
24.07500	1609.00000
24.10000	1559.00000
24.12500	1518.00000
24.15000	1571.00000
24.17500	1595.00000
24.20000	1562.00000
24.22500	1528.00000
24.25000	1522.00000
24.27500	1544.00000
24.30000	1542.00000
24.32500	1525.00000
24.35000	1517.00000
24.37500	1575.00000
24.40000	1604.00000
24.42500	1570.00000
24.45000	1543.00000
24.47500	1510.00000
24.50000	1491.00000
24.52500	1531.00000
24.55000	1522.00000
24.57500	1473.00000
24.60000	1499.00000
24.62500	1510.00000
24.65000	1532.00000
24.67500	1521.00000
24.70000	1521.00000
24.72500	1495.00000
24.75000	1542.00000
24.77500	1572.00000
24.80000	1487.00000
24.82500	1556.00000
24.85000	1548.00000
24.87500	1511.00000
24.90000	1509.00000
24.92500	1500.00000
24.95000	1500.00000
24.97500	1572.00000
25.00000	1499.00000
25.02500	1460.00000
25.05000	1500.00000
25.07500	1476.00000
25.10000	1526.00000
25.12500	1529.00000
25.15000	1457.00000
25.17500	1518.00000
25.20000	1584.00000
25.22500	1498.00000
25.25000	1491.00000
25.27500	1495.00000
25.30000	1509.00000
25.32500	1489.00000
25.35000	1491.00000
25.37500	1492.00000
25.40000	1527.00000
25.42500	1529.00000
25.45000	1525.00000
25.47500	1440.00000
25.50000	1494.00000
25.52500	1478.00000
25.55000	1488.00000
25.57500	1466.00000
25.60000	1517.00000
25.62500	1533.00000
25.65000	1493.00000
25.67500	1515.00000
25.70000	1489.00000
25.72500	1501.00000
25.75000	1459.00000
25.77500	1508.00000
25.80000	1528.00000
25.82500	1449.00000
25.85000	1450.00000
25.87500	1480.00000
25.90000	1452.00000
25.92500	1481.00000
25.95000	1474.00000
25.97500	1474.00000
26.00000	1491.00000
26.02500	1442.00000
26.05000	1458.00000
26.07500	1437.00000
26.10000	1496.00000
26.12500	1506.00000
26.15000	1498.00000
26.17500	1440.00000
26.20000	1483.00000
26.22500	1502.00000
26.25000	1440.00000
26.27500	1490.00000
26.30000	1507.00000
26.32500	1454.00000
26.35000	1445.00000
26.37500	1443.00000
26.40000	1483.00000
26.42500	1500.00000
26.45000	1493.00000
26.47500	1495.00000
26.50000	1470.00000
26.52500	1487.00000
26.55000	1481.00000
26.57500	1495.00000
26.60000	1435.00000
26.62500	1417.00000
26.65000	1488.00000
26.67500	1476.00000
26.70000	1489.00000
26.72500	1486.00000
26.75000	1488.00000
26.77500	1487.00000
26.80000	1495.00000
26.82500	1527.00000
26.85000	1519.00000
26.87500	1506.00000
26.90000	1515.00000
26.92500	1518.00000
26.95000	1597.00000
26.97500	1676.00000
27.00000	1718.00000
27.02500	1883.00000
27.05000	2034.00000
27.07500	2254.00000
27.10000	2652.00000
27.12500	3110.00000
27.15000	3660.00000
27.17500	3948.00000
27.20000	3894.00000
27.22500	3308.00000
27.25000	2820.00000
27.27500	2382.00000
27.30000	2037.00000
27.32500	1893.00000
27.35000	1727.00000
27.37500	1656.00000
27.40000	1634.00000
27.42500	1516.00000
27.45000	1490.00000
27.47500	1492.00000
27.50000	1427.00000
27.52500	1500.00000
27.55000	1457.00000
27.57500	1483.00000
27.60000	1432.00000
27.62500	1495.00000
27.65000	1440.00000
27.67500	1456.00000
27.70000	1470.00000
27.72500	1394.00000
27.75000	1393.00000
27.77500	1462.00000
27.80000	1412.00000
27.82500	1437.00000
27.85000	1413.00000
27.87500	1479.00000
27.90000	1437.00000
27.92500	1440.00000
27.95000	1411.00000
27.97500	1385.00000
28.00000	1398.00000
28.02500	1475.00000
28.05000	1367.00000
28.07500	1390.00000
28.10000	1411.00000
28.12500	1391.00000
28.15000	1440.00000
28.17500	1419.00000
28.20000	1526.00000
28.22500	1409.00000
28.25000	1553.00000
28.27500	1591.00000
28.30000	1689.00000
28.32500	1852.00000
28.35000	2187.00000
28.37500	2496.00000
28.40000	2846.00000
28.42500	2929.00000
28.45000	2621.00000
28.47500	2262.00000
28.50000	1911.00000
28.52500	1730.00000
28.55000	1563.00000
28.57500	1513.00000
28.60000	1475.00000
28.62500	1484.00000
28.65000	1408.00000
28.67500	1413.00000
28.70000	1378.00000
28.72500	1371.00000
28.75000	1353.00000
28.77500	1396.00000
28.80000	1350.00000
28.82500	1400.00000
28.85000	1367.00000
28.87500	1355.00000
28.90000	1330.00000
28.92500	1374.00000
28.95000	1358.00000
28.97500	1344.00000
29.00000	1344.00000
29.02500	1365.00000
29.05000	1355.00000
29.07500	1367.00000
29.10000	1360.00000
29.12500	1336.00000
29.15000	1333.00000
29.17500	1314.00000
29.20000	1316.00000
29.22500	1343.00000
29.25000	1342.00000
29.27500	1323.00000
29.30000	1308.00000
29.32500	1314.00000
29.35000	1304.00000
29.37500	1313.00000
29.40000	1324.00000
29.42500	1330.00000
29.45000	1308.00000
29.47500	1323.00000
29.50000	1324.00000
29.52500	1294.00000
29.55000	1278.00000
29.57500	1267.00000
29.60000	1326.00000
29.62500	1315.00000
29.65000	1306.00000
29.67500	1317.00000
29.70000	1298.00000
29.72500	1306.00000
29.75000	1295.00000
29.77500	1325.00000
29.80000	1256.00000
29.82500	1234.00000
29.85000	1273.00000
29.87500	1242.00000
29.90000	1253.00000
29.92500	1274.00000
29.95000	1300.00000
29.97500	1290.00000
30.00000	1284.00000
30.02500	1289.00000
30.05000	1293.00000
30.07500	1257.00000
30.10000	1245.00000
30.12500	1328.00000
30.15000	1284.00000
30.17500	1309.00000
30.20000	1264.00000
30.22500	1270.00000
30.25000	1251.00000
30.27500	1276.00000
30.30000	1278.00000
30.32500	1207.00000
30.35000	1269.00000
30.37500	1291.00000
30.40000	1265.00000
30.42500	1205.00000
30.45000	1230.00000
30.47500	1228.00000
30.50000	1256.00000
30.52500	1246.00000
30.55000	1310.00000
30.57500	1221.00000
30.60000	1224.00000
30.62500	1261.00000
30.65000	1207.00000
30.67500	1266.00000
30.70000	1264.00000
30.72500	1294.00000
30.75000	1263.00000
30.77500	1235.00000
30.80000	1236.00000
30.82500	1182.00000
30.85000	1263.00000
30.87500	1240.00000
30.90000	1260.00000
30.92500	1226.00000
30.95000	1240.00000
30.97500	1149.00000
31.00000	1174.00000
31.02500	1186.00000
31.05000	1165.00000
31.07500	1119.00000
31.10000	1222.00000
31.12500	1250.00000
31.15000	1235.00000
31.17500	1210.00000
31.20000	1159.00000
31.22500	1187.00000
31.25000	1186.00000
31.27500	1147.00000
31.30000	1164.00000
31.32500	1204.00000
31.35000	1219.00000
31.37500	1203.00000
31.40000	1201.00000
31.42500	1198.00000
31.45000	1222.00000
31.47500	1168.00000
31.50000	1186.00000
31.52500	1174.00000
31.55000	1170.00000
31.57500	1169.00000
31.60000	1158.00000
31.62500	1165.00000
31.65000	1174.00000
31.67500	1147.00000
31.70000	1128.00000
31.72500	1147.00000
31.75000	1168.00000
31.77500	1170.00000
31.80000	1159.00000
31.82500	1156.00000
31.85000	1197.00000
31.87500	1198.00000
31.90000	1148.00000
31.92500	1125.00000
31.95000	1168.00000
31.97500	1189.00000
32.00000	1163.00000
32.02500	1163.00000
32.05000	1152.00000
32.07500	1142.00000
32.10000	1150.00000
32.12500	1142.00000
32.15000	1088.00000
32.17500	1127.00000
32.20000	1149.00000
32.22500	1156.00000
32.25000	1133.00000
32.27500	1137.00000
32.30000	1153.00000
32.32500	1163.00000
32.35000	1136.00000
32.37500	1133.00000
32.40000	1125.00000
32.42500	1127.00000
32.45000	1191.00000
32.47500	1190.00000
32.50000	1158.00000
32.52500	1149.00000
32.55000	1208.00000
32.57500	1248.00000
32.60000	1193.00000
32.62500	1189.00000
32.65000	1242.00000
32.67500	1278.00000
32.70000	1334.00000
32.72500	1422.00000
32.75000	1522.00000
32.77500	1615.00000
32.80000	1806.00000
32.82500	1990.00000
32.85000	2288.00000
32.87500	2699.00000
32.90000	3071.00000
32.92500	3327.00000
32.95000	3244.00000
32.97500	2909.00000
33.00000	2420.00000
33.02500	2029.00000
33.05000	1843.00000
33.07500	1631.00000
33.10000	1526.00000
33.12500	1340.00000
33.15000	1270.00000
33.17500	1235.00000
33.20000	1262.00000
33.22500	1190.00000
33.25000	1140.00000
33.27500	1138.00000
33.30000	1144.00000
33.32500	1114.00000
33.35000	1044.00000
33.37500	1084.00000
33.40000	1092.00000
33.42500	1059.00000
33.45000	1020.00000
33.47500	1059.00000
33.50000	1048.00000
33.52500	1024.00000
33.55000	987.00000
33.57500	1011.00000
33.60000	1000.00000
33.62500	1055.00000
33.65000	1051.00000
33.67500	1024.00000
33.70000	1022.00000
33.72500	1021.00000
33.75000	1008.00000
33.77500	1015.00000
33.80000	1040.00000
33.82500	1007.00000
33.85000	974.00000
33.87500	983.00000
33.90000	970.00000
33.92500	968.00000
33.95000	970.00000
33.97500	1001.00000
34.00000	1013.00000
34.02500	985.00000
34.05000	991.00000
34.07500	982.00000
34.10000	968.00000
34.12500	1011.00000
34.15000	966.00000
34.17500	917.00000
34.20000	919.00000
34.22500	940.00000
34.25000	964.00000
34.27500	979.00000
34.30000	965.00000
34.32500	955.00000
34.35000	935.00000
34.37500	950.00000
34.40000	971.00000
34.42500	937.00000
34.45000	959.00000
34.47500	948.00000
34.50000	890.00000
34.52500	914.00000
34.55000	947.00000
34.57500	925.00000
34.60000	919.00000
34.62500	898.00000
34.65000	882.00000
34.67500	875.00000
34.70000	912.00000
34.72500	875.00000
34.75000	875.00000
34.77500	891.00000
34.80000	916.00000
34.82500	907.00000
34.85000	887.00000
34.87500	904.00000
34.90000	902.00000
34.92500	906.00000
34.95000	868.00000
34.97500	872.00000
35.00000	906.00000
35.02500	916.00000
35.05000	940.00000
35.07500	913.00000
35.10000	903.00000
35.12500	862.00000
35.15000	894.00000
35.17500	890.00000
35.20000	876.00000
35.22500	901.00000
35.25000	906.00000
35.27500	891.00000
35.30000	850.00000
35.32500	909.00000
35.35000	838.00000
35.37500	893.00000
35.40000	877.00000
35.42500	840.00000
35.45000	849.00000
35.47500	869.00000
35.50000	849.00000
35.52500	888.00000
35.55000	830.00000
35.57500	858.00000
35.60000	868.00000
35.62500	840.00000
35.65000	861.00000
35.67500	879.00000
35.70000	863.00000
35.72500	873.00000
35.75000	836.00000
35.77500	846.00000
35.80000	877.00000
35.82500	831.00000
35.85000	838.00000
35.87500	841.00000
35.90000	835.00000
35.92500	847.00000
35.95000	821.00000
35.97500	827.00000
36.00000	879.00000
36.02500	783.00000
36.05000	826.00000
36.07500	794.00000
36.10000	807.00000
36.12500	833.00000
36.15000	817.00000
36.17500	798.00000
36.20000	830.00000
36.22500	808.00000
36.25000	800.00000
36.27500	852.00000
36.30000	835.00000
36.32500	790.00000
36.35000	820.00000
36.37500	828.00000
36.40000	850.00000
36.42500	828.00000
36.45000	831.00000
36.47500	812.00000
36.50000	808.00000
36.52500	813.00000
36.55000	845.00000
36.57500	841.00000
36.60000	818.00000
36.62500	830.00000
36.65000	814.00000
36.67500	824.00000
36.70000	841.00000
36.72500	855.00000
36.75000	841.00000
36.77500	842.00000
36.80000	888.00000
36.82500	908.00000
36.85000	993.00000
36.87500	1107.00000
36.90000	1168.00000
36.92500	1242.00000
36.95000	1266.00000
36.97500	1237.00000
37.00000	1134.00000
37.02500	1057.00000
37.05000	1006.00000
37.07500	921.00000
37.10000	877.00000
37.12500	858.00000
37.15000	813.00000
37.17500	810.00000
37.20000	839.00000
37.22500	836.00000
37.25000	790.00000
37.27500	777.00000
37.30000	734.00000
37.32500	746.00000
37.35000	735.00000
37.37500	726.00000
37.40000	745.00000
37.42500	726.00000
37.45000	723.00000
37.47500	727.00000
37.50000	712.00000
37.52500	756.00000
37.55000	738.00000
37.57500	737.00000
37.60000	720.00000
37.62500	721.00000
37.65000	722.00000
37.67500	753.00000
37.70000	736.00000
37.72500	724.00000
37.75000	747.00000
37.77500	760.00000
37.80000	732.00000
37.82500	763.00000
37.85000	741.00000
37.87500	765.00000
37.90000	728.00000
37.92500	740.00000
37.95000	661.00000
37.97500	710.00000
38.00000	697.00000
38.02500	719.00000
38.05000	765.00000
38.07500	687.00000
38.10000	725.00000
38.12500	661.00000
38.15000	707.00000
38.17500	709.00000
38.20000	767.00000
38.22500	725.00000
38.25000	734.00000
38.27500	714.00000
38.30000	673.00000
38.32500	740.00000
38.35000	745.00000
38.37500	714.00000
38.40000	683.00000
38.42500	728.00000
38.45000	762.00000
38.47500	698.00000
38.50000	747.00000
38.52500	694.00000
38.55000	705.00000
38.57500	704.00000
38.60000	707.00000
38.62500	697.00000
38.65000	692.00000
38.67500	701.00000
38.70000	695.00000
38.72500	656.00000
38.75000	680.00000
38.77500	704.00000
38.80000	729.00000
38.82500	684.00000
38.85000	681.00000
38.87500	750.00000
38.90000	726.00000
38.92500	702.00000
38.95000	691.00000
38.97500	677.00000
39.00000	675.00000
39.02500	704.00000
39.05000	688.00000
39.07500	700.00000
39.10000	692.00000
39.12500	717.00000
39.15000	689.00000
39.17500	684.00000
39.20000	712.00000
39.22500	715.00000
39.25000	705.00000
39.27500	667.00000
39.30000	683.00000
39.32500	705.00000
39.35000	711.00000
39.37500	694.00000
39.40000	697.00000
39.42500	696.00000
39.45000	671.00000
39.47500	677.00000
39.50000	710.00000
39.52500	711.00000
39.55000	687.00000
39.57500	705.00000
39.60000	709.00000
39.62500	672.00000
39.65000	638.00000
39.67500	655.00000
39.70000	666.00000
39.72500	682.00000
39.75000	695.00000
39.77500	685.00000
39.80000	696.00000
39.82500	691.00000
39.85000	659.00000
39.87500	653.00000
39.90000	690.00000
39.92500	691.00000
39.95000	664.00000
39.97500	672.00000
40.00000	688.00000
40.02500	654.00000
40.05000	660.00000
40.07500	694.00000
40.10000	710.00000
40.12500	664.00000
40.15000	686.00000
40.17500	678.00000
40.20000	714.00000
40.22500	691.00000
40.25000	654.00000
40.27500	695.00000
40.30000	676.00000
40.32500	665.00000
40.35000	668.00000
40.37500	704.00000
40.40000	702.00000
40.42500	683.00000
40.45000	662.00000
40.47500	688.00000
40.50000	704.00000
40.52500	755.00000
40.55000	852.00000
40.57500	836.00000
40.60000	888.00000
40.62500	875.00000
40.65000	863.00000
40.67500	841.00000
40.70000	797.00000
40.72500	773.00000
40.75000	771.00000
40.77500	741.00000
40.80000	731.00000
40.82500	747.00000
40.85000	692.00000
40.87500	730.00000
40.90000	704.00000
40.92500	719.00000
40.95000	756.00000
40.97500	661.00000
41.00000	690.00000
41.02500	667.00000
41.05000	694.00000
41.07500	720.00000
41.10000	699.00000
41.12500	679.00000
41.15000	725.00000
41.17500	734.00000
41.20000	703.00000
41.22500	704.00000
41.25000	692.00000
41.27500	664.00000
41.30000	661.00000
41.32500	667.00000
41.35000	690.00000
41.37500	697.00000
41.40000	701.00000
41.42500	708.00000
41.45000	698.00000
41.47500	679.00000
41.50000	692.00000
41.52500	690.00000
41.55000	702.00000
41.57500	693.00000
41.60000	715.00000
41.62500	699.00000
41.65000	693.00000
41.67500	698.00000
41.70000	698.00000
41.72500	686.00000
41.75000	670.00000
41.77500	711.00000
41.80000	711.00000
41.82500	708.00000
41.85000	725.00000
41.87500	695.00000
41.90000	702.00000
41.92500	709.00000
41.95000	715.00000
41.97500	703.00000
42.00000	702.00000
42.02500	703.00000
42.05000	677.00000
42.07500	696.00000
42.10000	714.00000
42.12500	687.00000
42.15000	658.00000
42.17500	654.00000
42.20000	687.00000
42.22500	688.00000
42.25000	699.00000
42.27500	703.00000
42.30000	705.00000
42.32500	695.00000
42.35000	688.00000
42.37500	696.00000
42.40000	717.00000
42.42500	712.00000
42.45000	689.00000
42.47500	669.00000
42.50000	679.00000
42.52500	728.00000
42.55000	713.00000
42.57500	682.00000
42.60000	714.00000
42.62500	708.00000
42.65000	675.00000
42.67500	716.00000
42.70000	727.00000
42.72500	718.00000
42.75000	686.00000
42.77500	676.00000
42.80000	716.00000
42.82500	715.00000
42.85000	726.00000
42.87500	745.00000
42.90000	740.00000
42.92500	765.00000
42.95000	805.00000
42.97500	789.00000
43.00000	827.00000
43.02500	859.00000
43.05000	933.00000
43.07500	949.00000
43.10000	1070.00000
43.12500	1135.00000
43.15000	1257.00000
43.17500	1431.00000
43.20000	1478.00000
43.22500	1406.00000
43.25000	1355.00000
43.27500	1318.00000
43.30000	1161.00000
43.32500	1026.00000
43.35000	987.00000
43.37500	903.00000
43.40000	825.00000
43.42500	841.00000
43.45000	800.00000
43.47500	843.00000
43.50000	725.00000
43.52500	746.00000
43.55000	762.00000
43.57500	739.00000
43.60000	701.00000
43.62500	731.00000
43.65000	696.00000
43.67500	655.00000
43.70000	696.00000
43.72500	681.00000
43.75000	700.00000
43.77500	730.00000
43.80000	664.00000
43.82500	697.00000
43.85000	699.00000
43.87500	715.00000
43.90000	639.00000
43.92500	655.00000
43.95000	687.00000
43.97500	675.00000
44.00000	706.00000
44.02500	678.00000
44.05000	699.00000
44.07500	658.00000
44.10000	691.00000
44.12500	643.00000
44.15000	651.00000
44.17500	687.00000
44.20000	669.00000
44.22500	658.00000
44.25000	677.00000
44.27500	671.00000
44.30000	697.00000
44.32500	719.00000
44.35000	658.00000
44.37500	664.00000
44.40000	663.00000
44.42500	659.00000
44.45000	672.00000
44.47500	659.00000
44.50000	647.00000
44.52500	637.00000
44.55000	615.00000
44.57500	679.00000
44.60000	682.00000
44.62500	648.00000
44.65000	652.00000
44.67500	668.00000
44.70000	680.00000
44.72500	640.00000
44.75000	639.00000
44.77500	672.00000
44.80000	621.00000
44.82500	641.00000
44.85000	655.00000
44.87500	641.00000
44.90000	642.00000
44.92500	652.00000
44.95000	657.00000
44.97500	635.00000
45.00000	645.00000
45.02500	667.00000
45.05000	683.00000
45.07500	639.00000
45.10000	617.00000
45.12500	629.00000
45.15000	649.00000
45.17500	660.00000
45.20000	638.00000
45.22500	640.00000
45.25000	648.00000
45.27500	653.00000
45.30000	635.00000
45.32500	642.00000
45.35000	635.00000
45.37500	662.00000
45.40000	643.00000
45.42500	623.00000
45.45000	606.00000
45.47500	642.00000
45.50000	633.00000
45.52500	637.00000
45.55000	630.00000
45.57500	621.00000
45.60000	591.00000
45.62500	639.00000
45.65000	605.00000
45.67500	587.00000
45.70000	608.00000
45.72500	625.00000
45.75000	620.00000
45.77500	662.00000
45.80000	648.00000
45.82500	637.00000
45.85000	592.00000
45.87500	641.00000
45.90000	583.00000
45.92500	694.00000
45.95000	643.00000
45.97500	628.00000
46.00000	593.00000
46.02500	603.00000
46.05000	611.00000
46.07500	658.00000
46.10000	627.00000
46.12500	628.00000
46.15000	629.00000
46.17500	673.00000
46.20000	609.00000
46.22500	618.00000
46.25000	626.00000
46.27500	623.00000
46.30000	657.00000
46.32500	644.00000
46.35000	634.00000
46.37500	646.00000
46.40000	636.00000
46.42500	672.00000
46.45000	643.00000
46.47500	630.00000
46.50000	627.00000
46.52500	628.00000
46.55000	602.00000
46.57500	591.00000
46.60000	616.00000
46.62500	646.00000
46.65000	672.00000
46.67500	659.00000
46.70000	643.00000
46.72500	664.00000
46.75000	633.00000
46.77500	637.00000
46.80000	660.00000
46.82500	624.00000
46.85000	620.00000
46.87500	607.00000
46.90000	645.00000
46.92500	664.00000
46.95000	635.00000
46.97500	628.00000
47.00000	639.00000
47.02500	647.00000
47.05000	620.00000
47.07500	658.00000
47.10000	687.00000
47.12500	684.00000
47.15000	745.00000
47.17500	777.00000
47.20000	795.00000
47.22500	886.00000
47.25000	941.00000
47.27500	933.00000
47.30000	876.00000
47.32500	808.00000
47.35000	743.00000
47.37500	740.00000
47.40000	741.00000
47.42500	699.00000
47.45000	702.00000
47.47500	699.00000
47.50000	686.00000
47.52500	677.00000
47.55000	668.00000
47.57500	644.00000
47.60000	645.00000
47.62500	662.00000
47.65000	628.00000
47.67500	622.00000
47.70000	655.00000
47.72500	654.00000
47.75000	638.00000
47.77500	646.00000
47.80000	663.00000
47.82500	647.00000
47.85000	599.00000
47.87500	627.00000
47.90000	613.00000
47.92500	643.00000
47.95000	635.00000
47.97500	646.00000
48.00000	636.00000
48.02500	617.00000
48.05000	676.00000
48.07500	668.00000
48.10000	661.00000
48.12500	663.00000
48.15000	643.00000
48.17500	652.00000
48.20000	668.00000
48.22500	675.00000
48.25000	628.00000
48.27500	626.00000
48.30000	656.00000
48.32500	627.00000
48.35000	618.00000
48.37500	665.00000
48.40000	634.00000
48.42500	688.00000
48.45000	630.00000
48.47500	681.00000
48.50000	625.00000
48.52500	615.00000
48.55000	603.00000
48.57500	625.00000
48.60000	630.00000
48.62500	643.00000
48.65000	632.00000
48.67500	661.00000
48.70000	631.00000
48.72500	700.00000
48.75000	653.00000
48.77500	663.00000
48.80000	637.00000
48.82500	625.00000
48.85000	644.00000
48.87500	644.00000
48.90000	613.00000
48.92500	588.00000
48.95000	664.00000
48.97500	628.00000
49.00000	652.00000
49.02500	601.00000
49.05000	675.00000
49.07500	649.00000
49.10000	652.00000
49.12500	657.00000
49.15000	647.00000
49.17500	648.00000
49.20000	656.00000
49.22500	653.00000
49.25000	652.00000
49.27500	689.00000
49.30000	710.00000
49.32500	714.00000
49.35000	740.00000
49.37500	743.00000
49.40000	789.00000
49.42500	863.00000
49.45000	956.00000
49.47500	991.00000
49.50000	1002.00000
49.52500	1098.00000
49.55000	1241.00000
49.57500	1244.00000
49.60000	1188.00000
49.62500	1073.00000
49.65000	967.00000
49.67500	888.00000
49.70000	883.00000
49.72500	852.00000
49.75000	792.00000
49.77500	756.00000
49.80000	728.00000
49.82500	704.00000
49.85000	710.00000
49.87500	699.00000
49.90000	694.00000
49.92500	697.00000
49.95000	690.00000
49.97500	678.00000
50.00000	668.00000
50.02500	680.00000
50.05000	675.00000
50.07500	636.00000
50.10000	650.00000
50.12500	644.00000
50.15000	663.00000
50.17500	703.00000
50.20000	732.00000
50.22500	713.00000
50.25000	764.00000
50.27500	786.00000
50.30000	813.00000
50.32500	809.00000
50.35000	776.00000
50.37500	757.00000
50.40000	725.00000
50.42500	683.00000
50.45000	691.00000
50.47500	670.00000
50.50000	667.00000
50.52500	657.00000
50.55000	655.00000
50.57500	632.00000
50.60000	618.00000
50.62500	636.00000
50.65000	597.00000
50.67500	600.00000
50.70000	620.00000
50.72500	586.00000
50.75000	628.00000
50.77500	617.00000
50.80000	592.00000
50.82500	616.00000
50.85000	598.00000
50.87500	619.00000
50.90000	586.00000
50.92500	597.00000
50.95000	584.00000
50.97500	608.00000
51.00000	582.00000
51.02500	594.00000
51.05000	591.00000
51.07500	603.00000
51.10000	549.00000
51.12500	547.00000
51.15000	548.00000
51.17500	574.00000
51.20000	570.00000
51.22500	581.00000
51.25000	598.00000
51.27500	587.00000
51.30000	583.00000
51.32500	594.00000
51.35000	550.00000
51.37500	595.00000
51.40000	561.00000
51.42500	582.00000
51.45000	626.00000
51.47500	553.00000
51.50000	574.00000
51.52500	604.00000
51.55000	592.00000
51.57500	589.00000
51.60000	574.00000
51.62500	535.00000
51.65000	551.00000
51.67500	584.00000
51.70000	575.00000
51.72500	566.00000
51.75000	537.00000
51.77500	562.00000
51.80000	599.00000
51.82500	532.00000
51.85000	554.00000
51.87500	541.00000
51.90000	555.00000
51.92500	560.00000
51.95000	593.00000
51.97500	584.00000
52.00000	564.00000
52.02500	526.00000
52.05000	553.00000
52.07500	555.00000
52.10000	551.00000
52.12500	543.00000
52.15000	543.00000
52.17500	561.00000
52.20000	569.00000
52.22500	560.00000
52.25000	542.00000
52.27500	560.00000
52.30000	586.00000
52.32500	554.00000
52.35000	549.00000
52.37500	586.00000
52.40000	581.00000
52.42500	578.00000
52.45000	564.00000
52.47500	557.00000
52.50000	547.00000
52.52500	560.00000
52.55000	571.00000
52.57500	558.00000
52.60000	542.00000
52.62500	559.00000
52.65000	568.00000
52.67500	560.00000
52.70000	566.00000
52.72500	582.00000
52.75000	581.00000
52.77500	573.00000
52.80000	582.00000
52.82500	568.00000
52.85000	563.00000
52.87500	560.00000
52.90000	532.00000
52.92500	527.00000
52.95000	545.00000
52.97500	564.00000
53.00000	583.00000
53.02500	615.00000
53.05000	549.00000
53.07500	601.00000
53.10000	576.00000
53.12500	597.00000
53.15000	613.00000
53.17500	648.00000
53.20000	689.00000
53.22500	699.00000
53.25000	695.00000
53.27500	688.00000
53.30000	673.00000
53.32500	661.00000
53.35000	641.00000
53.37500	636.00000
53.40000	619.00000
53.42500	617.00000
53.45000	611.00000
53.47500	554.00000
53.50000	603.00000
53.52500	634.00000
53.55000	602.00000
53.57500	591.00000
53.60000	581.00000
53.62500	537.00000
53.65000	573.00000
53.67500	534.00000
53.70000	538.00000
53.72500	590.00000
53.75000	565.00000
53.77500	553.00000
53.80000	564.00000
53.82500	505.00000
53.85000	577.00000
53.87500	566.00000
53.90000	540.00000
53.92500	545.00000
53.95000	544.00000
53.97500	550.00000
54.00000	555.00000
54.02500	514.00000
54.05000	548.00000
54.07500	572.00000
54.10000	549.00000
54.12500	534.00000
54.15000	540.00000
54.17500	568.00000
54.20000	531.00000
54.22500	519.00000
54.25000	545.00000
54.27500	528.00000
54.30000	541.00000
54.32500	504.00000
54.35000	532.00000
54.37500	500.00000
54.40000	525.00000
54.42500	554.00000
54.45000	546.00000
54.47500	528.00000
54.50000	543.00000
54.52500	536.00000
54.55000	555.00000
54.57500	543.00000
54.60000	549.00000
54.62500	541.00000
54.65000	521.00000
54.67500	503.00000
54.70000	518.00000
54.72500	527.00000
54.75000	535.00000
54.77500	536.00000
54.80000	533.00000
54.82500	532.00000
54.85000	528.00000
54.87500	522.00000
54.90000	555.00000
54.92500	523.00000
54.95000	533.00000
54.97500	555.00000
55.00000	520.00000
55.02500	519.00000
55.05000	541.00000
55.07500	556.00000
55.10000	557.00000
55.12500	546.00000
55.15000	546.00000
55.17500	539.00000
55.20000	529.00000
55.22500	541.00000
55.25000	509.00000
55.27500	519.00000
55.30000	533.00000
55.32500	503.00000
55.35000	520.00000
55.37500	549.00000
55.40000	552.00000
55.42500	539.00000
55.45000	508.00000
55.47500	511.00000
55.50000	503.00000
55.52500	496.00000
55.55000	518.00000
55.57500	531.00000
55.60000	531.00000
55.62500	505.00000
55.65000	541.00000
55.67500	558.00000
55.70000	528.00000
55.72500	524.00000
55.75000	550.00000
55.77500	539.00000
55.80000	542.00000
55.82500	532.00000
55.85000	528.00000
55.87500	521.00000
55.90000	578.00000
55.92500	524.00000
55.95000	554.00000
55.97500	540.00000
56.00000	521.00000
56.02500	554.00000
56.05000	519.00000
56.07500	528.00000
56.10000	542.00000
56.12500	544.00000
56.15000	556.00000
56.17500	535.00000
56.20000	513.00000
56.22500	530.00000
56.25000	560.00000
56.27500	528.00000
56.30000	528.00000
56.32500	539.00000
56.35000	490.00000
56.37500	524.00000
56.40000	483.00000
56.42500	539.00000
56.45000	491.00000
56.47500	538.00000
56.50000	561.00000
56.52500	525.00000
56.55000	532.00000
56.57500	513.00000
56.60000	511.00000
56.62500	522.00000
56.65000	545.00000
56.67500	554.00000
56.70000	527.00000
56.72500	505.00000
56.75000	501.00000
56.77500	526.00000
56.80000	529.00000
56.82500	510.00000
56.85000	496.00000
56.87500	515.00000
56.90000	506.00000
56.92500	528.00000
56.95000	551.00000
56.97500	517.00000
57.00000	489.00000
57.02500	507.00000
57.05000	514.00000
57.07500	535.00000
57.10000	551.00000
57.12500	550.00000
57.15000	503.00000
57.17500	516.00000
57.20000	517.00000
57.22500	500.00000
57.25000	505.00000
57.27500	525.00000
57.30000	545.00000
57.32500	536.00000
57.35000	529.00000
57.37500	499.00000
57.40000	518.00000
57.42500	502.00000
57.45000	517.00000
57.47500	550.00000
57.50000	536.00000
57.52500	528.00000
57.55000	510.00000
57.57500	505.00000
57.60000	511.00000
57.62500	519.00000
57.65000	521.00000
57.67500	532.00000
57.70000	555.00000
57.72500	532.00000
57.75000	517.00000
57.77500	490.00000
57.80000	497.00000
57.82500	524.00000
57.85000	528.00000
57.87500	524.00000
57.90000	508.00000
57.92500	468.00000
57.95000	503.00000
57.97500	525.00000
58.00000	545.00000
58.02500	544.00000
58.05000	532.00000
58.07500	521.00000
58.10000	497.00000
58.12500	503.00000
58.15000	533.00000
58.17500	550.00000
58.20000	539.00000
58.22500	490.00000
58.25000	511.00000
58.27500	511.00000
58.30000	538.00000
58.32500	514.00000
58.35000	531.00000
58.37500	514.00000
58.40000	481.00000
58.42500	504.00000
58.45000	535.00000
58.47500	529.00000
58.50000	496.00000
58.52500	510.00000
58.55000	530.00000
58.57500	546.00000
58.60000	525.00000
58.62500	531.00000
58.65000	555.00000
58.67500	516.00000
58.70000	543.00000
58.72500	488.00000
58.75000	564.00000
58.77500	548.00000
58.80000	536.00000
58.82500	542.00000
58.85000	558.00000
58.87500	540.00000
58.90000	554.00000
58.92500	537.00000
58.95000	527.00000
58.97500	544.00000
59.00000	521.00000
59.02500	542.00000
59.05000	575.00000
59.07500	522.00000
59.10000	555.00000
59.12500	521.00000
59.15000	543.00000
59.17500	547.00000
59.20000	526.00000
59.22500	539.00000
59.25000	530.00000
59.27500	536.00000
59.30000	564.00000
59.32500	534.00000
59.35000	536.00000
59.37500	498.00000
59.40000	529.00000
59.42500	539.00000
59.45000	531.00000
59.47500	544.00000
59.50000	526.00000
59.52500	509.00000
59.55000	507.00000
59.57500	553.00000
59.60000	535.00000
59.62500	508.00000
59.65000	497.00000
59.67500	495.00000
59.70000	546.00000
59.72500	551.00000
59.75000	536.00000
59.77500	539.00000
59.80000	554.00000
59.82500	521.00000
59.85000	487.00000
59.87500	521.00000
59.90000	558.00000
59.92500	523.00000
59.95000	525.00000
59.97500	504.00000
60.00000	501.00000
60.02500	515.00000
60.05000	529.00000
60.07500	532.00000
60.10000	505.00000
60.12500	515.00000
60.15000	543.00000
60.17500	538.00000
60.20000	538.00000
60.22500	543.00000
60.25000	525.00000
60.27500	522.00000
60.30000	505.00000
60.32500	545.00000
60.35000	550.00000
60.37500	533.00000
60.40000	511.00000
60.42500	530.00000
60.45000	534.00000
60.47500	511.00000
60.50000	512.00000
60.52500	527.00000
60.55000	541.00000
60.57500	549.00000
60.60000	582.00000
60.62500	570.00000
60.65000	578.00000
60.67500	617.00000
60.70000	621.00000
60.72500	623.00000
60.75000	618.00000
60.77500	647.00000
60.80000	684.00000
60.82500	663.00000
60.85000	624.00000
60.87500	642.00000
60.90000	591.00000
60.92500	583.00000
60.95000	589.00000
60.97500	555.00000
61.00000	551.00000
61.02500	530.00000
61.05000	525.00000
61.07500	543.00000
61.10000	545.00000
61.12500	594.00000
61.15000	545.00000
61.17500	524.00000
61.20000	519.00000
61.22500	569.00000
61.25000	575.00000
61.27500	587.00000
61.30000	538.00000
61.32500	557.00000
61.35000	587.00000
61.37500	620.00000
61.40000	585.00000
61.42500	561.00000
61.45000	570.00000
61.47500	589.00000
61.50000	581.00000
61.52500	551.00000
61.55000	594.00000
61.57500	542.00000
61.60000	547.00000
61.62500	534.00000
61.65000	549.00000
61.67500	560.00000
61.70000	584.00000
61.72500	550.00000
61.75000	492.00000
61.77500	497.00000
61.80000	513.00000
61.82500	537.00000
61.85000	538.00000
61.87500	523.00000
61.90000	560.00000
61.92500	514.00000
61.95000	514.00000
61.97500	490.00000
62.00000	517.00000
62.02500	524.00000
62.05000	502.00000
62.07500	520.00000
62.10000	551.00000
62.12500	542.00000
62.15000	518.00000
62.17500	511.00000
62.20000	484.00000
62.22500	504.00000
62.25000	545.00000
62.27500	526.00000
62.30000	514.00000
62.32500	518.00000
62.35000	524.00000
62.37500	528.00000
62.40000	497.00000
62.42500	481.00000
62.45000	505.00000
62.47500	549.00000
62.50000	565.00000
62.52500	533.00000
62.55000	512.00000
62.57500	504.00000
62.60000	505.00000
62.62500	495.00000
62.65000	515.00000
62.67500	519.00000
62.70000	508.00000
62.72500	503.00000
62.75000	507.00000
62.77500	525.00000
62.80000	526.00000
62.82500	523.00000
62.85000	532.00000
62.87500	496.00000
62.90000	482.00000
62.92500	489.00000
62.95000	506.00000
62.97500	524.00000
63.00000	531.00000
63.02500	508.00000
63.05000	528.00000
63.07500	532.00000
63.10000	537.00000
63.12500	551.00000
63.15000	544.00000
63.17500	483.00000
63.20000	501.00000
63.22500	525.00000
63.25000	516.00000
63.27500	487.00000
63.30000	520.00000
63.32500	517.00000
63.35000	513.00000
63.37500	496.00000
63.40000	507.00000
63.42500	501.00000
63.45000	493.00000
63.47500	524.00000
63.50000	510.00000
63.52500	471.00000
63.55000	500.00000
63.57500	550.00000
63.60000	508.00000
63.62500	532.00000
63.65000	526.00000
63.67500	510.00000
63.70000	530.00000
63.72500	517.00000
63.75000	488.00000
63.77500	517.00000
63.80000	546.00000
63.82500	537.00000
63.85000	526.00000
63.87500	527.00000
63.90000	517.00000
63.92500	511.00000
63.95000	533.00000
63.97500	555.00000
64.00000	561.00000
64.02500	575.00000
64.05000	575.00000
64.07500	568.00000
64.10000	549.00000
64.12500	565.00000
64.15000	549.00000
64.17500	530.00000
64.20000	514.00000
64.22500	524.00000
64.25000	537.00000
64.27500	507.00000
64.30000	501.00000
64.32500	494.00000
64.35000	484.00000
64.37500	509.00000
64.40000	540.00000
64.42500	497.00000
64.45000	490.00000
64.47500	525.00000
64.50000	515.00000
64.52500	509.00000
64.55000	512.00000
64.57500	505.00000
64.60000	480.00000
64.62500	519.00000
64.65000	523.00000
64.67500	518.00000
64.70000	491.00000
64.72500	475.00000
64.75000	517.00000
64.77500	494.00000
64.80000	497.00000
64.82500	511.00000
64.85000	502.00000
64.87500	517.00000
64.90000	510.00000
64.92500	506.00000
64.95000	515.00000
64.97500	500.00000
65.00000	510.00000
65.02500	531.00000
65.05000	503.00000
65.07500	512.00000
65.10000	525.00000
65.12500	499.00000
65.15000	500.00000
65.17500	500.00000
65.20000	500.00000
65.22500	497.00000
65.25000	522.00000
65.27500	534.00000
65.30000	511.00000
65.32500	509.00000
65.35000	498.00000
65.37500	510.00000
65.40000	529.00000
65.42500	526.00000
65.45000	529.00000
65.47500	504.00000
65.50000	488.00000
65.52500	506.00000
65.55000	516.00000
65.57500	514.00000
65.60000	504.00000
65.62500	477.00000
65.65000	475.00000
65.67500	521.00000
65.70000	521.00000
65.72500	514.00000
65.75000	489.00000
65.77500	495.00000
65.80000	525.00000
65.82500	532.00000
65.85000	520.00000
65.87500	572.00000
65.90000	575.00000
65.92500	565.00000
65.95000	587.00000
65.97500	574.00000
66.00000	556.00000
66.02500	539.00000
66.05000	515.00000
66.07500	561.00000
66.10000	552.00000
66.12500	515.00000
66.15000	482.00000
66.17500	492.00000
66.20000	521.00000
66.22500	522.00000
66.25000	494.00000
66.27500	514.00000
66.30000	492.00000
66.32500	516.00000
66.35000	484.00000
66.37500	477.00000
66.40000	476.00000
66.42500	433.00000
66.45000	523.00000
66.47500	500.00000
66.50000	501.00000
66.52500	497.00000
66.55000	456.00000
66.57500	498.00000
66.60000	489.00000
66.62500	449.00000
66.65000	471.00000
66.67500	507.00000
66.70000	471.00000
66.72500	528.00000
66.75000	500.00000
66.77500	472.00000
66.80000	488.00000
66.82500	508.00000
66.85000	499.00000
66.87500	464.00000
66.90000	461.00000
66.92500	463.00000
66.95000	484.00000
66.97500	486.00000
67.00000	460.00000
67.02500	482.00000
67.05000	487.00000
67.07500	477.00000
67.10000	495.00000
67.12500	524.00000
67.15000	499.00000
67.17500	471.00000
67.20000	470.00000
67.22500	465.00000
67.25000	455.00000
67.27500	461.00000
67.30000	458.00000
67.32500	475.00000
67.35000	473.00000
67.37500	480.00000
67.40000	487.00000
67.42500	487.00000
67.45000	480.00000
67.47500	470.00000
67.50000	488.00000
67.52500	491.00000
67.55000	466.00000
67.57500	492.00000
67.60000	494.00000
67.62500	459.00000
67.65000	462.00000
67.67500	473.00000
67.70000	470.00000
67.72500	465.00000
67.75000	459.00000
67.77500	471.00000
67.80000	477.00000
67.82500	480.00000
67.85000	468.00000
67.87500	450.00000
67.90000	450.00000
67.92500	476.00000
67.95000	482.00000
67.97500	471.00000
68.00000	451.00000
68.02500	467.00000
68.05000	483.00000
68.07500	441.00000
68.10000	457.00000
68.12500	476.00000
68.15000	453.00000
68.17500	456.00000
68.20000	467.00000
68.22500	440.00000
68.25000	459.00000
68.27500	457.00000
68.30000	476.00000
68.32500	483.00000
68.35000	484.00000
68.37500	443.00000
68.40000	448.00000
68.42500	481.00000
68.45000	459.00000
68.47500	460.00000
68.50000	467.00000
68.52500	477.00000
68.55000	430.00000
68.57500	423.00000
68.60000	448.00000
68.62500	469.00000
68.65000	474.00000
68.67500	475.00000
68.70000	463.00000
68.72500	439.00000
68.75000	450.00000
68.77500	460.00000
68.80000	456.00000
68.82500	465.00000
68.85000	489.00000
68.87500	430.00000
68.90000	481.00000
68.92500	485.00000
68.95000	430.00000
68.97500	458.00000
69.00000	461.00000
69.02500	475.00000
69.05000	432.00000
69.07500	475.00000
69.10000	468.00000
69.12500	453.00000
69.15000	442.00000
69.17500	471.00000
69.20000	430.00000
69.22500	437.00000
69.25000	445.00000
69.27500	451.00000
69.30000	430.00000
69.32500	461.00000
69.35000	495.00000
69.37500	437.00000
69.40000	424.00000
69.42500	439.00000
69.45000	427.00000
69.47500	439.00000
69.50000	447.00000
69.52500	494.00000
69.55000	474.00000
69.57500	455.00000
69.60000	420.00000
69.62500	424.00000
69.65000	460.00000
69.67500	428.00000
69.70000	428.00000
69.72500	429.00000
69.75000	458.00000
69.77500	457.00000
69.80000	439.00000
69.82500	462.00000
69.85000	437.00000
69.87500	432.00000
69.90000	433.00000
69.92500	446.00000
69.95000	435.00000
69.97500	426.00000
70.00000	437.00000
70.02500	476.00000
70.05000	474.00000
70.07500	452.00000
70.10000	439.00000
70.12500	414.00000
70.15000	423.00000
70.17500	452.00000
70.20000	449.00000
70.22500	451.00000
70.25000	453.00000
70.27500	455.00000
70.30000	439.00000
70.32500	442.00000
70.35000	445.00000
70.37500	472.00000
70.40000	474.00000
70.42500	446.00000
70.45000	450.00000
70.47500	440.00000
70.50000	422.00000
70.52500	412.00000
70.55000	451.00000
70.57500	462.00000
70.60000	434.00000
70.62500	414.00000
70.65000	418.00000
70.67500	427.00000
70.70000	452.00000
70.72500	455.00000
70.75000	447.00000
70.77500	444.00000
70.80000	411.00000
70.82500	435.00000
70.85000	447.00000
70.87500	426.00000
70.90000	437.00000
70.92500	447.00000
70.95000	437.00000
70.97500	453.00000
71.00000	446.00000
71.02500	455.00000
71.05000	438.00000
71.07500	413.00000
71.10000	451.00000
71.12500	473.00000
71.15000	439.00000
71.17500	439.00000
71.20000	417.00000
71.22500	453.00000
71.25000	465.00000
71.27500	433.00000
71.30000	414.00000
71.32500	434.00000
71.35000	436.00000
71.37500	448.00000
71.40000	458.00000
71.42500	445.00000
71.45000	428.00000
71.47500	466.00000
71.50000	461.00000
71.52500	477.00000
71.55000	457.00000
71.57500	446.00000
71.60000	450.00000
71.62500	415.00000
71.65000	408.00000
71.67500	444.00000
71.70000	426.00000
71.72500	463.00000
71.75000	432.00000
71.77500	422.00000
71.80000	437.00000
71.82500	442.00000
71.85000	411.00000
71.87500	458.00000
71.90000	456.00000
71.92500	462.00000
71.95000	428.00000
71.97500	438.00000
72.00000	419.00000
72.02500	449.00000
72.05000	406.00000
72.07500	438.00000
72.10000	402.00000
72.12500	423.00000
72.15000	415.00000
72.17500	454.00000
72.20000	443.00000
72.22500	417.00000
72.25000	419.00000
72.27500	429.00000
72.30000	440.00000
72.32500	420.00000
72.35000	423.00000
72.37500	420.00000
72.40000	386.00000
72.42500	421.00000
72.45000	428.00000
72.47500	433.00000
72.50000	428.00000
72.52500	448.00000
72.55000	440.00000
72.57500	432.00000
72.60000	416.00000
72.62500	418.00000
72.65000	421.00000
72.67500	447.00000
72.70000	424.00000
72.72500	407.00000
72.75000	428.00000
72.77500	404.00000
72.80000	414.00000
72.82500	423.00000
72.85000	421.00000
72.87500	426.00000
72.90000	420.00000
72.92500	433.00000
72.95000	434.00000
72.97500	428.00000
73.00000	433.00000
73.02500	411.00000
73.05000	413.00000
73.07500	429.00000
73.10000	445.00000
73.12500	451.00000
73.15000	434.00000
73.17500	414.00000
73.20000	430.00000
73.22500	423.00000
73.25000	407.00000
73.27500	414.00000
73.30000	437.00000
73.32500	450.00000
73.35000	431.00000
73.37500	443.00000
73.40000	434.00000
73.42500	421.00000
73.45000	424.00000
73.47500	427.00000
73.50000	417.00000
73.52500	414.00000
73.55000	421.00000
73.57500	439.00000
73.60000	444.00000
73.62500	423.00000
73.65000	413.00000
73.67500	421.00000
73.70000	445.00000
73.72500	441.00000
73.75000	436.00000
73.77500	434.00000
73.80000	420.00000
73.82500	428.00000
73.85000	439.00000
73.87500	457.00000
73.90000	419.00000
73.92500	437.00000
73.95000	463.00000
73.97500	442.00000
74.00000	410.00000
74.02500	466.00000
74.05000	427.00000
74.07500	409.00000
74.10000	443.00000
74.12500	406.00000
74.15000	437.00000
74.17500	414.00000
74.20000	438.00000
74.22500	437.00000
74.25000	394.00000
74.27500	403.00000
74.30000	424.00000
74.32500	424.00000
74.35000	410.00000
74.37500	445.00000
74.40000	418.00000
74.42500	409.00000
74.45000	420.00000
74.47500	395.00000
74.50000	386.00000
74.52500	434.00000
74.55000	403.00000
74.57500	410.00000
74.60000	422.00000
74.62500	423.00000
74.65000	421.00000
74.67500	415.00000
74.70000	418.00000
74.72500	420.00000
74.75000	405.00000
74.77500	390.00000
74.80000	400.00000
74.82500	426.00000
74.85000	452.00000
74.87500	404.00000
74.90000	415.00000
74.92500	404.00000
74.95000	395.00000
74.97500	405.00000
75.00000	416.00000
75.02500	401.00000
75.05000	411.00000
75.07500	417.00000
75.10000	428.00000
75.12500	421.00000
75.15000	397.00000
75.17500	399.00000
75.20000	407.00000
75.22500	413.00000
75.25000	406.00000
75.27500	407.00000
75.30000	408.00000
75.32500	404.00000
75.35000	403.00000
75.37500	414.00000
75.40000	432.00000
75.42500	442.00000
75.45000	445.00000
75.47500	434.00000
75.50000	423.00000
75.52500	422.00000
75.55000	418.00000
75.57500	398.00000
75.60000	395.00000
75.62500	409.00000
75.65000	412.00000
75.67500	418.00000
75.70000	438.00000
75.72500	425.00000
75.75000	425.00000
75.77500	436.00000
75.80000	457.00000
75.82500	423.00000
75.85000	389.00000
75.87500	405.00000
75.90000	431.00000
75.92500	439.00000
75.95000	447.00000
75.97500	426.00000
76.00000	423.00000
76.02500	432.00000
76.05000	411.00000
76.07500	408.00000
76.10000	428.00000
76.12500	416.00000
76.15000	408.00000
76.17500	411.00000
76.20000	410.00000
76.22500	370.00000
76.25000	391.00000
76.27500	388.00000
76.30000	419.00000
76.32500	426.00000
76.35000	395.00000
76.37500	413.00000
76.40000	426.00000
76.42500	418.00000
76.45000	436.00000
76.47500	378.00000
76.50000	393.00000
76.52500	402.00000
76.55000	392.00000
76.57500	389.00000
76.60000	420.00000
76.62500	415.00000
76.65000	408.00000
76.67500	416.00000
76.70000	385.00000
76.72500	373.00000
76.75000	381.00000
76.77500	400.00000
76.80000	363.00000
76.82500	399.00000
76.85000	426.00000
76.87500	389.00000
76.90000	389.00000
76.92500	407.00000
76.95000	389.00000
76.97500	391.00000
77.00000	384.00000
77.02500	378.00000
77.05000	376.00000
77.07500	410.00000
77.10000	367.00000
77.12500	383.00000
77.15000	382.00000
77.17500	410.00000
77.20000	425.00000
77.22500	386.00000
77.25000	364.00000
77.27500	409.00000
77.30000	390.00000
77.32500	402.00000
77.35000	412.00000
77.37500	406.00000
77.40000	387.00000
77.42500	377.00000
77.45000	386.00000
77.47500	374.00000
77.50000	416.00000
77.52500	404.00000
77.55000	369.00000
77.57500	390.00000
77.60000	388.00000
77.62500	423.00000
77.65000	422.00000
77.67500	416.00000
77.70000	424.00000
77.72500	379.00000
77.75000	376.00000
77.77500	371.00000
77.80000	365.00000
77.82500	393.00000
77.85000	398.00000
77.87500	400.00000
77.90000	400.00000
77.92500	366.00000
77.95000	357.00000
77.97500	387.00000
78.00000	417.00000
78.02500	405.00000
78.05000	385.00000
78.07500	381.00000
78.10000	384.00000
78.12500	397.00000
78.15000	375.00000
78.17500	381.00000
78.20000	407.00000
78.22500	397.00000
78.25000	392.00000
78.27500	394.00000
78.30000	412.00000
78.32500	420.00000
78.35000	414.00000
78.37500	391.00000
78.40000	368.00000
78.42500	378.00000
78.45000	381.00000
78.47500	385.00000
78.50000	389.00000
78.52500	395.00000
78.55000	417.00000
78.57500	401.00000
78.60000	391.00000
78.62500	387.00000
78.65000	396.00000
78.67500	396.00000
78.70000	373.00000
78.72500	396.00000
78.75000	396.00000
78.77500	384.00000
78.80000	393.00000
78.82500	378.00000
78.85000	357.00000
78.87500	382.00000
78.90000	386.00000
78.92500	366.00000
78.95000	391.00000
78.97500	399.00000
79.00000	398.00000
79.02500	386.00000
79.05000	380.00000
79.07500	382.00000
79.10000	391.00000
79.12500	371.00000
79.15000	357.00000
79.17500	379.00000
79.20000	384.00000
79.22500	422.00000
79.25000	353.00000
79.27500	388.00000
79.30000	378.00000
79.32500	391.00000
79.35000	347.00000
79.37500	392.00000
79.40000	378.00000
79.42500	383.00000
79.45000	411.00000
79.47500	402.00000
79.50000	390.00000
79.52500	391.00000
79.55000	385.00000
79.57500	354.00000
79.60000	401.00000
79.62500	368.00000
79.65000	365.00000
79.67500	373.00000
79.70000	395.00000
79.72500	370.00000
79.75000	393.00000
79.77500	368.00000
79.80000	423.00000
79.82500	409.00000
79.85000	415.00000
79.87500	388.00000
79.90000	384.00000
79.92500	390.00000
79.95000	374.00000
79.97500	362.00000
80.00000	396.00000
80.02500	400.00000
80.05000	396.00000
80.07500	378.00000
80.10000	382.00000
80.12500	368.00000
80.15000	380.00000
80.17500	371.00000
80.20000	391.00000
80.22500	385.00000
80.25000	373.00000
80.27500	367.00000
80.30000	374.00000
80.32500	365.00000
80.35000	353.00000
80.37500	377.00000
80.40000	378.00000
80.42500	401.00000
80.45000	398.00000
80.47500	368.00000
80.50000	383.00000
80.52500	407.00000
80.55000	399.00000
80.57500	385.00000
80.60000	370.00000
80.62500	371.00000
80.65000	373.00000
80.67500	351.00000
80.70000	352.00000
80.72500	360.00000
80.75000	344.00000
80.77500	343.00000
80.80000	376.00000
80.82500	394.00000
80.85000	385.00000
80.87500	389.00000
80.90000	401.00000
80.92500	393.00000
80.95000	391.00000
80.97500	397.00000
81.00000	381.00000
81.02500	370.00000
81.05000	356.00000
81.07500	356.00000
81.10000	348.00000
81.12500	378.00000
81.15000	377.00000
81.17500	339.00000
81.20000	365.00000
81.22500	386.00000
81.25000	368.00000
81.27500	348.00000
81.30000	357.00000
81.32500	370.00000
81.35000	355.00000
81.37500	371.00000
81.40000	370.00000
81.42500	356.00000
81.45000	372.00000
81.47500	377.00000
81.50000	350.00000
81.52500	370.00000
81.55000	371.00000
81.57500	358.00000
81.60000	351.00000
81.62500	379.00000
81.65000	361.00000
81.67500	372.00000
81.70000	350.00000
81.72500	364.00000
81.75000	339.00000
81.77500	408.00000
81.80000	353.00000
81.82500	337.00000
81.85000	353.00000
81.87500	403.00000
81.90000	333.00000
81.92500	379.00000
81.95000	389.00000
81.97500	360.00000
82.00000	382.00000
82.02500	380.00000
82.05000	366.00000
82.07500	369.00000
82.10000	368.00000
82.12500	378.00000
82.15000	367.00000
82.17500	376.00000
82.20000	347.00000
82.22500	349.00000
82.25000	356.00000
82.27500	355.00000
82.30000	344.00000
82.32500	375.00000
82.35000	328.00000
82.37500	347.00000
82.40000	357.00000
82.42500	407.00000
82.45000	337.00000
82.47500	313.00000
82.50000	315.00000
82.52500	328.00000
82.55000	366.00000
82.57500	332.00000
82.60000	348.00000
82.62500	334.00000
82.65000	350.00000
82.67500	359.00000
82.70000	364.00000
82.72500	356.00000
82.75000	343.00000
82.77500	361.00000
82.80000	350.00000
82.82500	360.00000
82.85000	384.00000
82.87500	372.00000
82.90000	342.00000
82.92500	352.00000
82.95000	370.00000
82.97500	352.00000
83.00000	360.00000
83.02500	356.00000
83.05000	359.00000
83.07500	361.00000
83.10000	334.00000
83.12500	346.00000
83.15000	358.00000
83.17500	353.00000
83.20000	357.00000
83.22500	343.00000
83.25000	340.00000
83.27500	351.00000
83.30000	363.00000
83.32500	360.00000
83.35000	359.00000
83.37500	359.00000
83.40000	340.00000
83.42500	339.00000
83.45000	349.00000
83.47500	341.00000
83.50000	357.00000
83.52500	366.00000
83.55000	362.00000
83.57500	339.00000
83.60000	367.00000
83.62500	370.00000
83.65000	351.00000
83.67500	348.00000
83.70000	360.00000
83.72500	347.00000
83.75000	344.00000
83.77500	364.00000
83.80000	344.00000
83.82500	361.00000
83.85000	342.00000
83.87500	342.00000
83.90000	347.00000
83.92500	350.00000
83.95000	350.00000
83.97500	349.00000
84.00000	349.00000
84.02500	345.00000
84.05000	327.00000
84.07500	309.00000
84.10000	335.00000
84.12500	371.00000
84.15000	350.00000
84.17500	337.00000
84.20000	349.00000
84.22500	346.00000
84.25000	340.00000
84.27500	377.00000
84.30000	317.00000
84.32500	321.00000
84.35000	342.00000
84.37500	338.00000
84.40000	338.00000
84.42500	340.00000
84.45000	323.00000
84.47500	334.00000
84.50000	361.00000
84.52500	339.00000
84.55000	333.00000
84.57500	339.00000
84.60000	332.00000
84.62500	335.00000
84.65000	316.00000
84.67500	319.00000
84.70000	348.00000
84.72500	297.00000
84.75000	310.00000
84.77500	323.00000
84.80000	339.00000
84.82500	338.00000
84.85000	363.00000
84.87500	346.00000
84.90000	357.00000
84.92500	354.00000
84.95000	357.00000
84.97500	335.00000
