6.99286	5269.46452
7.00986	5262.46838
7.02686	5255.48611
7.04386	5248.51774
7.06086	5241.56330
7.07786	5234.62282
7.09486	5227.69631
7.11186	5220.78383
7.12886	5213.88541
7.14586	5207.00108
7.16286	5200.13088
7.17986	5193.27486
7.19686	5186.43308
7.21386	5179.60558
7.23086	5172.79243
7.24786	5165.99370
7.26486	5159.20946
7.28186	5152.43979
7.29886	5145.68480
7.31586	5138.94457
7.33286	5132.21923
7.34986	5125.50889
7.36686	5118.81371
7.38386	5112.13382
7.40086	5105.46939
7.41786	5098.82061
7.43486	5092.18765
7.45186	5085.57072
7.46886	5078.97004
7.48586	5072.38585
7.50286	5065.81841
7.51986	5059.26799
7.53686	5052.73491
7.55386	5046.21947
7.57086	5039.72205
7.58786	5033.24305
7.60486	5026.78291
7.62186	5020.34212
7.63886	5013.92126
7.65586	5007.52098
7.67286	5001.14198
7.68986	4994.78506
7.70686	4988.45107
7.72386	4982.14102
7.74086	4975.85602
7.75786	4969.59736
7.77486	4963.36646
7.79186	4957.16493
7.80886	4950.99462
7.82586	4944.85763
7.84286	4938.75643
7.85986	4932.69385
7.87686	4926.67324
7.89386	4920.69856
7.91086	4914.77460
7.92786	4908.90723
7.94486	4903.10381
7.96186	4897.37384
7.97886	4891.72998
7.99586	4886.19019
8.01286	4880.78253
8.02986	4875.56034
8.04686	4870.62761
8.06386	4866.05694
8.08086	4861.51902
8.09786	4856.48930
8.11486	4851.40895
8.13186	4846.57372
8.14886	4842.08076
8.16586	4837.62836
8.18286	4832.65213
8.19986	4827.49439
8.21686	4822.38067
8.23386	4817.34433
8.25086	4812.39355
8.26786	4807.53664
8.28486	4802.78357
8.30186	4798.14697
8.31886	4793.64529
8.33586	4789.31080
8.35286	4785.19886
8.36986	4781.38452
8.38686	4777.95459
8.40386	4775.01523
8.42086	4772.70091
8.43786	4771.18342
8.45486	4770.67074
8.47186	4771.40361
8.48886	4773.67661
8.50586	4777.86403
8.52286	4784.33933
8.53986	4793.12042
8.55686	4804.07829
8.57386	4818.04877
8.59086	4835.77459
8.60786	4857.83110
8.62486	4884.43192
8.64186	4915.64464
8.65886	4952.38341
8.67586	4995.29569
8.69286	5044.90015
8.70986	5101.87439
8.72686	5166.96508
8.74386	5240.59933
8.76086	5323.05310
8.77786	5415.60201
8.79486	5519.56894
8.81186	5636.05337
8.82886	5765.63890
8.84586	5908.77132
8.86286	6067.56111
8.87986	6245.00597
8.89686	6444.09378
8.91386	6667.63809
8.93086	6917.91506
8.94786	7197.82933
8.96486	7511.45177
8.98186	7863.56637
8.99886	8259.72124
9.01586	8705.90587
9.03286	9208.71532
9.04986	9775.97295
9.06686	10417.29880
9.08386	11144.45389
9.10086	11971.76868
9.11786	12916.89274
9.13486	14001.88247
9.15186	15254.84622
9.16886	16712.35819
9.18586	18423.28560
9.20286	20455.05592
9.21986	22904.36480
9.23686	25917.19562
9.25386	29732.77990
9.27086	34791.78507
9.28786	41897.27180
9.30486	51700.47294
9.32186	61615.91289
9.33886	63353.88395
9.35586	54003.59836
9.37286	46175.41140
9.38986	46006.06414
9.40686	48840.10324
9.42386	43900.64644
9.44086	29829.16891
9.45786	16962.27456
9.47486	9859.75400
9.49186	7251.08200
9.50886	6351.04767
9.52586	5919.95845
9.54286	5661.03251
9.55986	5492.01832
9.57686	5377.90023
9.59386	5300.38749
9.61086	5248.91155
9.62786	5216.83913
9.64486	5199.91725
9.66186	5195.56645
9.67886	5201.98684
9.69586	5217.75224
9.71286	5241.39245
9.72986	5271.27585
9.74686	5305.86966
9.76386	5343.43796
9.78086	5381.56267
9.79786	5417.16080
9.81486	5446.79948
9.83186	5467.44404
9.84886	5477.68714
9.86586	5479.12635
9.88286	5476.49678
9.89986	5475.52930
9.91686	5481.85250
9.93386	5500.80516
9.95086	5536.00806
9.96786	5590.01220
9.98486	5664.32224
10.00186	5760.43270
10.01886	5880.16567
10.03586	6025.53409
10.05286	6199.46342
10.06986	6405.85828
10.08686	6649.70324
10.10386	6937.38072
10.12086	7277.17985
10.13786	7680.05805
10.15486	8160.83918
10.17186	8740.30402
10.18886	9448.87220
10.20586	10332.28439
10.22286	11462.52895
10.23986	12967.38742
10.25686	15089.67413
10.27386	18170.79548
10.29086	22027.28142
10.30786	24584.98459
10.32486	22671.84514
10.34186	16675.80613
10.35886	10752.79203
10.37586	7057.15999
10.39286	5524.30689
10.40986	4990.16843
10.42686	4757.24424
10.44386	4621.51253
10.46086	4531.15851
10.47786	4467.08886
10.49486	4419.77082
10.51186	4383.80646
10.52886	4355.90555
10.54586	4333.94599
10.56286	4316.48296
10.57986	4302.46966
10.59686	4291.20501
10.61386	4282.57457
10.63086	4276.68725
10.64786	4272.76475
10.66486	4270.45056
10.68186	4269.78742
10.69886	4271.15922
10.71586	4274.41175
10.73286	4279.21216
10.74986	4285.42858
10.76686	4292.94882
10.78386	4301.62461
10.80086	4311.22811
10.81786	4321.40167
10.83486	4331.59764
10.85186	4341.00966
10.86886	4348.51404
10.88586	4352.66391
10.90286	4351.81615
10.91986	4344.50780
10.93686	4330.01041
10.95386	4308.59843
10.97086	4281.52267
10.98786	4250.81859
11.00486	4218.54442
11.02186	4186.64729
11.03886	4156.46777
11.05586	4128.51039
11.07286	4102.93359
11.08986	4079.67942
11.10686	4058.55892
11.12386	4039.33307
11.14086	4021.75902
11.15786	4005.61186
11.17486	3990.69273
11.19186	3976.82991
11.20886	3963.87683
11.22586	3951.70870
11.24286	3940.21884
11.25986	3929.31477
11.27686	3918.91304
11.29386	3908.92977
11.31086	3899.27696
11.32786	3889.92806
11.34486	3881.01185
11.36186	3872.60325
11.37886	3864.51970
11.39586	3856.67838
11.41286	3849.05324
11.42986	3841.62478
11.44686	3834.37581
11.46386	3827.29115
11.48086	3820.35730
11.49786	3813.56224
11.51486	3806.89520
11.53186	3800.34653
11.54886	3793.90751
11.56586	3787.57025
11.58286	3781.32754
11.59986	3775.17280
11.61686	3769.09996
11.63386	3763.10337
11.65086	3757.17774
11.66786	3751.31803
11.68486	3745.51938
11.70186	3739.77694
11.71886	3734.08574
11.73586	3728.44039
11.75286	3722.83468
11.76986	3717.26060
11.78686	3711.70581
11.80386	3706.14625
11.82086	3700.54446
11.83786	3694.91945
11.85486	3689.44335
11.87186	3684.21522
11.88886	3679.06857
11.90586	3673.97007
11.92286	3668.90892
11.93986	3663.88062
11.95686	3658.88396
11.97386	3653.91787
11.99086	3648.98136
12.00786	3644.07348
12.02486	3639.19333
12.04186	3634.34008
12.05886	3629.51293
12.07586	3624.71114
12.09286	3619.93400
12.10986	3615.18085
12.12686	3610.45105
12.14386	3605.74400
12.16086	3601.05914
12.17786	3596.39592
12.19486	3591.75384
12.21186	3587.13241
12.22886	3582.53116
12.24586	3577.94966
12.26286	3573.38748
12.27986	3568.84422
12.29686	3564.31951
12.31386	3559.81298
12.33086	3555.32427
12.34786	3550.85306
12.36486	3546.39904
12.38186	3541.96188
12.39886	3537.54131
12.41586	3533.13704
12.43286	3528.74881
12.44986	3524.37636
12.46686	3520.01944
12.48386	3515.67781
12.50086	3511.35125
12.51786	3507.03954
12.53486	3502.74246
12.55186	3498.45983
12.56886	3494.19143
12.58586	3489.93708
12.60286	3485.69661
12.61986	3481.46983
12.63686	3477.25658
12.65386	3473.05670
12.67086	3468.87003
12.68786	3464.69642
12.70486	3460.53572
12.72186	3456.38778
12.73886	3452.25249
12.75586	3448.12969
12.77286	3444.01927
12.78986	3439.92111
12.80686	3435.83509
12.82386	3431.76110
12.84086	3427.69904
12.85786	3423.64883
12.87486	3419.61037
12.89186	3415.58359
12.90886	3411.56842
12.92586	3407.56481
12.94286	3403.57271
12.95986	3399.59209
12.97686	3395.62289
12.99386	3391.66512
13.01086	3387.71876
13.02786	3383.78383
13.04486	3379.86035
13.06186	3375.94841
13.07886	3372.04809
13.09586	3368.15956
13.11286	3364.28302
13.12986	3360.41874
13.14686	3356.56705
13.16386	3352.72841
13.18086	3348.90343
13.19786	3345.09291
13.21486	3341.29798
13.23186	3337.52024
13.24886	3333.76210
13.26586	3330.02747
13.28286	3326.32356
13.29986	3322.66816
13.31686	3319.09284
13.33386	3315.55945
13.35086	3311.91947
13.36786	3308.21290
13.38486	3304.50351
13.40186	3300.80339
13.41886	3297.11308
13.43586	3293.43254
13.45286	3289.76174
13.46986	3286.10064
13.48686	3282.44922
13.50386	3278.80745
13.52086	3275.17530
13.53786	3271.55274
13.55486	3267.93974
13.57186	3264.33629
13.58886	3260.74236
13.60586	3257.15793
13.62286	3253.58298
13.63986	3250.01749
13.65686	3246.46145
13.67386	3242.91486
13.69086	3239.37770
13.70786	3235.84998
13.72486	3232.33170
13.74186	3228.82288
13.75886	3225.32353
13.77586	3221.83368
13.79286	3218.35337
13.80986	3214.88264
13.82686	3211.42156
13.84386	3207.97017
13.86086	3204.52855
13.87786	3201.09679
13.89486	3197.67500
13.91186	3194.26329
13.92886	3190.86184
13.94586	3187.47083
13.96286	3184.09053
13.97986	3180.72124
13.99686	3177.36332
14.01386	3174.01723
14.03086	3170.68351
14.04786	3167.36290
14.06486	3164.05633
14.08186	3160.76505
14.09886	3157.49080
14.11586	3154.23613
14.13286	3151.00511
14.14986	3147.80509
14.16686	3144.65385
14.18386	3141.58293
14.20086	3138.55605
14.21786	3135.42793
14.23486	3132.23583
14.25186	3129.04272
14.26886	3125.86088
14.28586	3122.69116
14.30286	3119.53388
14.31986	3116.38942
14.33686	3113.25821
14.35386	3110.14073
14.37086	3107.03758
14.38786	3103.94944
14.40486	3100.87707
14.42186	3097.82139
14.43886	3094.78348
14.45586	3091.76465
14.47286	3088.76652
14.48986	3085.79116
14.50686	3082.84124
14.52386	3079.92042
14.54086	3077.03406
14.55786	3074.19115
14.57486	3071.41148
14.59186	3068.72930
14.60886	3066.11160
14.62586	3063.41594
14.64286	3060.68253
14.65986	3057.98077
14.67686	3055.33339
14.69386	3052.76305
14.71086	3050.30754
14.72786	3047.94220
14.74486	3045.54580
14.76186	3043.19179
14.77886	3040.91732
14.79586	3038.58004
14.81286	3036.17758
14.82986	3033.79700
14.84686	3031.46589
14.86386	3029.19087
14.88086	3026.97742
14.89786	3024.83226
14.91486	3022.76246
14.93186	3020.77096
14.94886	3018.86070
14.96586	3017.04676
14.98286	3015.34186
14.99986	3013.75945
15.01686	3012.31539
15.03386	3011.02872
15.05086	3009.92272
15.06786	3009.02718
15.08486	3008.38331
15.10186	3008.05310
15.11886	3008.13236
15.13586	3008.76249
15.15286	3010.13777
15.16986	3012.50985
15.18686	3016.19056
15.20386	3021.55507
15.22086	3029.04998
15.23786	3039.20081
15.25486	3052.61400
15.27186	3069.97169
15.28886	3092.00554
15.30586	3119.45913
15.32286	3153.09400
15.33986	3193.76493
15.35686	3242.50966
15.37386	3300.63008
15.39086	3369.77965
15.40786	3452.07983
15.42486	3550.28396
15.44186	3667.91617
15.45886	3809.28274
15.47586	3979.52042
15.49286	4184.94384
15.50986	4433.63819
15.52686	4736.29752
15.54386	5107.48894
15.56086	5567.68079
15.57786	6146.86397
15.59486	6891.89881
15.61186	7882.44298
15.62886	9257.21834
15.64586	11199.54014
15.66286	13697.51895
15.67986	16007.15537
15.69686	16655.52020
15.71386	14973.96620
15.73086	12032.13789
15.74786	8951.06695
15.76486	6395.13684
15.78186	4748.86870
15.79886	3910.02601
15.81586	3527.83531
15.83286	3340.21889
15.84986	3229.42580
15.86686	3153.84948
15.88386	3098.26818
15.90086	3055.63778
15.91786	3021.95401
15.93486	2994.69884
15.95186	2972.20339
15.96886	2953.31951
15.98586	2937.23303
16.00286	2923.35206
16.01986	2911.23819
16.03686	2900.56566
16.05386	2891.09587
16.07086	2882.61181
16.08786	2874.86172
16.10486	2867.72859
16.12186	2861.15935
16.13886	2855.08719
16.15586	2849.43290
16.17286	2844.10042
16.18986	2839.06404
16.20686	2834.29724
16.22386	2829.77050
16.24086	2825.45800
16.25786	2821.34152
16.27486	2817.41325
16.29186	2813.64392
16.30886	2809.97724
16.32586	2806.43508
16.34286	2803.00823
16.35986	2799.64918
16.37686	2796.37064
16.39386	2793.17787
16.41086	2790.06758
16.42786	2787.03128
16.44486	2784.05806
16.46186	2781.15051
16.47886	2778.30267
16.49586	2775.50384
16.51286	2772.75637
16.52986	2770.05850
16.54686	2767.40696
16.56386	2764.79792
16.58086	2762.22630
16.59786	2759.68383
16.61486	2757.15190
16.63186	2754.59721
16.64886	2752.04198
16.66586	2749.59820
16.68286	2747.26769
16.69986	2745.12827
16.71686	2743.12955
16.73386	2741.19656
16.75086	2739.29873
16.76786	2737.48631
16.78486	2735.91885
16.80186	2734.59061
16.81886	2733.48246
16.83586	2732.64631
16.85286	2732.16701
16.86986	2732.15266
16.88686	2732.73570
16.90386	2734.07564
16.92086	2736.36216
16.93786	2739.81586
16.95486	2744.68273
16.97186	2751.22732
16.98886	2759.73635
17.00586	2770.53985
17.02286	2784.04330
17.03986	2800.76553
17.05686	2821.33772
17.07386	2846.51537
17.09086	2877.40691
17.10786	2915.44143
17.12486	2962.33142
17.14186	3020.21868
17.15886	3091.90708
17.17586	3181.19674
17.19286	3293.42895
17.20986	3436.48121
17.22686	3622.79040
17.24386	3873.53570
17.26086	4223.79236
17.27786	4712.09935
17.29486	5313.42098
17.31186	5825.33439
17.32886	5919.84377
17.34586	5521.30589
17.36286	4926.81766
17.37986	4330.91350
17.39686	3833.32654
17.41386	3542.62914
17.43086	3450.28194
17.44786	3441.38712
17.46486	3389.23529
17.48186	3259.25997
17.49886	3108.47923
17.51586	2964.87717
17.53286	2842.73989
17.54986	2761.45412
17.56686	2716.70279
17.58386	2692.85471
17.60086	2678.39960
17.61786	2668.12248
17.63486	2660.09527
17.65186	2653.51638
17.66886	2647.89674
17.68586	2643.01238
17.70286	2638.72272
17.71986	2634.82245
17.73686	2631.23752
17.75386	2627.94839
17.77086	2624.91490
17.78786	2622.10048
17.80486	2619.47695
17.82186	2617.02181
17.83886	2614.71699
17.85586	2612.55322
17.87286	2610.52663
17.88986	2608.64497
17.90686	2606.91191
17.92386	2605.25400
17.94086	2603.59319
17.95786	2602.00478
17.97486	2600.50418
17.99186	2599.09110
18.00886	2597.76434
18.02586	2596.52098
18.04286	2595.34956
18.05986	2594.22715
18.07686	2593.20101
18.09386	2592.42899
18.11086	2591.87152
18.12786	2591.48800
18.14486	2591.28788
18.16186	2591.28856
18.17886	2591.51563
18.19586	2592.00148
18.21286	2592.78783
18.22986	2593.93242
18.24686	2595.52057
18.26386	2597.68025
18.28086	2600.59623
18.29786	2604.52065
18.31486	2609.78084
18.33186	2616.78803
18.34886	2626.06806
18.36586	2638.27612
18.38286	2654.13250
18.39986	2674.48444
18.41686	2700.19903
18.43386	2732.24943
18.45086	2771.79768
18.46786	2820.31626
18.48486	2879.73377
18.50186	2952.53053
18.51886	3042.00418
18.53586	3152.47673
18.55286	3289.46064
18.56986	3460.07347
18.58686	3673.84546
18.60386	3944.07072
18.62086	4290.19136
18.63786	4742.65141
18.65486	5352.55556
18.67186	6202.31822
18.68886	7381.82122
18.70586	8849.52042
18.72286	10190.37215
18.73986	10659.63078
18.75686	9918.12791
18.77386	8501.42294
18.79086	6961.72258
18.80786	5492.68410
18.82486	4317.80015
18.84186	3583.60329
18.85886	3213.52220
18.87586	3048.97183
18.89286	2969.03038
18.90986	2906.72661
18.92686	2840.62970
18.94386	2778.62215
18.96086	2724.13774
18.97786	2676.76907
18.99486	2640.58213
19.01186	2615.92855
19.02886	2599.38891
19.04586	2587.56066
19.06286	2578.41890
19.07986	2571.01239
19.09686	2564.88315
19.11386	2559.76536
19.13086	2555.47892
19.14786	2551.89125
19.16486	2548.90555
19.18186	2546.45682
19.19886	2544.48110
19.21586	2542.92895
19.23286	2541.77038
19.24986	2540.98217
19.26686	2540.54789
19.28386	2540.45756
19.30086	2540.70700
19.31786	2541.29750
19.33486	2542.23588
19.35186	2543.53443
19.36886	2545.21030
19.38586	2547.29379
19.40286	2549.83821
19.41986	2552.83159
19.43686	2556.17563
19.45386	2560.01173
19.47086	2564.41780
19.48786	2569.45999
19.50486	2575.21588
19.52186	2581.80003
19.53886	2589.37139
19.55586	2598.16699
19.57286	2608.49529
19.58986	2620.46304
19.60686	2633.44769
19.62386	2646.09333
19.64086	2656.90069
19.65786	2666.18289
19.67486	2675.90068
19.69186	2686.76967
19.70886	2698.99230
19.72586	2713.14681
19.74286	2729.31284
19.75986	2747.02930
19.77686	2765.71703
19.79386	2784.83118
19.81086	2803.84614
19.82786	2822.21045
19.84486	2839.18021
19.86186	2853.94165
19.87886	2865.58353
19.89586	2873.25094
19.91286	2876.19561
19.92986	2873.89733
19.94686	2866.32947
19.96386	2854.02134
19.98086	2837.69593
19.99786	2818.26155
20.01486	2796.75274
20.03186	2774.18096
20.04886	2751.41245
20.06586	2729.14072
20.08286	2707.88014
20.09986	2687.98899
20.11686	2669.66279
20.13386	2652.92018
20.15086	2637.80553
20.16786	2624.38416
20.18486	2612.66420
20.20186	2602.64402
20.21886	2594.33299
20.23586	2587.76502
20.25286	2583.01641
20.26986	2580.23563
20.28686	2579.67394
20.30386	2581.72349
20.32086	2586.95175
20.33786	2596.13877
20.35486	2610.33641
20.37186	2630.96643
20.38886	2659.98099
20.40586	2700.14576
20.42286	2755.43156
20.43986	2830.83884
20.45686	2929.44013
20.47386	3044.72328
20.49086	3154.89501
20.50786	3237.81014
20.52486	3303.83021
20.54186	3390.20831
20.55886	3516.07917
20.57586	3693.29211
20.59286	3947.78681
20.60986	4308.05235
20.62686	4806.29508
20.64386	5496.12824
20.66086	6464.83795
20.67786	7792.47245
20.69486	9378.42988
20.71186	10700.40370
20.72886	10971.72670
20.74586	10019.29643
20.76286	8582.70504
20.77986	7117.84256
20.79686	5649.24846
20.81386	4391.40289
20.83086	3546.71740
20.84786	3078.36371
20.86486	2838.96767
20.88186	2710.03025
20.89886	2630.61033
20.91586	2575.45861
20.93286	2534.30639
20.94986	2502.31278
20.96686	2476.74909
20.98386	2455.90141
21.00086	2438.59967
21.01786	2423.94087
21.03486	2411.32055
21.05186	2400.36285
21.06886	2390.75496
21.08586	2382.25456
21.10286	2374.67243
21.11986	2367.86137
21.13686	2361.70881
21.15386	2356.12389
21.17086	2351.01508
21.18786	2346.31980
21.20486	2342.00990
21.22186	2337.97209
21.23886	2334.12553
21.25586	2330.49221
21.27286	2327.06014
21.28986	2323.80708
21.30686	2320.71676
21.32386	2317.77286
21.34086	2314.96046
21.35786	2312.26590
21.37486	2309.67565
21.39186	2307.17222
21.40886	2304.73033
21.42586	2302.36477
21.44286	2300.17470
21.45986	2298.15165
21.47686	2296.25057
21.49386	2294.37331
21.51086	2292.49655
21.52786	2290.67416
21.54486	2288.91577
21.56186	2287.22164
21.57886	2285.59256
21.59586	2284.03174
21.61286	2282.54747
21.62986	2281.15685
21.64686	2279.89746
21.66386	2278.79631
21.68086	2277.79969
21.69786	2276.82587
21.71486	2275.80688
21.73186	2274.79222
21.74886	2273.87458
21.76586	2273.08508
21.78286	2272.44757
21.79986	2271.98996
21.81686	2271.73499
21.83386	2271.71079
21.85086	2272.00227
21.86786	2272.78294
21.88486	2274.12007
21.90186	2276.16571
21.91886	2279.08492
21.93586	2283.09645
21.95286	2288.70641
21.96986	2296.70850
21.98686	2308.21565
22.00386	2324.08258
22.02086	2342.81333
22.03786	2357.75421
22.05486	2359.65827
22.07186	2347.86254
22.08886	2332.65685
22.10586	2318.62645
22.12286	2304.22340
22.13986	2291.59047
22.15686	2284.01713
22.17386	2281.67658
22.19086	2283.13971
22.20786	2287.21683
22.22486	2293.45654
22.24186	2301.97167
22.25886	2313.21588
22.27586	2327.94195
22.29286	2347.30472
22.30986	2373.18574
22.32686	2408.67831
22.34386	2457.94785
22.36086	2523.28967
22.37786	2596.80835
22.39486	2652.07932
22.41186	2656.55240
22.42886	2612.02048
22.44586	2557.61768
22.46286	2507.89752
22.47986	2456.64843
22.49686	2412.96725
22.51386	2389.11107
22.53086	2385.22062
22.54786	2396.14181
22.56486	2418.07497
22.58186	2449.98282
22.59886	2492.68051
22.61586	2548.08212
22.63286	2619.08356
22.64986	2709.60451
22.66686	2824.95809
22.68386	2972.51638
22.70086	3162.40787
22.71786	3408.68168
22.73486	3731.64848
22.75186	4162.60240
22.76886	4751.84139
22.78586	5574.24929
22.80286	6702.86211
22.81986	8097.51330
22.83686	9424.56878
22.85386	10072.09596
22.87086	9700.85954
22.88786	8742.56211
22.90486	7774.29475
22.92186	6862.49428
22.93886	5990.60076
22.95586	5383.50692
22.97286	5227.42159
22.98986	5534.13159
23.00686	6262.44244
23.02386	7352.13605
23.04086	8597.64831
23.05786	9528.25703
23.07486	9626.43400
23.09186	8865.31986
23.10886	7747.72109
23.12586	6622.97995
23.14286	5492.01458
23.15986	4418.24797
23.17686	3586.27820
23.19386	3063.13719
23.21086	2773.59485
23.22786	2615.85016
23.24486	2522.15740
23.26186	2459.47823
23.27886	2413.69930
23.29586	2378.50635
23.31286	2350.59590
23.32986	2327.97082
23.34686	2309.30893
23.36386	2293.68190
23.38086	2280.44220
23.39786	2269.10860
23.41486	2259.32000
23.43186	2250.80084
23.44886	2243.33725
23.46586	2236.76064
23.48286	2230.93635
23.49986	2225.75488
23.51686	2221.12177
23.53386	2216.94776
23.55086	2213.17143
23.56786	2209.82616
23.58486	2206.93358
23.60186	2204.38081
23.61886	2202.13594
23.63586	2200.17809
23.65286	2198.49500
23.66986	2197.08127
23.68686	2195.94089
23.70386	2195.07460
23.72086	2194.48404
23.73786	2194.16580
23.75486	2194.15273
23.77186	2194.48431
23.78886	2195.22107
23.80586	2196.45851
23.82286	2198.33442
23.83986	2201.04009
23.85686	2204.85466
23.87386	2210.13629
23.89086	2217.33660
23.90786	2227.00916
23.92486	2239.81189
23.94186	2256.54125
23.95886	2278.26115
23.97586	2306.37803
23.99286	2342.84581
24.00986	2390.29282
24.02686	2452.33141
24.04386	2534.31028
24.06086	2644.39559
24.07786	2795.53104
24.09486	3007.25964
24.11186	3300.39419
24.12886	3671.20128
24.14586	4043.56299
24.16286	4254.98422
24.17986	4178.90493
24.19686	3899.45609
24.21386	3607.26622
24.23086	3339.14903
24.24786	3047.14322
24.26486	2761.33738
24.28186	2546.74551
24.29886	2415.16887
24.31586	2342.19053
24.33286	2299.92040
24.34986	2271.73151
24.36686	2251.72712
24.38386	2237.98161
24.40086	2228.88423
24.41786	2222.95756
24.43486	2219.22425
24.45186	2217.06275
24.46886	2216.07232
24.48586	2216.03151
24.50286	2216.79445
24.51986	2218.28936
24.53686	2220.46472
24.55386	2223.28755
24.57086	2226.73996
24.58786	2230.81587
24.60486	2235.51695
24.62186	2240.84996
24.63886	2246.82408
24.65586	2253.44807
24.67286	2260.72714
24.68986	2268.65929
24.70686	2277.23119
24.72386	2286.41358
24.74086	2296.15651
24.75786	2306.38501
24.77486	2316.99603
24.79186	2327.85693
24.80886	2338.80803
24.82586	2349.66996
24.84286	2360.29148
24.85986	2370.63635
24.87686	2380.66221
24.89386	2390.36095
24.91086	2399.93065
24.92786	2409.79973
24.94486	2420.69180
24.96186	2433.70687
24.97886	2450.40973
24.99586	2472.94215
25.01286	2504.20911
25.02986	2548.28519
25.04686	2611.26478
25.06386	2702.63357
25.08086	2835.43721
25.09786	3019.01045
25.11486	3236.97614
25.13186	3420.26605
25.14886	3471.00115
25.16586	3382.66940
25.18286	3278.88413
25.19986	3225.74883
25.21686	3179.63683
25.23386	3091.52539
25.25086	2955.48579
25.26786	2795.16534
25.28486	2664.39673
25.30186	2573.86982
25.31886	2492.04364
25.33586	2408.28172
25.35286	2342.91890
25.36986	2306.62333
25.38686	2295.50938
25.40386	2301.56394
25.42086	2317.25960
25.43786	2337.28083
25.45486	2362.97778
25.47186	2402.02036
25.48886	2453.73174
25.50586	2497.89146
25.52286	2503.71070
25.53986	2462.76976
25.55686	2404.31058
25.57386	2352.95244
25.59086	2304.26174
25.60786	2250.90077
25.62486	2201.40647
25.64186	2165.32172
25.65886	2142.94620
25.67586	2129.62472
25.69286	2121.20059
25.70986	2115.25110
25.72686	2110.64864
25.74386	2106.90630
25.76086	2103.81382
25.77786	2101.21759
25.79486	2098.88184
25.81186	2096.82543
25.82886	2095.16863
25.84586	2093.95802
25.86286	2093.18756
25.87986	2092.89219
25.89686	2093.10461
25.91386	2094.09331
25.93086	2096.04182
25.94786	2099.07009
25.96486	2102.57813
25.98186	2104.97552
25.99886	2104.66018
26.01586	2102.16280
26.03286	2099.99319
26.04986	2098.96311
26.06686	2098.49848
26.08386	2098.72319
26.10086	2100.89620
26.11786	2105.99186
26.13486	2114.67087
26.15186	2127.93693
26.16886	2147.33924
26.18586	2173.72403
26.20286	2203.83622
26.21986	2226.52377
26.23686	2227.15473
26.25386	2206.08209
26.27086	2182.47458
26.28786	2164.54862
26.30486	2145.45812
26.32186	2122.24320
26.33886	2101.80001
26.35586	2088.31105
26.37286	2080.82816
26.38986	2076.95193
26.40686	2074.89935
26.42386	2073.81481
26.44086	2073.30708
26.45786	2073.20613
26.47486	2073.42279
26.49186	2073.90972
26.50886	2074.65488
26.52586	2075.65732
26.54286	2076.91855
26.55986	2078.46753
26.57686	2080.30772
26.59386	2082.45662
26.61086	2084.94120
26.62786	2087.79431
26.64486	2091.05940
26.66186	2094.79639
26.67886	2099.06173
26.69586	2103.92744
26.71286	2109.48628
26.72986	2115.85707
26.74686	2123.18144
26.76386	2131.64530
26.78086	2141.58035
26.79786	2153.39066
26.81486	2167.55696
26.83186	2184.91800
26.84886	2206.58917
26.86586	2233.99010
26.88286	2268.94080
26.89986	2313.78089
26.91686	2371.58867
26.93386	2446.56209
26.95086	2544.54782
26.96786	2673.74558
26.98486	2845.76841
27.00186	3077.28658
27.01886	3393.14316
27.03586	3830.65397
27.05286	4438.25109
27.06986	5246.94595
27.08686	6189.80717
27.10386	7005.76180
27.12086	7344.63456
27.13786	7246.97677
27.15486	7264.69769
27.17186	7697.28722
27.18886	8428.06276
27.20586	9282.10305
27.22286	10076.02107
27.23986	10330.74435
27.25686	9726.98170
27.27386	8665.48363
27.29086	7662.82163
27.30786	6765.06277
27.32486	5767.19430
27.34186	4713.49207
27.35886	3818.76367
27.37586	3204.64309
27.39286	2841.48596
27.40986	2640.08189
27.42686	2527.99252
27.44386	2465.03173
27.46086	2433.26158
27.47786	2426.31744
27.49486	2443.91759
27.51186	2490.20019
27.52886	2572.16642
27.54586	2692.22249
27.56286	2830.71456
27.57986	2928.24277
27.59686	2913.24777
27.61386	2795.06524
27.63086	2673.01300
27.64786	2587.31963
27.66486	2499.62158
27.68186	2384.62634
27.69886	2273.49729
27.71586	2194.74413
27.73286	2147.58234
27.74986	2120.51612
27.76686	2104.00328
27.78386	2092.87941
27.80086	2084.76048
27.81786	2078.60371
27.83486	2073.87561
27.85186	2070.26383
27.86886	2067.57460
27.88586	2065.68770
27.90286	2064.53489
27.91986	2064.09064
27.93686	2064.37432
27.95386	2065.46555
27.97086	2067.47296
27.98786	2070.49489
28.00486	2074.87929
28.02186	2081.06871
28.03886	2089.63090
28.05586	2101.30228
28.07286	2117.03087
28.08986	2138.06030
28.10686	2166.08888
28.12386	2203.51410
28.14086	2253.77085
28.15786	2321.85878
28.17486	2415.31935
28.19186	2545.85164
28.20886	2730.11056
28.22586	2983.41605
28.24286	3295.77550
28.25986	3591.94866
28.27686	3733.12912
28.29386	3651.20026
28.31086	3473.49998
28.32786	3357.34687
28.34486	3309.15340
28.36186	3262.01390
28.37886	3222.66809
28.39586	3238.04546
28.41286	3272.96111
28.42986	3220.54771
28.44686	3059.92060
28.46386	2909.33355
28.48086	2825.82174
28.49786	2758.58759
28.51486	2660.86733
28.53186	2568.09243
28.54886	2528.47020
28.56586	2552.77818
28.58286	2636.25436
28.59986	2778.28233
28.61686	2989.50536
28.63386	3290.85955
28.65086	3702.37792
28.66786	4218.77961
28.68486	4787.60427
28.70186	5340.55196
28.71886	5860.85965
28.73586	6276.44800
28.75286	6296.45530
28.76986	5797.15107
28.78686	5152.77069
28.80386	4683.71102
28.82086	4323.39761
28.83786	3889.24592
28.85486	3435.30535
28.87186	3118.38379
28.88886	2986.29836
28.90586	3013.39216
28.92286	3173.34514
28.93986	3458.96242
28.95686	3856.10707
28.97386	4289.65657
28.99086	4592.32905
29.00786	4594.05677
29.02486	4312.64707
29.04186	3961.23511
29.05886	3682.73272
29.07586	3427.01979
29.09286	3114.25670
29.10986	2777.80905
29.12686	2503.57727
29.14386	2324.33322
29.16086	2219.24841
29.17786	2157.78211
29.19486	2119.05934
29.21186	2092.31988
29.22886	2072.63779
29.24586	2057.53503
29.26286	2045.68660
29.27986	2036.34109
29.29686	2029.05794
29.31386	2023.61673
29.33086	2019.97648
29.34786	2018.14761
29.36486	2017.60790
29.38186	2016.64315
29.39886	2012.94740
29.41586	2006.50217
29.43286	2000.29594
29.44986	1995.69563
29.46686	1991.55086
29.48386	1986.61503
29.50086	1981.43794
29.51786	1977.10863
29.53486	1973.81101
29.55186	1971.28647
29.56886	1969.28316
29.58586	1967.59600
29.60286	1966.01893
29.61986	1964.55331
29.63686	1963.19535
29.65386	1961.93439
29.67086	1960.74519
29.68786	1959.57009
29.70486	1958.44830
29.72186	1957.43998
29.73886	1956.51493
29.75586	1955.64930
29.77286	1954.84272
29.78986	1954.10531
29.80686	1953.46403
29.82386	1952.92310
29.84086	1952.37203
29.85786	1951.79874
29.87486	1951.18716
29.89186	1950.58315
29.90886	1949.99790
29.92586	1949.42597
29.94286	1948.85842
29.95986	1948.30054
29.97686	1947.77188
29.99386	1947.25014
30.01086	1946.71261
30.02786	1946.25205
30.04486	1945.91797
30.06186	1945.66322
30.07886	1945.44936
30.09586	1945.22430
30.11286	1945.00493
30.12986	1944.75124
30.14686	1944.51725
30.16386	1944.27902
30.18086	1944.04528
30.19786	1943.89419
30.21486	1943.76668
30.23186	1943.61942
30.24886	1943.45610
30.26586	1943.37948
30.28286	1943.36624
30.29986	1943.43717
30.31686	1943.57372
30.33386	1943.74329
30.35086	1943.92034
30.36786	1944.09118
30.38486	1944.31306
30.40186	1944.68866
30.41886	1945.17797
30.43586	1945.75977
30.45286	1946.45346
30.46986	1947.27680
30.48686	1948.21834
30.50386	1949.28190
30.52086	1950.47600
30.53786	1951.82147
30.55486	1953.35452
30.57186	1955.08873
30.58886	1957.04652
30.60586	1959.25775
30.62286	1961.75819
30.63986	1964.59071
30.65686	1967.80743
30.67386	1971.47248
30.69086	1975.66464
30.70786	1980.48338
30.72486	1986.07012
30.74186	1992.62999
30.75886	2000.42179
30.77586	2009.85315
30.79286	2021.50497
30.80986	2036.25659
30.82686	2055.42372
30.84386	2080.66489
30.86086	2114.27536
30.87786	2159.33913
30.89486	2219.80559
30.91186	2301.26986
30.92886	2411.90515
30.94586	2563.77160
30.96286	2775.03955
30.97986	3073.61574
30.99686	3498.85927
31.01386	4084.94243
31.03086	4794.46619
31.04786	5402.07887
31.06486	5519.73346
31.08186	5065.45310
31.09886	4534.84672
31.11586	4261.46818
31.13286	4125.09251
31.14986	3855.28668
31.16686	3434.00891
31.18386	3079.55484
31.20086	2902.74159
31.21786	2893.68039
31.23486	3023.34032
31.25186	3286.58260
31.26886	3690.39954
31.28586	4194.82425
31.30286	4619.17644
31.31986	4665.54902
31.33686	4284.20223
31.35386	3862.76289
31.37086	3639.04604
31.38786	3507.13625
31.40486	3260.55995
31.42186	2890.28331
31.43886	2559.03997
31.45586	2339.23275
31.47286	2210.92806
31.48986	2136.64612
31.50686	2090.88558
31.52386	2060.49176
31.54086	2039.27265
31.55786	2024.29162
31.57486	2014.09559
31.59186	2008.05448
31.60886	2006.09500
31.62586	2008.69092
31.64286	2016.89099
31.65986	2031.86568
31.67686	2052.86289
31.69386	2073.06972
31.71086	2078.74183
31.72786	2062.78274
31.74486	2038.74956
31.76186	2022.34754
31.77886	2013.63721
31.79586	2002.73849
31.81286	1984.83402
31.82986	1965.67981
31.84686	1951.26199
31.86386	1942.20129
31.88086	1936.71672
31.89786	1933.27909
31.91486	1931.06328
31.93186	1929.46982
31.94886	1928.28400
31.96586	1927.49071
31.98286	1927.07304
31.99986	1927.05507
32.01686	1927.45020
32.03386	1928.16609
32.05086	1929.37441
32.06786	1931.27178
32.08486	1934.09705
32.10186	1938.16187
32.11886	1943.88230
32.13586	1951.83654
32.15286	1962.84948
32.16986	1978.12869
32.18686	1999.50505
32.20386	2029.66165
32.22086	2072.62287
32.23786	2133.40854
32.25486	2214.62131
32.27186	2305.63404
32.28886	2369.85691
32.30586	2363.26969
32.32286	2298.20035
32.33986	2244.52431
32.35686	2230.83620
32.37386	2232.85740
32.39086	2219.49346
32.40786	2193.53169
32.42486	2179.59297
32.44186	2174.16301
32.45886	2154.40111
32.47586	2118.74504
32.49286	2092.68226
32.50986	2086.96801
32.52686	2091.04824
32.54386	2091.80438
32.56086	2091.29202
32.57786	2104.41408
32.59486	2140.29704
32.61186	2203.40635
32.62886	2300.69170
32.64586	2444.33524
32.66286	2647.60098
32.67986	2903.11690
32.69686	3135.60774
32.71386	3193.72378
32.73086	3023.60020
32.74786	2807.92098
32.76486	2693.42209
32.78186	2654.43756
32.79886	2579.73752
32.81586	2419.39095
32.83286	2245.98426
32.84986	2121.00876
32.86686	2046.61016
32.88386	2004.17201
32.90086	1978.79573
32.91786	1962.45179
32.93486	1951.31671
32.95186	1943.54990
32.96886	1938.21724
32.98586	1934.83871
33.00286	1933.22145
33.01986	1933.35740
33.03686	1935.29841
33.05386	1939.31596
33.07086	1946.03626
33.08786	1956.37328
33.10486	1971.74352
33.12186	1994.26360
33.13886	2026.90200
33.15586	2073.17146
33.17286	2132.81763
33.18986	2191.60137
33.20686	2216.60682
33.22386	2190.81937
33.24086	2150.18276
33.25786	2133.98152
33.27486	2144.31446
33.29186	2158.99032
33.30886	2160.68842
33.32586	2150.98830
33.34286	2126.21140
33.35986	2084.60706
33.37686	2049.93460
33.39386	2035.71719
33.41086	2034.34541
33.42786	2030.14232
33.44486	2016.88441
33.46186	2006.02697
33.47886	2006.48317
33.49586	2018.35742
33.51286	2036.80751
33.52986	2053.38083
33.54686	2063.74306
33.56386	2076.69720
33.58086	2104.42270
33.59786	2151.61891
33.61486	2218.45279
33.63186	2308.89397
33.64886	2437.67863
33.66586	2627.64598
33.68286	2902.10644
33.69986	3264.91254
33.71686	3639.66757
33.73386	3819.18482
33.75086	3647.68675
33.76786	3309.30823
33.78486	3089.45099
33.80186	3031.67945
33.81886	2989.94421
33.83586	2825.11587
33.85286	2577.13345
33.86986	2374.30338
33.88686	2261.63596
33.90386	2213.12389
33.92086	2188.42526
33.93786	2154.08652
33.95486	2106.52779
33.97186	2069.55956
33.98886	2051.91515
34.00586	2043.24341
34.02286	2029.16281
34.03986	2006.41660
34.05686	1986.10267
34.07386	1975.02393
34.09086	1972.36545
34.10786	1976.34265
34.12486	1986.40317
34.14186	2002.86854
34.15886	2025.34007
34.17586	2049.20296
34.19286	2061.90073
34.20986	2053.20444
34.22686	2034.30781
34.24386	2023.44684
34.26086	2023.78767
34.27786	2026.53348
34.29486	2022.72105
34.31186	2014.42555
34.32886	2010.26482
34.34586	2014.05856
34.36286	2025.30349
34.37986	2043.69435
34.39686	2070.15290
34.41386	2106.74406
34.43086	2156.78410
34.44786	2225.29898
34.46486	2319.84925
34.48186	2451.63414
34.49886	2637.20474
34.51586	2898.81762
34.53286	3254.56014
34.54986	3673.56777
34.56686	3994.95195
34.58386	3978.50781
34.60086	3656.34902
34.61786	3402.21098
34.63486	3369.37246
34.65186	3454.02409
34.66886	3483.59870
34.68586	3404.73356
34.70286	3377.36044
34.71986	3534.83758
34.73686	3908.37020
34.75386	4520.67647
34.77086	5385.48356
34.78786	6375.52975
34.80486	7058.30111
34.82186	7019.78354
34.83886	6623.16497
34.85586	6641.37141
34.87286	7251.82956
34.88986	7958.54919
34.90686	7890.78193
34.92386	6799.44041
34.94086	5633.93144
34.95786	5044.81220
34.97486	4939.09854
34.99186	4930.49329
35.00886	4726.36865
35.02586	4505.93683
35.04286	4538.64079
35.05986	4766.66544
35.07686	4837.68054
35.09386	4474.87974
35.11086	3936.37057
35.12786	3602.88577
35.14486	3516.39783
35.16186	3480.27095
35.17886	3279.24079
35.19586	2937.45141
35.21286	2640.67786
35.22986	2464.91588
35.24686	2370.22514
35.26386	2298.74292
35.28086	2226.30168
35.29786	2173.66968
35.31486	2149.51575
35.33186	2142.75513
35.34886	2132.73682
35.36586	2102.87368
35.38286	2064.83334
35.39986	2039.27133
35.41686	2029.33954
35.43386	2029.68725
35.45086	2034.65681
35.46786	2043.38480
35.48486	2062.01233
35.50186	2097.13819
35.51886	2154.04346
35.53586	2239.86148
35.55286	2363.60679
35.56986	2525.55523
35.58686	2679.92956
35.60386	2709.75759
35.62086	2569.24034
35.63786	2416.86181
35.65486	2349.62054
35.67186	2347.92793
35.68886	2339.81324
35.70586	2261.18606
35.72286	2145.34458
35.73986	2053.95195
35.75686	1998.43797
35.77386	1966.72862
35.79086	1948.16074
35.80786	1936.93429
35.82486	1930.19617
35.84186	1926.50569
35.85886	1925.11640
35.87586	1925.63774
35.89286	1927.88009
35.90986	1931.81221
35.92686	1937.62278
35.94386	1945.69633
35.96086	1956.78873
35.97786	1972.13680
35.99486	1993.38886
36.01186	2022.84362
36.02886	2063.86415
36.04586	2121.20474
36.06286	2201.66742
36.07986	2314.99771
36.09686	2475.38363
36.11386	2703.20470
36.13086	3024.74107
36.14786	3465.98253
36.16486	4027.93325
36.18186	4604.69872
36.19886	4888.86634
36.21586	4621.83398
36.23286	4069.45334
36.24986	3688.11219
36.26686	3582.04620
36.28386	3570.62067
36.30086	3405.23473
36.31786	3032.13375
36.33486	2639.22134
36.35186	2366.45704
36.36886	2204.81067
36.38586	2109.42978
36.40286	2049.88394
36.41986	2010.43010
36.43686	1983.14599
36.45386	1963.79651
36.47086	1950.00222
36.48786	1940.36930
36.50486	1934.09420
36.52186	1930.77882
36.53886	1930.33991
36.55586	1932.98864
36.57286	1939.40569
36.58986	1950.70034
36.60686	1968.40416
36.62386	1994.77165
36.64086	2033.11846
36.65786	2088.41004
36.67486	2168.17365
36.69186	2283.43500
36.70886	2447.71168
36.72586	2667.84977
36.74286	2914.48248
36.75986	3085.03160
36.77686	3057.44645
36.79386	2871.42313
36.81086	2722.58755
36.82786	2701.38387
36.84486	2766.15289
36.86186	2823.74101
36.87886	2804.04269
36.89586	2713.26675
36.91286	2573.71019
36.92986	2408.54924
36.94686	2283.95300
36.96386	2225.65396
36.98086	2208.10392
36.99786	2187.43512
37.01486	2132.96516
37.03186	2060.54123
37.04886	2003.94288
37.06586	1970.32513
37.08286	1953.40904
37.09986	1947.37407
37.11686	1949.35578
37.13386	1958.67534
37.15086	1976.07591
37.16786	2003.48061
37.18486	2044.22403
37.20186	2103.64354
37.21886	2189.77307
37.23586	2313.47835
37.25286	2484.24804
37.26986	2692.64398
37.28686	2874.94442
37.30386	2913.08728
37.32086	2778.92122
37.33786	2627.03139
37.35486	2569.64596
37.37186	2602.10264
37.38886	2660.01655
37.40586	2676.01989
37.42286	2667.39222
37.43986	2721.40310
37.45686	2889.56692
37.47386	3182.46669
37.49086	3569.18281
37.50786	3935.25875
37.52486	4102.12596
37.54186	4037.31823
37.55886	3916.98039
37.57586	3786.74351
37.59286	3609.89585
37.60986	3424.70297
37.62686	3218.78056
37.64386	2994.31892
37.66086	2791.47501
37.67786	2585.16001
37.69486	2372.94067
37.71186	2203.19705
37.72886	2090.30459
37.74586	2019.60465
37.76286	1974.38013
37.77986	1943.72327
37.79686	1921.75464
37.81386	1905.50567
37.83086	1893.46625
37.84786	1884.60349
37.86486	1878.32696
37.88186	1874.35031
37.89886	1872.61539
37.91586	1873.28337
37.93286	1876.80912
37.94986	1883.92052
37.96686	1895.43761
37.98386	1911.04855
38.00086	1927.18655
38.01786	1936.03431
38.03486	1931.65561
38.05186	1919.27379
38.06886	1910.06881
38.08586	1908.70916
38.10286	1912.41973
38.11986	1915.48626
38.13686	1914.83880
38.15386	1913.69380
38.17086	1917.54049
38.18786	1929.34357
38.20486	1950.51703
38.22186	1982.98310
38.23886	2030.23048
38.25586	2098.11101
38.27286	2195.91569
38.28986	2336.55715
38.30686	2533.19331
38.32386	2786.14731
38.34086	3054.23927
38.35786	3230.91808
38.37486	3203.38566
38.39186	3005.33110
38.40886	2812.84745
38.42586	2728.63726
38.44286	2729.91941
38.45986	2732.83073
38.47686	2666.52416
38.49386	2549.14298
38.51086	2461.76780
38.52786	2451.35703
38.54486	2527.84583
38.56186	2697.60000
38.57886	2975.71666
38.59586	3375.18776
38.61286	3869.63368
38.62986	4332.35337
38.64686	4530.22156
38.66386	4327.39397
38.68086	3910.44133
38.69786	3578.57260
38.71486	3442.11586
38.73186	3413.41832
38.74886	3322.91092
38.76586	3077.46002
38.78286	2755.04175
38.79986	2477.68878
38.81686	2290.09100
38.83386	2178.26900
38.85086	2115.49259
38.86786	2080.85285
38.88486	2063.43233
38.90186	2061.26313
38.91886	2076.58939
38.93586	2112.71568
38.95286	2174.27351
38.96986	2269.15005
38.98686	2410.89472
39.00386	2617.78894
39.02086	2901.99960
39.03786	3243.20420
39.05486	3549.58408
39.07186	3663.32359
39.08886	3508.63599
39.10586	3224.51050
39.12286	3003.94783
39.13986	2913.00071
39.15686	2892.43726
39.17386	2831.21585
39.19086	2667.14092
39.20786	2447.57767
39.22486	2253.15112
39.24186	2116.82318
39.25886	2031.36489
39.27586	1979.61599
39.29286	1948.13145
39.30986	1928.87401
39.32686	1917.66623
39.34386	1912.55738
39.36086	1912.86223
39.37786	1918.71724
39.39486	1930.82358
39.41186	1950.01678
39.42886	1976.39323
39.44586	2008.28756
39.46286	2043.64690
39.47986	2086.38546
39.49686	2149.71380
39.51386	2248.93367
39.53086	2397.55316
39.54786	2604.59465
39.56486	2863.30835
39.58186	3130.19106
39.59886	3309.43646
39.61586	3300.38168
39.63286	3126.09774
39.64986	2944.42991
39.66686	2866.86534
39.68386	2894.38162
39.70086	2965.01118
39.71786	3012.45880
39.73486	3035.56744
39.75186	3099.12445
39.76886	3229.13150
39.78586	3363.35481
39.80286	3404.39053
39.81986	3346.88716
39.83686	3309.25054
39.85386	3367.73522
39.87086	3471.42866
39.88786	3487.98101
39.90486	3329.09277
39.92186	3058.04188
39.93886	2809.70217
39.95586	2651.36739
39.97286	2560.46443
39.98986	2474.24919
40.00686	2353.86360
40.02386	2219.11572
40.04086	2105.23826
40.05786	2025.05938
40.07486	1974.37265
40.09186	1944.71387
40.10886	1929.31737
40.12586	1924.54728
40.14286	1929.25664
40.15986	1943.98179
40.17686	1970.41516
40.19386	2010.01679
40.21086	2061.30813
40.22786	2115.94041
40.24486	2157.56906
40.26186	2172.83238
40.27886	2170.97685
40.29586	2180.95835
40.31286	2224.89818
40.32986	2308.45530
40.34686	2426.01547
40.36386	2567.34749
40.38086	2726.05074
40.39786	2905.42662
40.41486	3117.17888
40.43186	3356.62673
40.44886	3552.82201
40.46586	3589.28053
40.48286	3445.56980
40.49986	3261.25735
40.51686	3167.32851
40.53386	3202.71092
40.55086	3332.22378
40.56786	3476.18125
40.58486	3566.23024
40.60186	3571.58437
40.61886	3452.51598
40.63586	3211.18760
40.65286	2953.15334
40.66986	2776.07716
40.68686	2694.55222
40.70386	2659.04366
40.72086	2596.89309
40.73786	2469.99979
40.75486	2309.07546
40.77186	2164.29119
40.78886	2057.35629
40.80586	1985.00153
40.82286	1936.32616
40.83986	1902.88249
40.85686	1880.05438
40.87386	1865.18614
40.89086	1856.59460
40.90786	1853.39489
40.92486	1855.49375
40.94186	1863.52973
40.95886	1879.00248
40.97586	1904.54528
40.99286	1944.38227
41.00986	2004.68903
41.02686	2093.35645
41.04386	2217.19678
41.06086	2374.75429
41.07786	2544.12167
41.09486	2671.95486
41.11186	2692.08741
41.12886	2596.42471
41.14586	2463.17834
41.16286	2367.93003
41.17986	2328.61917
41.19686	2318.26095
41.21386	2290.21243
41.23086	2215.84523
41.24786	2113.48777
41.26486	2018.71106
41.28186	1948.63180
41.29886	1903.31255
41.31586	1876.65490
41.33286	1862.52877
41.34986	1856.65581
41.36686	1856.65217
41.38386	1861.66021
41.40086	1871.83077
41.41786	1888.00473
41.43486	1911.92060
41.45186	1946.28689
41.46886	1994.93337
41.48586	2062.96383
41.50286	2156.80073
41.51986	2284.85501
41.53686	2457.90735
41.55386	2685.16345
41.57086	2963.95151
41.58786	3264.58400
41.60486	3512.71402
41.62186	3606.88436
41.63886	3515.24001
41.65586	3337.69211
41.67286	3203.30015
41.68986	3165.86390
41.70686	3200.77539
41.72386	3245.86831
41.74086	3260.62925
41.75786	3272.23026
41.77486	3338.50107
41.79186	3471.24097
41.80886	3607.62398
41.82586	3645.11219
41.84286	3538.99884
41.85986	3366.48500
41.87686	3248.97784
41.89386	3253.19289
41.91086	3376.12322
41.92786	3572.36804
41.94486	3792.57376
41.96186	4016.27611
41.97886	4229.19502
41.99586	4375.74836
42.01286	4372.89830
42.02986	4191.10533
42.04686	3908.74707
42.06386	3647.19184
42.08086	3475.30604
42.09786	3379.05767
42.11486	3293.19526
42.13186	3157.88191
42.14886	2968.20763
42.16586	2769.28102
42.18286	2608.98904
42.19986	2511.75996
42.21686	2482.56590
42.23386	2515.57041
42.25086	2594.32246
42.26786	2691.39784
42.28486	2778.25476
42.30186	2850.89848
42.31886	2944.98127
42.33586	3104.73444
42.35286	3336.27720
42.36986	3584.14535
42.38686	3739.49245
42.40386	3703.42660
42.42086	3488.73496
42.43786	3222.59562
42.45486	3020.64151
42.47186	2912.39082
42.48886	2855.51434
42.50586	2778.18846
42.52286	2635.38271
42.53986	2446.11233
42.55686	2261.65079
42.57386	2114.58684
42.59086	2009.99757
42.60786	1938.65140
42.62486	1888.60544
42.64186	1851.46941
42.65886	1823.24518
42.67586	1802.07457
42.69286	1786.63370
42.70986	1775.82584
42.72686	1768.73225
42.74386	1764.65298
42.76086	1762.86325
42.77786	1762.53340
42.79486	1763.01658
42.81186	1764.53400
42.82886	1768.55341
42.84586	1777.13444
42.86286	1792.02759
42.87986	1814.58942
42.89686	1845.33602
42.91386	1883.24651
42.93086	1924.90596
42.94786	1964.68744
42.96486	1997.48814
42.98186	2020.07415
42.99886	2028.79798
43.01586	2023.51344
43.03286	2013.58800
43.04986	2011.79700
43.06686	2025.85681
43.08386	2059.36143
43.10086	2115.30691
43.11786	2198.22948
43.13486	2316.92640
43.15186	2480.99087
43.16886	2687.51480
43.18586	2906.50279
43.20286	3076.99567
43.21986	3132.70575
43.23686	3057.82055
43.25386	2909.18093
43.27086	2764.78991
43.28786	2670.60838
43.30486	2624.44074
43.32186	2588.40943
43.33886	2522.13954
43.35586	2417.59475
43.37286	2298.85739
43.38986	2193.93718
43.40686	2118.08825
43.42386	2074.42167
43.44086	2063.68467
43.45786	2089.78565
43.47486	2157.10115
43.49186	2264.97933
43.50886	2401.87508
43.52586	2538.60219
43.54286	2628.01695
43.55986	2627.26988
43.57686	2541.08931
43.59386	2426.71838
43.61086	2338.90354
43.62786	2295.52677
43.64486	2282.74356
43.66186	2270.71565
43.67886	2235.85705
43.69586	2182.74443
43.71286	2138.50936
43.72986	2127.29152
43.74686	2159.66077
43.76386	2234.02402
43.78086	2336.86762
43.79786	2441.71142
43.81486	2515.27268
43.83186	2540.64829
43.84886	2539.87381
43.86586	2558.66240
43.88286	2626.01530
43.89986	2732.85483
43.91686	2833.12131
43.93386	2863.05935
43.95086	2786.54255
43.96786	2632.53940
43.98486	2469.04930
44.00186	2344.95218
44.01886	2268.86211
44.03586	2220.23978
44.05286	2168.35295
44.06986	2094.40478
44.08686	2004.14864
44.10386	1916.39651
44.12086	1844.45275
44.13786	1791.70748
44.15486	1755.93066
44.17186	1733.25469
44.18886	1720.31725
44.20586	1715.09885
44.22286	1716.92142
44.23986	1726.08348
44.25686	1743.28646
44.27386	1768.64919
44.29086	1800.32672
44.30786	1832.88711
44.32486	1856.69827
44.34186	1861.68203
44.35886	1846.51664
44.37586	1822.03759
44.39286	1801.12975
44.40986	1789.75170
44.42686	1786.44073
44.44386	1785.05837
44.46086	1779.09747
44.47786	1767.17796
44.49486	1754.11883
44.51186	1745.82791
44.52886	1745.89203
44.54586	1756.45943
44.56286	1779.88879
44.57986	1819.81063
44.59686	1881.88078
44.61386	1973.65730
44.63086	2102.80430
44.64786	2273.04027
44.66486	2477.53547
44.68186	2690.69619
44.69886	2864.43870
44.71586	2946.09530
44.73286	2922.70161
44.74986	2836.35918
44.76686	2738.31635
44.78386	2655.83244
44.80086	2595.08102
44.81786	2543.82690
44.83486	2479.43740
44.85186	2392.61820
44.86886	2296.50248
44.88586	2207.60735
44.90286	2134.05192
44.91986	2077.76318
44.93686	2034.94330
44.95386	1998.04114
44.97086	1964.40782
44.98786	1940.90338
45.00486	1937.45474
45.02186	1960.90351
45.03886	2013.90771
45.05586	2094.84858
45.07286	2197.50292
45.08986	2310.37435
45.10686	2412.94434
45.12386	2473.23869
45.14086	2462.51255
45.15786	2385.66797
45.17486	2285.41840
45.19186	2204.49563
45.20886	2159.28584
45.22586	2141.55222
45.24286	2128.65582
45.25986	2098.50790
45.27686	2048.06953
45.29386	1995.65148
45.31086	1962.01088
45.32786	1957.59387
45.34486	1982.19806
45.36186	2027.50212
45.37886	2078.10241
45.39586	2116.08150
45.41286	2131.84545
45.42986	2132.17308
45.44686	2131.70949
45.46386	2136.57856
45.48086	2138.80537
45.49786	2124.62033
45.51486	2087.84307
45.53186	2035.23576
45.54886	1980.20747
45.56586	1933.32803
45.58286	1896.88426
45.59986	1866.22320
45.61686	1836.18360
45.63386	1807.01018
45.65086	1783.99939
45.66786	1772.28802
45.68486	1773.28858
45.70186	1783.92039
45.71886	1796.97055
45.73586	1802.76627
45.75286	1793.75461
45.76986	1770.71819
45.78686	1742.89932
45.80386	1719.81879
45.82086	1705.35701
45.83786	1697.81260
45.85486	1692.04210
45.87186	1682.66957
45.88886	1667.95715
45.90586	1650.50653
45.92286	1633.94756
45.93986	1620.47520
45.95686	1611.15056
45.97386	1606.47769
45.99086	1606.71207
46.00786	1612.13990
46.02486	1623.47156
46.04186	1642.13386
46.05886	1670.30685
46.07586	1710.51963
46.09286	1764.40626
46.10986	1830.73253
46.12686	1903.16122
46.14386	1969.02658
46.16086	2012.36004
46.17786	2022.82402
46.19486	2003.72503
46.21186	1970.47338
46.22886	1941.54608
46.24586	1927.73262
46.26286	1927.53743
46.27986	1930.01506
46.29686	1921.80965
46.31386	1894.84989
46.33086	1850.70672
46.34786	1799.50915
46.36486	1753.12222
46.38186	1718.70857
46.39886	1697.66127
46.41586	1687.58913
46.43286	1684.90490
46.44986	1687.51913
46.46686	1696.53406
46.48386	1715.11878
46.50086	1745.51765
46.51786	1786.60978
46.53486	1832.47482
46.55186	1872.22534
46.56886	1893.43784
46.58586	1890.76231
46.60286	1872.32609
46.61986	1854.17307
46.63686	1848.65740
46.65386	1858.72415
46.67086	1878.43851
46.68786	1896.38621
46.70486	1902.37161
46.72186	1895.52251
46.73886	1885.45659
46.75586	1884.05345
46.77286	1896.28325
46.78986	1916.92773
46.80686	1932.20309
46.82386	1926.85127
46.84086	1896.10010
46.85786	1850.48925
46.87486	1805.84470
46.89186	1772.07894
46.90886	1750.40060
46.92586	1735.45045
46.94286	1719.32489
46.95986	1697.10133
46.97686	1670.29617
46.99386	1644.05148
47.01086	1622.64212
47.02786	1607.94241
47.04486	1600.17349
47.06186	1598.83346
47.07886	1603.38098
47.09586	1613.59876
47.11286	1629.76054
47.12986	1652.58233
47.14686	1683.01950
47.16386	1722.35594
47.18086	1772.75958
47.19786	1838.17871
47.21486	1923.87548
47.23186	2033.41951
47.24886	2164.64555
47.26586	2307.00869
47.28286	2443.58644
47.29986	2559.23327
47.31686	2647.08187
47.33386	2704.48828
47.35086	2726.10502
47.36786	2707.75247
47.38486	2654.67314
47.40186	2578.00754
47.41886	2487.97178
47.43586	2394.20380
47.45286	2303.88750
47.46986	2217.02178
47.48686	2128.40081
47.50386	2035.59337
47.52086	1941.68329
47.53786	1851.69785
47.55486	1770.60542
47.57186	1702.44964
47.58886	1648.73103
47.60586	1608.27964
47.62286	1578.62721
47.63986	1557.09313
47.65686	1541.35108
47.67386	1529.62180
47.69086	1520.65876
47.70786	1513.63395
47.72486	1508.01123
47.74186	1503.45528
47.75886	1499.74640
47.77586	1496.75161
47.79286	1494.37242
47.80986	1492.54684
47.82686	1491.23619
47.84386	1490.43061
47.86086	1490.14478
47.87786	1490.40938
47.89486	1491.27902
47.91186	1492.85782
47.92886	1495.33739
47.94586	1498.94672
47.96286	1504.11709
47.97986	1511.47469
47.99686	1521.99851
48.01386	1537.15667
48.03086	1558.97554
48.04786	1590.02366
48.06486	1633.01270
48.08186	1689.99419
48.09886	1760.95834
48.11586	1841.82943
48.13286	1922.39532
48.14986	1986.15162
48.16686	2015.71238
48.18386	2004.64458
48.20086	1964.82506
48.21786	1918.31452
48.23486	1882.81253
48.25186	1864.78249
48.26886	1860.44572
48.28586	1860.06250
48.30286	1854.52030
48.31986	1842.03490
48.33686	1828.92438
48.35386	1823.96318
48.37086	1833.25641
48.38786	1859.07465
48.40486	1901.26154
48.42186	1959.56476
48.43886	2034.20930
48.45586	2122.47168
48.47286	2213.22728
48.48986	2285.32184
48.50686	2315.48289
48.52386	2294.12429
48.54086	2233.10858
48.55786	2155.88264
48.57486	2083.63916
48.59186	2027.40445
48.60886	1985.61869
48.62586	1947.33590
48.64286	1900.75541
48.65986	1841.91492
48.67686	1775.63279
48.69386	1710.04177
48.71086	1652.03110
48.72786	1605.60491
48.74486	1571.90841
48.76186	1550.06861
48.77886	1538.09830
48.79586	1533.42097
48.81286	1533.03968
48.82986	1533.55262
48.84686	1531.65622
48.86386	1525.47068
48.88086	1515.64711
48.89786	1504.71703
48.91486	1495.09068
48.93186	1487.84187
48.94886	1482.63179
48.96586	1478.16493
48.98286	1472.95299
48.99986	1466.26166
49.01686	1458.50821
49.03386	1450.72711
49.05086	1443.81270
49.06786	1438.18322
49.08486	1433.91751
49.10186	1430.91708
49.11886	1429.02590
49.13586	1428.11159
49.15286	1428.11275
49.16986	1429.06393
49.18686	1431.06884
49.20386	1434.24007
49.22086	1438.63447
49.23786	1444.14693
49.25486	1450.39963
49.27186	1456.67035
49.28886	1461.99670
49.30586	1465.68672
49.32286	1468.08574
49.33986	1470.78377
49.35686	1475.87015
49.37386	1485.21887
49.39086	1500.35020
49.40786	1522.42935
49.42486	1552.17745
49.44186	1589.65885
49.45886	1633.85706
49.47586	1681.70643
49.49286	1727.07719
49.50986	1761.47367
49.52686	1778.29613
49.54386	1778.99855
49.56086	1773.61793
49.57786	1773.48422
49.59486	1784.58467
49.61186	1806.43764
49.62886	1834.37240
49.64586	1863.44203
49.66286	1891.70104
49.67986	1920.17985
49.69686	1948.94583
49.71386	1972.76070
49.73086	1982.18167
49.74786	1970.21259
49.76486	1937.60289
49.78186	1892.11882
49.79886	1844.50286
49.81586	1803.74337
49.83286	1773.37432
49.84986	1751.06169
49.86686	1731.66457
49.88386	1711.46614
49.90086	1690.17035
49.91786	1669.98681
49.93486	1653.59286
49.95186	1642.09800
49.96886	1633.72957
49.98586	1624.30221
50.00286	1609.92597
50.01986	1590.30053
50.03686	1569.09128
50.05386	1550.83165
50.07086	1538.14497
50.08786	1531.15925
50.10486	1528.04269
50.12186	1525.98285
50.13886	1522.67941
50.15586	1517.65649
50.17286	1511.99951
50.18986	1506.90130
50.20686	1502.86838
50.22386	1500.25500
50.24086	1500.12741
50.25786	1504.44630
50.27486	1515.62583
50.29186	1536.15908
50.30886	1568.61226
50.32586	1615.48351
50.34286	1678.82754
50.35986	1759.55754
50.37686	1856.23311
50.39386	1963.27064
50.41086	2069.63563
50.42786	2160.64730
50.44486	2224.43802
50.46186	2258.37511
50.47886	2267.28414
50.49586	2256.09591
50.51286	2228.14558
50.52986	2188.17057
50.54686	2141.68068
50.56386	2091.79716
50.58086	2038.98506
50.59786	1983.32146
50.61486	1924.91810
50.63186	1863.00750
50.64886	1797.40296
50.66586	1730.68407
50.68286	1667.46475
50.69986	1611.93795
50.71686	1566.26658
50.73386	1530.43770
50.75086	1503.00042
50.76786	1482.13985
50.78486	1466.46889
50.80186	1455.23612
50.81886	1448.06446
50.83586	1444.77468
50.85286	1445.37926
50.86986	1450.25908
50.88686	1460.19018
50.90386	1476.19110
50.92086	1499.38420
50.93786	1530.72828
50.95486	1570.77258
50.97186	1619.38095
50.98886	1675.03891
51.00586	1733.46069
51.02286	1786.33828
51.03986	1822.17993
51.05686	1831.24882
51.07386	1812.72792
51.09086	1776.51954
51.10786	1736.53176
51.12486	1703.01292
51.14186	1679.67860
51.15886	1664.30907
51.17586	1650.79063
51.19286	1632.88610
51.20986	1608.52900
51.22686	1581.24081
51.24386	1557.24575
51.26086	1541.84814
51.27786	1537.97467
51.29486	1546.12790
51.31186	1564.47773
51.32886	1588.78876
51.34586	1612.47192
51.36286	1627.81698
51.37986	1629.20694
51.39686	1617.01528
51.41386	1597.72787
51.43086	1579.36032
51.44786	1567.14343
51.46486	1562.28823
51.48186	1562.48124
51.49886	1563.10355
51.51586	1559.45734
51.53286	1549.60319
51.54986	1535.50053
51.56686	1521.03366
51.58386	1509.03109
51.60086	1499.82497
51.61786	1491.51625
51.63486	1481.46270
51.65186	1468.25871
51.66886	1452.66849
51.68586	1436.77212
51.70286	1422.55729
51.71986	1411.02658
51.73686	1401.96035
51.75386	1394.19672
51.77086	1386.32119
51.78786	1377.56498
51.80486	1368.19419
51.82186	1359.04602
51.83886	1350.86149
51.85586	1344.01820
51.87286	1338.58187
51.88986	1334.41813
51.90686	1331.26297
51.92386	1328.78348
51.94086	1326.66479
51.95786	1324.72411
51.97486	1322.93134
51.99186	1321.34728
52.00886	1320.03411
52.02586	1319.00067
52.04286	1318.22503
52.05986	1317.65149
52.07686	1317.19233
52.09386	1316.80819
52.11086	1316.53590
52.12786	1316.45463
52.14486	1316.64582
52.16186	1317.18368
52.17886	1318.14534
52.19586	1319.61216
52.21286	1321.71925
52.22986	1324.69326
52.24686	1328.87752
52.26386	1334.81298
52.28086	1343.31691
52.29786	1355.48661
52.31486	1372.65746
52.33186	1396.22295
52.34886	1427.26359
52.36586	1466.03546
52.38286	1511.32875
52.39986	1559.75679
52.41686	1605.27087
52.43386	1639.73375
52.45086	1655.71109
52.46786	1651.09247
52.48486	1631.21343
52.50186	1605.56398
52.51886	1582.33525
52.53586	1565.41094
52.55286	1554.17534
52.56986	1544.75413
52.58686	1532.16287
52.60386	1513.16529
52.62086	1488.20105
52.63786	1460.61583
52.65486	1434.20706
52.67186	1411.51837
52.68886	1393.57258
52.70586	1380.27648
52.72286	1370.90981
52.73986	1364.52676
52.75686	1360.28995
52.77386	1357.72514
52.79086	1356.84605
52.80786	1357.99440
52.82486	1361.42431
52.84186	1366.93771
52.85886	1373.69808
52.87586	1380.23015
52.89286	1384.70588
52.90986	1385.79152
52.92686	1383.49178
52.94386	1379.11558
52.96086	1374.26059
52.97786	1369.91396
52.99486	1366.30744
53.01186	1363.19479
53.02886	1360.13968
53.04586	1356.75757
53.06286	1352.93969
53.07986	1349.03165
53.09686	1345.60190
53.11386	1343.10167
53.13086	1341.80232
53.14786	1341.94652
53.16486	1343.91481
53.18186	1348.30424
53.19886	1355.96172
53.21586	1368.03880
53.23286	1386.06409
53.24986	1411.93352
53.26686	1447.74726
53.28386	1495.42168
53.30086	1556.07785
53.31786	1629.24718
53.33486	1711.90231
53.35186	1797.60731
53.36886	1876.64834
53.38586	1938.53646
53.40286	1976.57262
53.41986	1990.92783
53.43686	1986.96498
53.45386	1970.74559
53.47086	1946.25974
53.48786	1916.00030
53.50486	1882.09259
53.52186	1845.70732
53.53886	1806.81916
53.55586	1765.62406
53.57286	1723.53696
53.58986	1682.53870
53.60686	1644.24292
53.62386	1610.12257
53.64086	1582.35263
53.65786	1563.67110
53.67486	1556.11446
53.69186	1559.90591
53.70886	1572.98853
53.72586	1591.06671
53.74286	1608.22231
53.75986	1618.67867
53.77686	1619.21015
53.79386	1610.24126
53.81086	1594.82851
53.82786	1577.25061
53.84486	1561.87429
53.86186	1551.74584
53.87886	1547.63071
53.89586	1548.27814
53.91286	1551.65473
53.92986	1556.04297
53.94686	1560.12194
53.96386	1562.44743
53.98086	1561.26796
53.99786	1554.88190
54.01486	1542.72443
54.03186	1526.33673
54.04886	1508.81694
54.06586	1493.27134
54.08286	1481.78604
54.09986	1475.20501
54.11686	1473.03774
54.13386	1473.47593
54.15086	1473.94362
54.16786	1471.98927
54.18486	1465.88710
54.20186	1454.90059
54.21886	1439.68469
54.23586	1422.44252
54.25286	1406.11458
54.26986	1393.10711
54.28686	1384.57016
54.30386	1380.29532
54.32086	1378.92137
54.33786	1378.30828
54.35486	1376.19943
54.37186	1371.01274
54.38886	1362.36738
54.40586	1351.14362
54.42286	1339.00663
54.43986	1327.59988
54.45686	1317.96776
54.47386	1310.41334
54.49086	1304.61373
54.50786	1299.83241
54.52486	1295.23390
54.54186	1290.26154
54.55886	1284.85414
54.57586	1279.33505
54.59286	1274.12040
54.60986	1269.51381
54.62686	1265.66572
54.64386	1262.61689
54.66086	1260.35486
54.67786	1258.80937
54.69486	1257.89850
54.71186	1257.54292
54.72886	1257.67369
54.74586	1258.20742
54.76286	1259.05793
54.77986	1260.13816
54.79686	1261.38912
54.81386	1262.83082
54.83086	1264.59005
54.84786	1266.84382
54.86486	1269.70556
54.88186	1273.12525
54.89886	1276.84569
54.91586	1280.43637
54.93286	1283.45189
54.94986	1285.67845
54.96686	1287.27963
54.98386	1288.64931
55.00086	1290.06915
55.01786	1291.43953
55.03486	1292.27036
55.05186	1291.94632
55.06886	1290.10661
55.08586	1286.88705
55.10286	1282.83904
55.11986	1278.63701
55.13686	1274.82040
55.15386	1271.62203
55.17086	1268.97678
55.18786	1266.62376
55.20486	1264.30455
55.22186	1261.93625
55.23886	1259.67566
55.25586	1257.80671
55.27286	1256.60347
55.28986	1256.26102
55.30686	1256.87854
55.32386	1258.45039
55.34086	1260.84995
55.35786	1263.80491
55.37486	1266.88324
55.39186	1269.52359
55.40886	1271.14035
55.42586	1271.39728
55.44286	1270.42102
55.45986	1268.75309
55.47686	1267.05576
55.49386	1265.84033
55.51086	1265.34393
55.52786	1265.56543
55.54486	1266.33146
55.56186	1267.40757
55.57886	1268.65311
55.59586	1270.12034
55.61286	1272.00945
55.62986	1274.52832
55.64686	1277.75658
55.66386	1281.65481
55.68086	1286.07561
55.69786	1290.78287
55.71486	1295.50170
55.73186	1300.05154
55.74886	1304.44632
55.76586	1308.72853
55.78286	1312.69281
55.79986	1315.73308
55.81686	1317.03730
55.83386	1316.05727
55.85086	1312.89212
55.86786	1308.24936
55.88486	1303.05642
55.90186	1298.10395
55.91886	1293.85762
55.93586	1290.38347
55.95286	1287.40547
55.96986	1284.49431
55.98686	1281.34471
56.00386	1277.99322
56.02086	1274.78558
56.03786	1272.17955
56.05486	1270.57389
56.07186	1270.26872
56.08886	1271.48428
56.10586	1274.38005
56.12286	1279.06235
56.13986	1285.57615
56.15686	1293.83530
56.17386	1303.59096
56.19086	1314.42166
56.20786	1325.80981
56.22486	1337.28487
56.24186	1348.52238
56.25886	1359.48010
56.27586	1370.59376
56.29286	1382.87489
56.30986	1397.62376
56.32686	1415.77730
56.34386	1437.25490
56.36086	1460.57236
56.37786	1482.77578
56.39486	1499.84480
56.41186	1507.90166
56.42886	1505.08458
56.44586	1492.82495
56.46286	1475.19254
56.47986	1456.80123
56.49686	1441.01684
56.51386	1429.31455
56.53086	1421.41774
56.54786	1415.82243
56.56486	1410.62592
56.58186	1404.59627
56.59886	1397.88732
56.61586	1391.80620
56.63286	1387.88945
56.64986	1387.06647
56.66686	1389.29188
56.68386	1393.50038
56.70086	1397.78898
56.71786	1399.95926
56.73486	1398.48603
56.75186	1393.44947
56.76886	1386.54392
56.78586	1380.13252
56.80286	1376.14955
56.81986	1375.57620
56.83686	1378.33072
56.85386	1383.41045
56.87086	1389.14982
56.88786	1393.70921
56.90486	1395.70247
56.92186	1394.62641
56.93886	1390.88224
56.95586	1385.39816
56.97286	1379.16447
56.98986	1372.97038
57.00686	1367.45527
57.02386	1363.06750
57.04086	1359.87324
57.05786	1357.40950
57.07486	1354.85620
57.09186	1351.46353
57.10886	1346.93657
57.12586	1341.50157
57.14286	1335.73956
57.15986	1330.40527
57.17686	1326.27932
57.19386	1324.02014
57.21086	1324.05479
57.22786	1326.55938
57.24486	1331.54791
57.26186	1338.99161
57.27886	1348.86611
57.29586	1361.06229
57.31286	1375.20646
57.32986	1390.52009
57.34686	1405.92297
57.36386	1420.47302
57.38086	1433.89002
57.39786	1446.57446
57.41486	1458.97193
57.43186	1470.93164
57.44886	1481.68644
57.46586	1490.31195
57.48286	1496.08842
57.49986	1498.47800
57.51686	1497.02576
57.53386	1491.59022
57.55086	1482.71337
57.56786	1471.66969
57.58486	1459.91426
57.60186	1448.48114
57.61886	1437.78651
57.63586	1427.78099
57.65286	1418.13961
57.66986	1408.38353
57.68686	1398.07844
57.70386	1387.13693
57.72086	1376.02241
57.73786	1365.63688
57.75486	1356.96626
57.77186	1350.77028
57.78886	1347.47165
57.80586	1347.18532
57.82286	1349.82457
57.83986	1355.18718
57.85686	1363.00048
57.87386	1372.91272
57.89086	1384.46942
57.90786	1397.18057
57.92486	1410.73158
57.94186	1425.25341
57.95886	1441.23675
57.97586	1459.05478
57.99286	1478.49571
58.00986	1498.74696
58.02686	1518.84496
58.04386	1538.13317
58.06086	1556.13469
58.07786	1571.97262
58.09486	1584.03424
58.11186	1590.46324
58.12886	1590.30625
58.14586	1584.45724
58.16286	1575.49924
58.17986	1566.59223
58.19686	1560.37041
58.21386	1558.33994
58.23086	1560.53820
58.24786	1565.36272
58.26486	1569.80472
58.28186	1570.30963
58.29886	1564.13734
58.31586	1550.59463
58.33286	1531.33044
58.34986	1509.44963
58.36686	1488.08960
58.38386	1469.37948
58.40086	1454.13322
58.41786	1442.03987
58.43486	1432.04928
58.45186	1422.82168
58.46886	1413.21994
58.48586	1402.74406
58.50286	1391.66288
58.51986	1380.72766
58.53686	1370.75667
58.55386	1362.40477
58.57086	1356.13869
58.58786	1352.32074
58.60486	1351.28947
58.62186	1353.37309
58.63886	1358.85072
58.65586	1367.89957
58.67286	1380.54113
58.68986	1396.56130
58.70686	1415.38812
58.72386	1435.97264
58.74086	1456.79283
58.75786	1476.10778
58.77486	1492.37554
58.79186	1504.53320
58.80886	1511.89488
58.82586	1514.03118
58.84286	1511.04819
58.85986	1503.98648
58.87686	1494.65000
58.89386	1484.84287
58.91086	1475.71738
58.92786	1467.68128
58.94486	1460.65842
58.96186	1454.31354
58.97886	1448.17289
58.99586	1441.83745
59.01286	1435.32890
59.02986	1429.22911
59.04686	1424.42467
59.06386	1421.68328
59.08086	1421.37687
59.09786	1423.40157
59.11486	1427.21545
59.13186	1431.99248
59.14886	1436.96041
59.16586	1441.81697
59.18286	1446.89116
59.19986	1452.84641
59.21686	1460.13276
59.23386	1468.62972
59.25086	1477.59932
59.26786	1485.96621
59.28486	1492.85993
59.30186	1498.16441
59.31886	1502.65867
59.33586	1507.59410
59.35286	1514.01358
59.36986	1522.18965
59.38686	1531.36511
59.40386	1539.85254
59.42086	1545.55649
59.43786	1546.89527
59.45486	1543.68168
59.47186	1537.27872
59.48886	1529.77739
59.50586	1522.91688
59.52286	1517.52344
59.53986	1513.59287
59.55686	1510.70494
59.57386	1508.49808
59.59086	1506.99275
59.60786	1506.74524
59.62486	1508.79176
59.64186	1514.29989
59.65886	1524.06427
59.67586	1538.10553
59.69286	1555.48950
59.70986	1574.35567
59.72686	1592.17249
59.74386	1606.30629
59.76086	1614.88281
59.77786	1617.54335
59.79486	1615.37926
59.81186	1610.11350
59.82886	1603.35803
59.84586	1596.44062
59.86286	1590.44297
59.87986	1586.06864
59.89686	1583.45393
59.91386	1582.23219
59.93086	1581.85002
59.94786	1581.80821
59.96486	1581.53755
