5.00507	790.74629
5.01807	791.24152
5.03107	791.72466
5.04407	792.19581
5.05707	792.65504
5.07007	793.10243
5.08307	793.53807
5.09607	793.96205
5.10907	794.37446
5.12207	794.77536
5.13507	795.16485
5.14807	795.54301
5.16107	795.90993
5.17407	796.26568
5.18707	796.61036
5.20007	796.94404
5.21307	797.26681
5.22607	797.57875
5.23907	797.87995
5.25207	798.17049
5.26507	798.45048
5.27807	798.71999
5.29107	798.97910
5.30407	799.22792
5.31707	799.46651
5.33007	799.69496
5.34307	799.91336
5.35607	800.12179
5.36907	800.32036
5.38207	800.50913
5.39507	800.68819
5.40807	800.85764
5.42107	801.01759
5.43407	801.16812
5.44707	801.30933
5.46007	801.44132
5.47307	801.56431
5.48607	801.67849
5.49907	801.78429
5.51207	801.88194
5.52507	801.97164
5.53807	802.04905
5.55107	802.11704
5.56407	802.17631
5.57707	802.22694
5.59007	802.26901
5.60307	802.30258
5.61607	802.32775
5.62907	802.34458
5.64207	802.35316
5.65507	802.35356
5.66807	802.34586
5.68107	802.33013
5.69407	802.30646
5.70707	802.27493
5.72007	802.23559
5.73307	802.18854
5.74607	802.13384
5.75907	802.07158
5.77207	802.00183
5.78507	801.92465
5.79807	801.84014
5.81107	801.74837
5.82407	801.64940
5.83707	801.54331
5.85007	801.43017
5.86307	801.31008
5.87607	801.18309
5.88907	801.04927
5.90207	800.90869
5.91507	800.76146
5.92807	800.60761
5.94107	800.44724
5.95407	800.28040
5.96707	800.10718
5.98007	799.92766
5.99307	799.74189
6.00607	799.54994
6.01907	799.35190
6.03207	799.14784
6.04507	798.93783
6.05807	798.72192
6.07107	798.50020
6.08407	798.27275
6.09707	798.03962
6.11007	797.80089
6.12307	797.55664
6.13607	797.30702
6.14907	797.05212
6.16207	796.79210
6.17507	796.52701
6.18807	796.25693
6.20107	795.98196
6.21407	795.70225
6.22707	795.41789
6.24007	795.12898
6.25307	794.83565
6.26607	794.53810
6.27907	794.23666
6.29207	793.93150
6.30507	793.62307
6.31807	793.31201
6.33107	793.00265
6.34407	792.69312
6.35707	792.37486
6.37007	792.03957
6.38307	791.70017
6.39607	791.35675
6.40907	791.00944
6.42207	790.65835
6.43507	790.30354
6.44807	789.94512
6.46107	789.58330
6.47407	789.21848
6.48707	788.85067
6.50007	788.47994
6.51307	788.10637
6.52607	787.73029
6.53907	787.35150
6.55207	786.97017
6.56507	786.58650
6.57807	786.20165
6.59107	785.81551
6.60407	785.42641
6.61707	785.03399
6.63007	784.64035
6.64307	784.24596
6.65607	783.85091
6.66907	783.45564
6.68207	783.06122
6.69507	782.66974
6.70807	782.28062
6.72107	781.89280
6.73407	781.50470
6.74707	781.09387
6.76007	780.64339
6.77307	780.16434
6.78607	779.66993
6.79907	779.19870
6.81207	778.74164
6.82507	778.29294
6.83807	777.84953
6.85107	777.41001
6.86407	776.97258
6.87707	776.53618
6.89007	776.10068
6.90307	775.66639
6.91607	775.23359
6.92907	774.80192
6.94207	774.37267
6.95507	773.94768
6.96807	773.52709
6.98107	773.10990
6.99407	772.69672
7.00707	772.28818
7.02007	771.88823
7.03307	771.49676
7.04607	771.11481
7.05907	770.74388
7.07207	770.38990
7.08507	770.05334
7.09807	769.73699
7.11107	769.44411
7.12407	769.18157
7.13707	768.97302
7.15007	768.82358
7.16307	768.75228
7.17607	768.78466
7.18907	769.06402
7.20207	769.62101
7.21507	770.49391
7.22807	771.70639
7.24107	773.33792
7.25407	775.25335
7.26707	777.44168
7.28007	779.90740
7.29307	782.75089
7.30607	786.01552
7.31907	789.69250
7.33207	793.83548
7.34507	798.60189
7.35807	804.28520
7.37107	810.87442
7.38407	818.54665
7.39707	827.55246
7.41007	839.10153
7.42307	853.09332
7.43607	869.65442
7.44907	888.62316
7.46207	906.56987
7.47507	911.20635
7.48807	898.39025
7.50107	868.08018
7.51407	831.96122
7.52707	805.85529
7.54007	787.69691
7.55307	776.15782
7.56607	769.06738
7.57907	764.39204
7.59207	760.82400
7.60507	758.06016
7.61807	755.87282
7.63107	754.16141
7.64407	752.67328
7.65707	751.36711
7.67007	750.20527
7.68307	749.18462
7.69607	748.24362
7.70907	747.36670
7.72207	746.54480
7.73507	745.77600
7.74807	745.04569
7.76107	744.34308
7.77407	743.66487
7.78707	743.01048
7.80007	742.37765
7.81307	741.75927
7.82607	741.15399
7.83907	740.56085
7.85207	739.98093
7.86507	739.40899
7.87807	738.84451
7.89107	738.28707
7.90407	737.74141
7.91707	737.20118
7.93007	736.66594
7.94307	736.13595
7.95607	735.61498
7.96907	735.09893
7.98207	734.58712
7.99507	734.07938
8.00807	733.57585
8.02107	733.07650
8.03407	732.58067
8.04707	732.08832
8.06007	731.59937
8.07307	731.11416
8.08607	730.63207
8.09907	730.15318
8.11207	729.67732
8.12507	729.20483
8.13807	728.73532
8.15107	728.26888
8.16407	727.80547
8.17707	727.34536
8.19007	726.88864
8.20307	726.43583
8.21607	725.98717
8.22907	725.54264
8.24207	725.10246
8.25507	724.66697
8.26807	724.23738
8.28107	723.81382
8.29407	723.39757
8.30707	722.99085
8.32007	722.60032
8.33307	722.23328
8.34607	721.89100
8.35907	721.56714
8.37207	721.21110
8.38507	720.85828
8.39807	720.51541
8.41107	720.18843
8.42407	719.88844
8.43707	719.62880
8.45007	719.41179
8.46307	719.23979
8.47607	718.95468
8.48907	718.69009
8.50207	718.44828
8.51507	718.22816
8.52807	718.02783
8.54107	717.79874
8.55407	717.46128
8.56707	716.99286
8.58007	716.38401
8.59307	715.77314
8.60607	715.24264
8.61907	714.77547
8.63207	714.35936
8.64507	713.98307
8.65807	713.62904
8.67107	713.29022
8.68407	712.96414
8.69707	712.64990
8.71007	712.34627
8.72307	712.05064
8.73607	711.76213
8.74907	711.47975
8.76207	711.20536
8.77507	710.94905
8.78807	710.70649
8.80107	710.47266
8.81407	710.25078
8.82707	710.03960
8.84007	709.83930
8.85307	709.65044
8.86607	709.47647
8.87907	709.31778
8.89207	709.17367
8.90507	709.04506
8.91807	708.93545
8.93107	708.84895
8.94407	708.78332
8.95707	708.74023
8.97007	708.72281
8.98307	708.74417
8.99607	708.80119
9.00907	708.89794
9.02207	709.03754
9.03507	709.22218
9.04807	709.44550
9.06107	709.71830
9.07407	710.05066
9.08707	710.47090
9.10007	710.98983
9.11307	711.60883
9.12607	712.34161
9.13907	713.23049
9.15207	714.34124
9.16507	715.67623
9.17807	717.27935
9.19107	719.22148
9.20407	721.78040
9.21707	725.01936
9.23007	729.16037
9.24307	734.44729
9.25607	742.16792
9.26907	752.43043
9.28207	765.28558
9.29507	780.85975
9.30807	799.96263
9.32107	822.41182
9.33407	848.00178
9.34707	877.03824
9.36007	910.69509
9.37307	950.85969
9.38607	997.48803
9.39907	1051.70588
9.41207	1115.35748
9.42507	1194.71911
9.43807	1284.24329
9.45107	1374.96201
9.46407	1455.37553
9.47707	1460.58713
9.49007	1381.45101
9.50307	1254.05935
9.51607	1106.35469
9.52907	983.98884
9.54207	901.53229
9.55507	844.38521
9.56807	806.24958
9.58107	781.51806
9.59407	764.67624
9.60707	751.80267
9.62007	741.92379
9.63307	734.31659
9.64607	728.63720
9.65907	723.91635
9.67207	719.98790
9.68507	716.70046
9.69807	714.05941
9.71107	711.78310
9.72407	709.80897
9.73707	708.09749
9.75007	706.64348
9.76307	705.37481
9.77607	704.24215
9.78907	703.22973
9.80207	702.33633
9.81507	701.55098
9.82807	700.83982
9.84107	700.19615
9.85407	699.61617
9.86707	699.10710
9.88007	698.64505
9.89307	698.22721
9.90607	697.85176
9.91907	697.52730
9.93207	697.26456
9.94507	697.06285
9.95807	696.88306
9.97107	696.63661
9.98407	696.40890
9.99707	696.19698
10.01007	696.00420
10.02307	695.84453
10.03607	695.70330
10.04907	695.57674
10.06207	695.46417
10.07507	695.36559
10.08807	695.28364
10.10107	695.21700
10.11407	695.16456
10.12707	695.12312
10.14007	695.08104
10.15307	695.04884
10.16607	695.02558
10.17907	695.01038
10.19207	695.00627
10.20507	695.00765
10.21807	695.02285
10.23107	695.04616
10.24407	695.07790
10.25707	695.11842
10.27007	695.16671
10.28307	695.22248
10.29607	695.28573
10.30907	695.35730
10.32207	695.43634
10.33507	695.52246
10.34807	695.61558
10.36107	695.71644
10.37407	695.82478
10.38707	695.93996
10.40007	696.06196
10.41307	696.19119
10.42607	696.32797
10.43907	696.47158
10.45207	696.62192
10.46507	696.77918
10.47807	696.94463
10.49107	697.11882
10.50407	697.30214
10.51707	697.49531
10.53007	697.70112
10.54307	697.91922
10.55607	698.15051
10.56907	698.39671
10.58207	698.66931
10.59507	698.98305
10.60807	699.33920
10.62107	699.72473
10.63407	700.04110
10.64707	700.39706
10.66007	700.75479
10.67307	701.12476
10.68607	701.54290
10.69907	702.02408
10.71207	702.53217
10.72507	703.05133
10.73807	703.62466
10.75107	704.29861
10.76407	705.07045
10.77707	705.88245
10.79007	706.72262
10.80307	707.68549
10.81607	708.76904
10.82907	709.90849
10.84207	711.03199
10.85507	711.99105
10.86807	712.52716
10.88107	712.90463
10.89407	713.29272
10.90707	713.91213
10.92007	714.93406
10.93307	716.17866
10.94607	717.54916
10.95907	718.92597
10.97207	719.65294
10.98507	719.50731
10.99807	718.67222
11.01107	717.37959
11.02407	716.44374
11.03707	715.91887
11.05007	715.71459
11.06307	715.76721
11.07607	716.03583
11.08907	716.44960
11.10207	716.99832
11.11507	717.60359
11.12807	718.18741
11.14107	718.81828
11.15407	719.48286
11.16707	720.17784
11.18007	720.90104
11.19307	721.63914
11.20607	722.39245
11.21907	723.19392
11.23207	724.10959
11.24507	725.06327
11.25807	726.05173
11.27107	727.07758
11.28407	728.14115
11.29707	729.24683
11.31007	730.38750
11.32307	731.56973
11.33607	732.79569
11.34907	734.07828
11.36207	735.42371
11.37507	736.82488
11.38807	738.28484
11.40107	739.81717
11.41407	741.43531
11.42707	743.13268
11.44007	744.91184
11.45307	746.78916
11.46607	748.79051
11.47907	750.92678
11.49207	753.19962
11.50507	755.61377
11.51807	758.16509
11.53107	760.84481
11.54407	763.68673
11.55707	766.71613
11.57007	769.98879
11.58307	773.54868
11.59607	777.38592
11.60907	781.53527
11.62207	786.13362
11.63507	791.10547
11.64807	796.44492
11.66107	802.17152
11.67407	808.48267
11.68707	815.45695
11.70007	823.22930
11.71307	831.82745
11.72607	841.46918
11.73907	852.40140
11.75207	865.05787
11.76507	879.48956
11.77807	896.17435
11.79107	915.63824
11.80407	939.71569
11.81707	968.73776
11.83007	1004.25386
11.84307	1048.10822
11.85607	1106.44661
11.86907	1180.43264
11.88207	1270.79504
11.89507	1380.59486
11.90807	1515.31768
11.92107	1678.12364
11.93407	1869.18698
11.94707	2098.16680
11.96007	2373.82508
11.97307	2709.21928
11.98607	3089.57692
11.99907	3506.99190
12.01207	3927.38339
12.02507	4179.07521
12.03807	4281.33295
12.05107	4304.63095
12.06407	4311.92333
12.07707	4389.01057
12.09007	4608.82625
12.10307	4983.81166
12.11607	5483.52971
12.12907	5983.41785
12.14207	6347.24341
12.15507	6358.61105
12.16807	5796.02565
12.18107	5017.13745
12.19407	4137.60844
12.20707	3277.37886
12.22007	2650.17903
12.23307	2184.06553
12.24607	1848.85187
12.25907	1611.95398
12.27207	1456.27277
12.28507	1336.28493
12.29807	1242.98268
12.31107	1169.80047
12.32407	1114.59064
12.33707	1069.73217
12.35007	1032.34899
12.36307	1001.08973
12.37607	975.57578
12.38907	954.17903
12.40207	935.63000
12.41507	919.56594
12.42807	905.83077
12.44107	894.22931
12.45407	883.99260
12.46707	874.89701
12.48007	866.90719
12.49307	860.03299
12.50607	853.88023
12.51907	848.41919
12.53207	843.57911
12.54507	839.45089
12.55807	835.79779
12.57107	832.66397
12.58407	829.98649
12.59707	827.79117
12.61007	825.96002
12.62307	824.48105
12.63607	823.32128
12.64907	822.44931
12.66207	821.60469
12.67507	820.58448
12.68807	818.80320
12.70107	816.59485
12.71407	814.23358
12.72707	811.96366
12.74007	810.13213
12.75307	808.69373
12.76607	807.53892
12.77907	806.70192
12.79207	806.13421
12.80507	805.75901
12.81807	805.54334
12.83107	805.41301
12.84407	805.33099
12.85707	805.31873
12.87007	805.34821
12.88307	805.32492
12.89607	805.27667
12.90907	805.23136
12.92207	805.21493
12.93507	805.27403
12.94807	805.40572
12.96107	805.69232
12.97407	806.04343
12.98707	806.45145
13.00007	806.90262
13.01307	807.39737
13.02607	807.93895
13.03907	808.52446
13.05207	809.13571
13.06507	809.77757
13.07807	810.45970
13.09107	811.17907
13.10407	811.93204
13.11707	812.71815
13.13007	813.54420
13.14307	814.40978
13.15607	815.32488
13.16907	816.28945
13.18207	817.31791
13.19507	818.41828
13.20807	819.58829
13.22107	820.71911
13.23407	821.89963
13.24707	823.14336
13.26007	824.44686
13.27307	825.82780
13.28607	827.30644
13.29907	828.90390
13.31207	830.60137
13.32507	832.40103
13.33807	834.35920
13.35107	836.48687
13.36407	838.78495
13.37707	841.26557
13.39007	843.97245
13.40307	846.85490
13.41607	849.84273
13.42907	852.83373
13.44207	855.41210
13.45507	857.51200
13.46807	859.41558
13.48107	861.19520
13.49407	863.23366
13.50707	865.57834
13.52007	868.26895
13.53307	871.16557
13.54607	874.14256
13.55907	876.93314
13.57207	879.86368
13.58507	883.03389
13.59807	886.55984
13.61107	890.58275
13.62407	895.14873
13.63707	900.29639
13.65007	905.98319
13.66307	912.21515
13.67607	919.02368
13.68907	926.68848
13.70207	935.12614
13.71507	944.43496
13.72807	954.84397
13.74107	967.00144
13.75407	980.70957
13.76707	996.21462
13.78007	1013.78414
13.79307	1034.92469
13.80607	1059.91101
13.81907	1089.31338
13.83207	1124.08404
13.84507	1167.56562
13.85807	1223.36277
13.87107	1293.39443
13.88407	1381.32596
13.89707	1495.67867
13.91007	1652.74702
13.92307	1849.66521
13.93607	2090.64605
13.94907	2381.01392
13.96207	2750.55153
13.97507	3182.49665
13.98807	3677.10738
14.00107	4231.81182
14.01407	4829.88692
14.02707	5339.18943
14.04007	5642.51131
14.05307	5659.35290
14.06607	5258.93877
14.07907	4653.57420
14.09207	3983.16001
14.10507	3319.07975
14.11807	2754.86044
14.13107	2365.81733
14.14407	2084.56616
14.15707	1892.24999
14.17007	1771.49005
14.18307	1711.06623
14.19607	1681.42625
14.20907	1678.15795
14.22207	1694.76593
14.23507	1715.63731
14.24807	1723.09987
14.26107	1703.58096
14.27407	1631.31294
14.28707	1542.82503
14.30007	1446.45097
14.31307	1349.56405
14.32607	1268.38621
14.33907	1205.85604
14.35207	1158.21417
14.36507	1122.86841
14.37807	1098.30445
14.39107	1079.87045
14.40407	1065.90119
14.41707	1055.22580
14.43007	1047.50468
14.44307	1041.97909
14.45607	1038.30411
14.46907	1036.12597
14.48207	1035.37100
14.49507	1035.91196
14.50807	1037.66375
14.52107	1040.58714
14.53407	1044.64310
14.54707	1049.89385
14.56007	1056.53471
14.57307	1064.73607
14.58607	1074.44448
14.59907	1085.84581
14.61207	1099.21529
14.62507	1115.44397
14.63807	1134.40698
14.65107	1156.64029
14.66407	1182.82449
14.67707	1215.63667
14.69007	1255.43512
14.70307	1303.67944
14.71607	1362.59056
14.72907	1439.00927
14.74207	1540.01149
14.75507	1668.77141
14.76807	1831.22505
14.78107	2038.79862
14.79407	2310.01679
14.80707	2637.59020
14.82007	3026.65438
14.83307	3483.76624
14.84607	4030.89970
14.85907	4615.67342
14.87207	5180.56789
14.88507	5670.11961
14.89807	5876.45281
14.91107	5776.23009
14.92407	5514.80621
14.93707	5176.04938
14.95007	4820.01049
14.96307	4550.85305
14.97607	4385.36596
14.98907	4268.87329
15.00207	4095.66134
15.01507	3863.48499
15.02807	3537.59673
15.04107	3147.88995
15.05407	2750.52436
15.06707	2391.61621
15.08007	2082.62516
15.09307	1840.53927
15.10607	1672.16175
15.11907	1542.00978
15.13207	1442.16702
15.14507	1364.56437
15.15807	1306.47234
15.17107	1259.09303
15.18407	1220.38721
15.19707	1188.08128
15.21007	1161.67259
15.22307	1139.46559
15.23607	1120.52162
15.24907	1104.16149
15.26207	1090.08522
15.27507	1077.95641
15.28807	1067.28652
15.30107	1057.89618
15.31407	1049.56180
15.32707	1042.37063
15.34007	1035.93865
15.35307	1030.23607
15.36607	1025.07527
15.37907	1020.52020
15.39207	1016.40875
15.40507	1012.73310
15.41807	1009.40997
15.43107	1006.43640
15.44407	1003.75552
15.45707	1001.33600
15.47007	999.14815
15.48307	997.15715
15.49607	995.34708
15.50907	993.67775
15.52207	992.27833
15.53507	991.01914
15.54807	989.90182
15.56107	988.88980
15.57407	987.98449
15.58707	987.14887
15.60007	986.38000
15.61307	985.67996
15.62607	985.17503
15.63907	984.77995
15.65207	984.46070
15.66507	984.20858
15.67807	984.01980
15.69107	983.89234
15.70407	983.83503
15.71707	983.81706
15.73007	983.78692
15.74307	983.90325
15.75607	984.06443
15.76907	984.28472
15.78207	984.55834
15.79507	984.88610
15.80807	985.12472
15.82107	985.41194
15.83407	985.74087
15.84707	986.09871
15.86007	986.62135
15.87307	987.06616
15.88607	987.77347
15.89907	988.56458
15.91207	989.45675
15.92507	990.43379
15.93807	991.44809
15.95107	992.45341
15.96407	993.35047
15.97707	993.91268
15.99007	994.17962
16.00307	994.20208
16.01607	994.07032
16.02907	994.01905
16.04207	994.08947
16.05507	994.28067
16.06807	994.59071
16.08107	995.01399
16.09407	995.49979
16.10707	996.04182
16.12007	996.63258
16.13307	997.27381
16.14607	997.94928
16.15907	998.65578
16.17207	999.38899
16.18507	1000.14850
16.19807	1000.92465
16.21107	1001.68764
16.22407	1002.41832
16.23707	1003.11086
16.25007	1003.73731
16.26307	1004.33285
16.27607	1004.93817
16.28907	1005.61855
16.30207	1006.33565
16.31507	1007.08570
16.32807	1007.86101
16.34107	1008.66013
16.35407	1009.48504
16.36707	1010.32823
16.38007	1011.18382
16.39307	1012.04603
16.40607	1012.90281
16.41907	1013.73713
16.43207	1014.56095
16.44507	1015.39100
16.45807	1016.24459
16.47107	1017.14750
16.48407	1018.02447
16.49707	1018.93839
16.51007	1019.82881
16.52307	1020.72793
16.53607	1021.65479
16.54907	1022.60937
16.56207	1023.58978
16.57507	1024.59922
16.58807	1025.65062
16.60107	1026.75970
16.61407	1027.93811
16.62707	1029.20005
16.64007	1030.46961
16.65307	1031.84089
16.66607	1033.32191
16.67907	1034.83894
16.69207	1036.43147
16.70507	1038.10581
16.71807	1039.76757
16.73107	1041.33468
16.74407	1042.72355
16.75707	1043.66514
16.77007	1044.26255
16.78307	1044.68317
16.79607	1045.05238
16.80907	1045.54378
16.82207	1046.21850
16.83507	1047.00311
16.84807	1047.89284
16.86107	1048.89000
16.87407	1049.98135
16.88707	1051.15318
16.90007	1052.39629
16.91307	1053.69090
16.92607	1055.02889
16.93907	1056.43067
16.95207	1057.88738
16.96507	1059.39995
16.97807	1060.95925
16.99107	1062.59196
17.00407	1064.28197
17.01707	1065.97935
17.03007	1067.65210
17.04307	1069.31504
17.05607	1071.00627
17.06907	1072.77826
17.08207	1074.75746
17.09507	1076.96338
17.10807	1079.31353
17.12107	1081.81609
17.13407	1084.47227
17.14707	1087.30746
17.16007	1090.28265
17.17307	1093.37086
17.18607	1096.55520
17.19907	1099.72050
17.21207	1102.98662
17.22507	1106.44872
17.23807	1110.22362
17.25107	1114.41683
17.26407	1119.19279
17.27707	1124.56897
17.29007	1130.83875
17.30307	1138.06732
17.31607	1146.54478
17.32907	1156.39137
17.34207	1168.49123
17.35507	1182.94819
17.36807	1200.19198
17.38107	1220.27472
17.39407	1244.04515
17.40707	1271.16655
17.42007	1300.80309
17.43307	1331.48585
17.44607	1360.50604
17.45907	1381.49557
17.47207	1397.35563
17.48507	1409.74418
17.49807	1421.30200
17.51107	1434.99946
17.52407	1457.86765
17.53707	1493.67971
17.55007	1545.37117
17.56307	1617.41308
17.57607	1718.65250
17.58907	1855.23974
17.60207	2025.15926
17.61507	2230.48459
17.62807	2480.38723
17.64107	2772.12993
17.65407	3079.23795
17.66707	3378.41766
17.68007	3623.91478
17.69307	3705.25401
17.70607	3648.09945
17.71907	3473.51628
17.73207	3212.49302
17.74507	2904.68675
17.75807	2595.92865
17.77107	2306.88609
17.78407	2060.85443
17.79707	1888.11212
17.81007	1756.70825
17.82307	1660.25343
17.83607	1592.50476
17.84907	1552.61218
17.86207	1530.65002
17.87507	1523.80085
17.88807	1530.05764
17.90107	1549.47241
17.91407	1580.70407
17.92707	1617.05421
17.94007	1652.45343
17.95307	1682.07964
17.96607	1684.79984
17.97907	1664.36596
17.99207	1628.14629
18.00507	1581.09076
18.01807	1527.56170
18.03107	1475.95320
18.04407	1430.10029
18.05707	1393.19126
18.07007	1370.46384
18.08307	1357.42697
18.09607	1353.96749
18.10907	1358.74463
18.12207	1371.76924
18.13507	1391.02524
18.14807	1416.77297
18.16107	1445.35582
18.17407	1472.35633
18.18707	1493.53575
18.20007	1501.93343
18.21307	1493.25656
18.22607	1476.96108
18.23907	1455.67861
18.25207	1432.37268
18.26507	1409.29621
18.27807	1391.29905
18.29107	1379.33543
18.30407	1374.79215
18.31707	1377.78236
18.33007	1387.51967
18.34307	1402.84214
18.35607	1425.15944
18.36907	1455.62588
18.38207	1494.89275
18.39507	1544.01475
18.40807	1607.05243
18.42107	1692.41122
18.43407	1801.34415
18.44707	1938.48254
18.46007	2110.25275
18.47307	2338.89048
18.48607	2611.57143
18.49907	2925.71455
18.51207	3276.73829
18.52507	3642.54805
18.53807	3948.05433
18.55107	4144.23352
18.56407	4196.26135
18.57707	4048.10374
18.59007	3791.81602
18.60307	3480.42545
18.61607	3136.76764
18.62907	2783.37600
18.64207	2477.92220
18.65507	2225.99094
18.66807	2027.31966
18.68107	1879.68284
18.69407	1780.23250
18.70707	1705.70568
18.72007	1652.34276
18.73307	1618.56903
18.74607	1603.01980
18.75907	1600.00073
18.77207	1607.92574
18.78507	1627.07967
18.79807	1653.04849
18.81107	1681.57013
18.82407	1708.36759
18.83707	1719.85278
18.85007	1719.09580
18.86307	1713.54538
18.87607	1707.11168
18.88907	1703.39328
18.90207	1708.58487
18.91507	1733.28906
18.92807	1781.49704
18.94107	1856.35259
18.95407	1957.62154
18.96707	2092.77050
18.98007	2253.43544
18.99307	2427.33655
19.00607	2603.52873
19.01907	2742.96235
19.03207	2802.26286
19.04507	2786.27926
19.05807	2696.86598
19.07107	2546.16444
19.08407	2371.28845
19.09707	2186.37863
19.11007	2000.79077
19.12307	1840.01731
19.13607	1711.53930
19.14907	1608.26926
19.16207	1527.64619
19.17507	1469.30418
19.18807	1423.87164
19.20107	1387.04742
19.21407	1357.47334
19.22707	1334.68586
19.24007	1316.05641
19.25307	1300.36157
19.26607	1287.17193
19.27907	1276.56647
19.29207	1267.80125
19.30507	1260.35092
19.31807	1254.10895
19.33107	1249.05065
19.34407	1244.95044
19.35707	1241.38224
19.37007	1238.14872
19.38307	1235.16302
19.39607	1231.88185
19.40907	1228.51167
19.42207	1225.16062
19.43507	1221.99674
19.44807	1219.17901
19.46107	1216.77111
19.47407	1214.70309
19.48707	1213.00210
19.50007	1211.61309
19.51307	1210.48145
19.52607	1209.55195
19.53907	1208.82989
19.55207	1208.27997
19.56507	1207.88157
19.57807	1207.62176
19.59107	1207.49800
19.60407	1207.50162
19.61707	1207.63215
19.63007	1207.88570
19.64307	1208.27914
19.65607	1208.74820
19.66907	1209.27726
19.68207	1209.85185
19.69507	1210.52126
19.70807	1211.27843
19.72107	1212.10384
19.73407	1212.99844
19.74707	1214.05587
19.76007	1215.27680
19.77307	1216.65431
19.78607	1218.22716
19.79907	1219.90541
19.81207	1221.68138
19.82507	1223.55493
19.83807	1225.63871
19.85107	1227.90986
19.86407	1230.26029
19.87707	1232.60692
19.89007	1235.08189
19.90307	1237.74285
19.91607	1240.58528
19.92907	1243.67519
19.94207	1247.00491
19.95507	1250.59286
19.96807	1254.44517
19.98107	1258.64461
19.99407	1263.25068
20.00707	1268.28026
20.02007	1273.73515
20.03307	1279.67703
20.04607	1286.15518
20.05907	1293.26217
20.07207	1300.99988
20.08507	1309.46385
20.09807	1319.00731
20.11107	1329.63126
20.12407	1341.39670
20.13707	1354.43763
20.15007	1369.59067
20.16307	1386.88126
20.17607	1406.48929
20.18907	1428.75875
20.20207	1455.23407
20.21507	1486.85285
20.22807	1524.04052
20.24107	1567.85938
20.25407	1621.64172
20.26707	1689.99906
20.28007	1774.03638
20.29307	1876.67382
20.30607	2003.78956
20.31907	2168.29122
20.33207	2364.23373
20.34507	2590.07996
20.35807	2844.06610
20.37107	3112.01628
20.38407	3354.36098
20.39707	3545.48297
20.41007	3666.65884
20.42307	3686.60549
20.43607	3677.02596
20.44907	3662.62793
20.46207	3659.96877
20.47507	3682.64427
20.48807	3781.15186
20.50107	3942.54199
20.51407	4156.49572
20.52707	4409.52093
20.54007	4617.31200
20.55307	4709.73513
20.56607	4683.71615
20.57907	4539.77250
20.59207	4299.25334
20.60507	4022.87414
20.61807	3733.28049
20.63107	3448.66299
20.64407	3202.20167
20.65707	3027.02234
20.67007	2918.74071
20.68307	2873.64479
20.69607	2879.40048
20.70907	2920.61971
20.72207	2977.21919
20.73507	3034.87575
20.74807	3095.11394
20.76107	3149.73939
20.77407	3175.90885
20.78707	3130.57618
20.80007	3033.85347
20.81307	2896.56999
20.82607	2729.95969
20.83907	2553.29316
20.85207	2374.97637
20.86507	2201.58483
20.87807	2041.68784
20.89107	1913.58718
20.90407	1808.09319
20.91707	1723.11421
20.93007	1656.45492
20.94307	1606.96858
20.95607	1566.32948
20.96907	1533.31062
20.98207	1506.67821
20.99507	1486.32748
21.00807	1469.52688
21.02107	1455.84198
21.03407	1444.94629
21.04707	1437.05395
21.06007	1431.19352
21.07307	1427.14328
21.08607	1424.85177
21.09907	1424.48673
21.11207	1425.92680
21.12507	1428.94358
21.13807	1433.61697
21.15107	1440.03506
21.16407	1448.81434
21.17707	1459.65005
21.19007	1472.77414
21.20307	1488.36246
21.21607	1507.58721
21.22907	1530.65342
21.24207	1557.78230
21.25507	1589.57615
21.26807	1628.10812
21.28107	1675.59953
21.29407	1732.39720
21.30707	1800.39175
21.32007	1883.38616
21.33307	1991.67780
21.34607	2125.95536
21.35907	2291.94709
21.37207	2495.72977
21.38507	2773.82742
21.39807	3117.26986
21.41107	3529.32173
21.42407	4011.33240
21.43707	4571.92711
21.45007	5143.35260
21.46307	5657.55380
21.47607	6056.15828
21.48907	6207.03047
21.50207	6086.90917
21.51507	5812.17783
21.52807	5423.65591
21.54107	4956.93900
21.55407	4433.11836
21.56707	3913.89823
21.58007	3428.10041
21.59307	3004.62512
21.60607	2687.14898
21.61907	2430.27158
21.63207	2224.71809
21.64507	2061.56243
21.65807	1939.18103
21.67107	1840.24179
21.68407	1758.37224
21.69707	1690.64520
21.71007	1636.19668
21.72307	1591.43451
21.73607	1553.14555
21.74907	1520.57718
21.76207	1493.31750
21.77507	1470.98185
21.78807	1451.85197
21.80107	1435.76388
21.81407	1422.24700
21.82707	1411.88631
21.84007	1403.73722
21.85307	1398.43108
21.86607	1395.76788
21.87907	1396.19055
21.89207	1399.82411
21.90507	1408.52391
21.91807	1421.57099
21.93107	1439.21082
21.94407	1461.64063
21.95707	1489.46027
21.97007	1518.40707
21.98307	1545.77462
21.99607	1568.43769
22.00907	1574.78991
22.02207	1569.11324
22.03507	1553.56656
22.04807	1530.50971
22.06107	1501.81585
22.07407	1470.82003
22.08707	1439.01654
22.10007	1408.05372
22.11307	1382.44435
22.12607	1361.23055
22.13907	1344.16406
22.15207	1331.01707
22.16507	1321.85464
22.17807	1314.78071
22.19107	1309.58697
22.20407	1306.12860
22.21707	1304.35464
22.23007	1303.64919
22.24307	1303.98219
22.25607	1305.54775
22.26907	1308.26089
22.28207	1311.94043
22.29507	1316.65143
22.30807	1323.03163
22.32107	1331.02386
22.33407	1340.57568
22.34707	1351.85612
22.36007	1365.72169
22.37307	1382.70767
22.38607	1402.90236
22.39907	1426.82698
22.41207	1455.97499
22.42507	1493.09682
22.43807	1538.54150
22.45107	1593.96800
22.46407	1661.87703
22.47707	1753.20844
22.49007	1867.00059
22.50307	2006.50275
22.51607	2174.88147
22.52907	2386.43875
22.54207	2625.24241
22.55507	2875.39740
22.56807	3120.62785
22.58107	3315.12955
22.59407	3407.35449
22.60707	3407.88626
22.62007	3325.17240
22.63307	3175.55750
22.64607	2986.17820
22.65907	2774.09469
22.67207	2548.54140
22.68507	2320.94337
22.69807	2124.05909
22.71107	1957.75544
22.72407	1820.65328
22.73707	1710.63511
22.75007	1629.15387
22.76307	1563.68280
22.77607	1510.38244
22.78907	1467.10195
22.80207	1433.47033
22.81507	1406.54252
22.82807	1384.34734
22.84107	1366.32968
22.85407	1352.73814
22.86707	1343.18133
22.88007	1336.62530
22.89307	1332.98393
22.90607	1332.74204
22.91907	1335.30886
22.93207	1339.30907
22.94507	1343.99131
22.95807	1346.94184
22.97107	1346.21223
22.98407	1341.87445
22.99707	1334.03150
23.01007	1323.19047
23.02307	1311.26369
23.03607	1298.67193
23.04907	1285.67899
23.06207	1273.02142
23.07507	1262.02072
23.08807	1252.80744
23.10107	1245.43128
23.11407	1240.28727
23.12707	1237.05722
23.14007	1235.41954
23.15307	1235.32750
23.16607	1237.11287
23.17907	1240.98537
23.19207	1246.59212
23.20507	1253.80892
23.21807	1262.48335
23.23107	1271.58585
23.24407	1279.20763
23.25707	1284.27515
23.27007	1285.85228
23.28307	1282.40996
23.29607	1276.44812
23.30907	1269.01039
23.32207	1260.58717
23.33507	1251.28294
23.34807	1241.95451
23.36107	1233.52657
23.37407	1226.46974
23.38707	1221.15566
23.40007	1218.05125
23.41307	1216.32870
23.42607	1215.95543
23.43907	1216.82341
23.45207	1218.82058
23.46507	1221.90645
23.47807	1226.48556
23.49107	1232.85223
23.50407	1241.22847
23.51707	1251.80795
23.53007	1264.58396
23.54307	1278.73171
23.55607	1293.39455
23.56907	1307.54990
23.58207	1318.98802
23.59507	1325.73616
23.60807	1328.71599
23.62107	1325.78024
23.63407	1318.33314
23.64707	1306.75525
23.66007	1292.81867
23.67307	1277.58211
23.68607	1262.25484
23.69907	1247.94773
23.71207	1234.70225
23.72507	1223.26110
23.73807	1213.83719
23.75107	1206.39745
23.76407	1200.70933
23.77707	1196.70043
23.79007	1193.85519
23.80307	1191.99551
23.81607	1191.06841
23.82907	1191.02548
23.84207	1191.71923
23.85507	1193.10303
23.86807	1195.22358
23.88107	1198.44345
23.89407	1202.74751
23.90707	1208.29738
23.92007	1215.31912
23.93307	1224.73711
23.94607	1236.82919
23.95907	1251.73579
23.97207	1269.75518
23.98507	1291.47129
23.99807	1316.58387
24.01107	1342.44239
24.02407	1366.92130
24.03707	1387.61271
24.05007	1398.28412
24.06307	1400.20801
24.07607	1395.81682
24.08907	1386.62554
24.10207	1374.70047
24.11507	1360.68163
24.12807	1346.30892
24.14107	1333.01741
24.15407	1322.34111
24.16707	1315.95685
24.18007	1312.56134
24.19307	1311.41392
24.20607	1312.32232
24.21907	1314.47107
24.23207	1318.54332
24.24507	1324.73219
24.25807	1334.03772
24.27107	1347.05046
24.28407	1364.28770
24.29707	1386.56268
24.31007	1415.90291
24.32307	1455.97992
24.33607	1507.15972
24.34907	1571.00407
24.36207	1650.15091
24.37507	1754.80580
24.38807	1879.36371
24.40107	2021.57455
24.41407	2178.28673
24.42707	2336.09843
24.44007	2466.78648
24.45307	2556.01136
24.46607	2593.45061
24.47907	2561.84086
24.49207	2489.48325
24.50507	2394.67223
24.51807	2283.07381
24.53107	2155.67655
24.54407	2020.50466
24.55707	1891.79413
24.57007	1775.68936
24.58307	1679.02226
24.59607	1607.85852
24.60907	1551.74202
24.62207	1508.13132
24.63507	1472.07753
24.64807	1442.61536
24.66107	1414.91674
24.67407	1387.66259
24.68707	1360.48756
24.70007	1335.54606
24.71307	1312.01453
24.72607	1289.31831
24.73907	1267.55121
24.75207	1248.00910
24.76507	1230.87237
24.77807	1215.84356
24.79107	1203.16423
24.80407	1192.42965
24.81707	1183.16854
24.83007	1174.96210
24.84307	1167.71368
24.85607	1161.27802
24.86907	1155.49711
24.88207	1150.26098
24.89507	1145.53718
24.90807	1141.28621
24.92107	1137.50169
24.93407	1134.10577
24.94707	1131.02221
24.96007	1128.25055
24.97307	1125.74196
24.98607	1123.46398
24.99907	1121.35425
25.01207	1119.39442
25.02507	1117.52995
25.03807	1115.77026
25.05107	1114.07077
25.06407	1112.43720
25.07707	1110.88234
25.09007	1109.44591
25.10307	1108.10529
25.11607	1106.86670
25.12907	1105.73149
25.14207	1104.69834
25.15507	1103.75609
25.16807	1102.87163
25.18107	1102.04032
25.19407	1101.26649
25.20707	1100.53233
25.22007	1099.86064
25.23307	1099.18290
25.24607	1098.51323
25.25907	1097.84625
25.27207	1097.21829
25.28507	1096.61920
25.29807	1096.04873
25.31107	1095.51976
25.32407	1095.03504
25.33707	1094.59813
25.35007	1094.20885
25.36307	1093.90877
25.37607	1093.66288
25.38907	1093.47260
25.40207	1093.33766
25.41507	1093.25447
25.42807	1093.22691
25.44107	1093.25977
25.45407	1093.38057
25.46707	1093.57399
25.48007	1093.83930
25.49307	1094.18736
25.50607	1094.62777
25.51907	1095.17753
25.53207	1095.79168
25.54507	1096.41397
25.55807	1097.08380
25.57107	1097.75513
25.58407	1098.39587
25.59707	1098.99816
25.61007	1099.56467
25.62307	1100.02999
25.63607	1100.49017
25.64907	1100.98878
25.66207	1101.56398
25.67507	1102.23560
25.68807	1103.01203
25.70107	1104.07616
25.71407	1105.43021
25.72707	1107.03465
25.74007	1108.81876
25.75307	1110.67641
25.76607	1112.82491
25.77907	1115.08113
25.79207	1117.45416
25.80507	1120.02305
25.81807	1122.84991
25.83107	1125.99636
25.84407	1129.43163
25.85707	1133.18416
25.87007	1137.33632
25.88307	1141.91981
25.89607	1147.06758
25.90907	1152.74273
25.92207	1159.05848
25.93507	1166.14890
25.94807	1174.25516
25.96107	1183.38709
25.97407	1193.80924
25.98707	1205.74854
26.00007	1220.09061
26.01307	1236.79349
26.02607	1256.44666
26.03907	1279.18286
26.05207	1307.67186
26.06507	1341.88318
26.07807	1382.46960
26.09107	1430.15032
26.10407	1487.33314
26.11707	1551.06153
26.13007	1617.09561
26.14307	1681.36482
26.15607	1735.36769
26.16907	1767.73194
26.18207	1782.78207
26.19507	1782.78006
26.20807	1771.07683
26.22107	1752.07597
26.23407	1730.12753
26.24707	1706.40251
26.26007	1681.92983
26.27307	1661.63924
26.28607	1651.07105
26.29907	1652.38737
26.31207	1666.03314
26.32507	1694.06356
26.33807	1737.00018
26.35107	1797.51832
26.36407	1872.65355
26.37707	1961.50204
26.39007	2064.44333
26.40307	2173.24860
26.41607	2276.53461
26.42907	2368.93095
26.44207	2449.20044
26.45507	2505.69743
26.46807	2557.22589
26.48107	2610.30494
26.49407	2677.62228
26.50707	2759.86470
26.52007	2862.88444
26.53307	2994.90975
26.54607	3181.12962
26.55907	3433.55452
26.57207	3756.24371
26.58507	4154.85666
26.59807	4671.11579
26.61107	5292.65039
26.62407	5991.70130
26.63707	6748.01631
26.65007	7501.35327
26.66307	8114.94181
26.67607	8534.19318
26.68907	8719.01621
26.70207	8580.85282
26.71507	8257.69339
26.72807	7829.48103
26.74107	7322.65151
26.75407	6728.83788
26.76707	6080.21249
26.78007	5426.75289
26.79307	4798.27532
26.80607	4253.42558
26.81907	3808.49480
26.83207	3441.33088
26.84507	3145.91430
26.85807	2920.76433
26.87107	2741.69551
26.88407	2587.94539
26.89707	2450.80092
26.91007	2325.09792
26.92307	2212.07361
26.93607	2106.96988
26.94907	2009.71239
26.96207	1920.22529
26.97507	1836.74391
26.98807	1758.63214
27.00107	1686.89127
27.01407	1623.33880
27.02707	1569.93856
27.04007	1523.66070
27.05307	1483.81428
27.06607	1450.15443
27.07907	1422.21858
27.09207	1398.59444
27.10507	1378.37932
27.11807	1361.52630
27.13107	1347.71033
27.14407	1336.67623
27.15707	1327.92402
27.17007	1321.70072
27.18307	1317.77568
27.19607	1316.33086
27.20907	1316.99201
27.22207	1320.19867
27.23507	1325.94755
27.24807	1334.61490
27.26107	1346.46968
27.27407	1361.67206
27.28707	1380.79984
27.30007	1404.62381
27.31307	1434.67949
27.32607	1471.09544
27.33907	1515.60154
27.35207	1569.44342
27.36507	1638.27754
27.37807	1721.86693
27.39107	1824.03907
27.40407	1947.00690
27.41707	2102.90733
27.43007	2286.63901
27.44307	2497.04074
27.45607	2730.98087
27.46907	2973.22868
27.48207	3192.55121
27.49507	3378.20022
27.50807	3519.53800
27.52107	3594.36518
27.53407	3616.06938
27.54707	3599.86235
27.56007	3526.77067
27.57307	3407.88024
27.58607	3246.71132
27.59907	3066.24680
27.61207	2879.23981
27.62507	2698.86620
27.63807	2540.17527
27.65107	2400.48129
27.66407	2283.72301
27.67707	2195.09095
27.69007	2135.98945
27.70307	2102.31417
27.71607	2086.17670
27.72907	2076.91802
27.74207	2066.26857
27.75507	2045.73983
27.76807	2006.43916
27.78107	1961.78304
27.79407	1913.23550
27.80707	1864.97360
27.82007	1814.76192
27.83307	1766.40240
27.84607	1721.51250
27.85907	1683.99063
27.87207	1659.32920
27.88507	1647.46378
27.89807	1648.03272
27.91107	1658.17858
27.92407	1673.01709
27.93707	1688.26272
27.95007	1702.53886
27.96307	1710.82752
27.97607	1714.96099
27.98907	1715.76954
28.00207	1710.04458
28.01507	1690.74919
28.02807	1660.84043
28.04107	1623.92377
28.05407	1583.11320
28.06707	1541.89222
28.08007	1503.56018
28.09307	1467.54760
28.10607	1434.58373
28.11907	1405.89939
28.13207	1384.07829
28.14507	1369.12672
28.15807	1362.27837
28.17107	1364.32865
28.18407	1375.90691
28.19707	1395.81004
28.21007	1425.56658
28.22307	1468.50114
28.23607	1524.06665
28.24907	1593.17044
28.26207	1677.56979
28.27507	1782.16574
28.28807	1903.43213
28.30107	2038.82694
28.31407	2185.17409
28.32707	2337.17683
28.34007	2492.20916
28.35307	2638.33037
28.36607	2766.72834
28.37907	2859.92307
28.39207	2887.06001
28.40507	2861.87424
28.41807	2791.93540
28.43107	2687.95230
28.44407	2562.40653
28.45707	2426.69444
28.47007	2281.84749
28.48307	2129.73962
28.49607	1976.60763
28.50907	1834.89553
28.52207	1708.16111
28.53507	1598.67843
28.54807	1511.02525
28.56107	1441.22129
28.57407	1384.71632
28.58707	1339.99685
28.60007	1306.70803
28.61307	1283.89772
28.62607	1269.16950
28.63907	1262.05853
28.65207	1262.71379
28.66507	1271.38859
28.67807	1286.14401
28.69107	1304.93810
28.70407	1325.88709
28.71707	1345.65754
28.73007	1358.37768
28.74307	1364.09626
28.75607	1360.23109
28.76907	1349.48494
28.78207	1333.58300
28.79507	1314.70474
28.80807	1293.52025
28.82107	1270.88976
28.83407	1247.37506
28.84707	1223.83318
28.86007	1199.78440
28.87307	1176.34200
28.88607	1154.10713
28.89907	1131.87841
28.91207	1111.17528
28.92507	1092.11575
28.93807	1074.68618
28.95107	1058.32291
28.96407	1042.93118
28.97707	1028.57474
28.99007	1015.36131
29.00307	1003.75323
29.01607	994.15062
29.02907	986.34472
29.04207	980.23386
29.05507	975.93301
29.06807	973.31415
29.08107	972.38271
29.09407	973.01600
29.10707	975.32757
29.12007	979.38219
29.13307	985.92097
29.14607	994.75114
29.15907	1005.86542
29.17207	1019.08436
29.18507	1034.16875
29.19807	1049.19008
29.21107	1062.37187
29.22407	1072.40362
29.23707	1077.61629
29.25007	1076.32647
29.26307	1071.96088
29.27607	1065.48817
29.28907	1057.65777
29.30207	1048.37169
29.31507	1038.02382
29.32807	1027.28205
29.34107	1016.66074
29.35407	1007.18021
29.36707	1000.06336
29.38007	995.51433
29.39307	993.47179
29.40607	993.99288
29.41907	997.40027
29.43207	1003.49201
29.44507	1011.63054
29.45807	1021.37314
29.47107	1032.45641
29.48407	1043.85401
29.49707	1054.64894
29.51007	1065.06661
29.52307	1075.24406
29.53607	1085.77858
29.54907	1097.38014
29.56207	1110.56794
29.57507	1125.35498
29.58807	1142.83336
29.60107	1163.46625
29.61407	1187.24945
29.62707	1214.00349
29.64007	1245.59765
29.65307	1282.79814
29.66607	1324.94538
29.67907	1374.68375
29.69207	1436.84252
29.70507	1515.13310
29.71807	1608.52491
29.73107	1718.00094
29.74407	1847.21587
29.75707	1991.76244
29.77007	2138.36716
29.78307	2277.68446
29.79607	2392.88234
29.80907	2455.36358
29.82207	2477.34972
29.83507	2463.13377
29.84807	2418.54193
29.86107	2351.87650
29.87407	2269.55994
29.88707	2172.58193
29.90007	2061.22744
29.91307	1938.98014
29.92607	1820.01956
29.93907	1709.02904
29.95207	1610.09474
29.96507	1530.65721
29.97807	1464.81220
29.99107	1411.64206
30.00407	1370.67113
30.01707	1343.15689
30.03007	1325.05973
30.04307	1313.93491
30.05607	1308.90519
30.06907	1309.56204
30.08207	1315.58108
30.09507	1326.72377
30.10807	1343.80167
30.12107	1370.67313
30.13407	1407.70737
30.14707	1454.51304
30.16007	1511.53827
30.17307	1582.18506
30.18607	1665.01029
30.19907	1756.37677
30.21207	1854.69383
30.22507	1960.30745
30.23807	2065.88053
30.25107	2167.71407
30.26407	2259.76779
30.27707	2333.20197
30.29007	2363.71681
30.30307	2363.13242
30.31607	2336.34585
30.32907	2289.02674
30.34207	2227.24750
30.35507	2155.61690
30.36807	2071.47960
30.38107	1976.07186
30.39407	1871.00139
30.40707	1766.61318
30.42007	1668.06280
30.43307	1578.88898
30.44607	1501.49124
30.45907	1437.37422
30.47207	1382.08249
30.48507	1336.24622
30.49807	1298.65245
30.51107	1270.39558
30.52407	1249.27416
30.53707	1232.48912
30.55007	1219.76688
30.56307	1213.34174
30.57607	1213.73577
30.58907	1220.14510
30.60207	1232.63578
30.61507	1252.41993
30.62807	1279.23852
30.64107	1309.75108
30.65407	1342.66995
30.66707	1374.31144
30.68007	1401.37124
30.69307	1423.15753
30.70607	1439.13366
30.71907	1448.41596
30.73207	1447.51937
30.74507	1435.81772
30.75807	1413.54674
30.77107	1380.27976
30.78407	1336.93433
30.79707	1290.89971
30.81007	1243.82137
30.82307	1196.85030
30.83607	1150.67066
30.84907	1105.53889
30.86207	1062.76759
30.87507	1023.15988
30.88807	988.87766
30.90107	959.44607
30.91407	933.97570
30.92707	912.14139
30.94007	894.15907
30.95307	879.09658
30.96607	866.09409
30.97907	854.88998
30.99207	845.45464
31.00507	837.49560
31.01807	830.56831
31.03107	824.54448
31.04407	819.44980
31.05707	815.16215
31.07007	811.40722
31.08307	808.08283
31.09607	805.15707
31.10907	802.65368
31.12207	800.46036
31.13507	798.60106
31.14807	797.11589
31.16107	796.07452
31.17407	795.51312
31.18707	795.37043
31.20007	795.68442
31.21307	796.55316
31.22607	798.25097
31.23907	800.75827
31.25207	804.16066
31.26507	808.56646
31.27807	814.45217
31.29107	822.00913
31.30407	831.31227
31.31707	842.60754
31.33007	856.70721
31.34307	874.44631
31.35607	895.57075
31.36907	920.17156
31.38207	948.54521
31.39507	979.99939
31.40807	1011.07852
31.42107	1039.51575
31.43407	1062.93907
31.44707	1074.06691
31.46007	1076.15291
31.47307	1071.10974
31.48607	1060.65556
31.49907	1046.45767
31.51207	1030.00866
31.52507	1011.38828
31.53807	990.84762
31.55107	968.45621
31.56407	946.57909
31.57707	926.78841
31.59007	910.20242
31.60307	897.67126
31.61607	890.03490
31.62907	886.07073
31.64207	885.90521
31.65507	888.83451
31.66807	894.62041
31.68107	901.79507
31.69407	908.88584
31.70707	914.91553
31.72007	920.74022
31.73307	926.22706
31.74607	932.01430
31.75907	939.43094
31.77207	949.93449
31.78507	963.39800
31.79807	979.99702
31.81107	1000.57718
31.82407	1027.66535
31.83707	1059.89649
31.85007	1096.55042
31.86307	1137.32262
31.87607	1177.34959
31.88907	1211.71147
31.90207	1237.98518
31.91507	1253.38284
31.92807	1252.29255
31.94107	1244.13458
31.95407	1231.64249
31.96707	1216.98554
31.98007	1199.87840
31.99307	1181.60298
32.00607	1163.49735
32.01907	1146.21154
32.03207	1131.26128
32.04507	1120.85390
32.05807	1115.10237
32.07107	1112.47756
32.08407	1112.76599
32.09707	1112.89113
32.11007	1110.97818
32.12307	1102.58089
32.13607	1089.19857
32.14907	1071.35961
32.16207	1049.76124
32.17507	1025.26521
32.18807	999.27595
32.20107	972.38457
32.21407	944.70517
32.22707	916.43040
32.24007	888.82705
32.25307	862.97995
32.26607	839.31418
32.27907	818.18786
32.29207	800.49598
32.30507	785.64528
32.31807	773.14845
32.33107	762.79390
32.34407	754.47904
32.35707	747.99567
32.37007	742.72847
32.38307	738.31298
32.39607	734.41618
32.40907	730.95932
32.42207	727.39812
32.43507	723.48760
32.44807	719.59487
32.46107	715.86397
32.47407	712.34115
32.48707	708.96648
32.50007	705.77531
32.51307	702.76754
32.52607	700.00400
32.53907	697.50381
32.55207	695.39958
32.56507	693.67721
32.57807	692.46042
32.59107	691.69227
32.60407	691.32854
32.61707	691.42731
32.63007	692.18113
32.64307	693.50375
32.65607	695.29321
32.66907	697.41961
32.68207	699.58834
32.69507	701.35515
32.70807	702.65311
32.72107	703.30819
32.73407	703.08128
32.74707	702.43868
32.76007	701.89864
32.77307	701.49523
32.78607	701.19527
32.79907	700.88832
32.81207	700.53567
32.82507	699.90972
32.83807	698.97844
32.85107	697.85682
32.86407	696.25567
32.87707	694.50701
32.89007	692.59689
32.90307	690.58053
32.91607	688.13529
32.92907	685.15103
32.94207	681.92083
32.95507	678.58367
32.96807	675.21448
32.98107	671.97918
32.99407	668.92350
33.00707	666.13098
33.02007	663.65610
33.03307	661.50225
33.04607	659.74419
33.05907	658.51483
33.07207	657.79377
33.08507	657.57023
33.09807	657.88551
33.11107	658.84051
33.12407	660.43524
33.13707	662.67930
33.15007	665.62926
33.16307	669.52980
33.17607	674.57488
33.18907	680.72654
33.20207	688.06198
33.21507	696.86658
33.22807	707.36090
33.24107	718.72640
33.25407	730.54224
33.26707	742.24850
33.28007	751.69164
33.29307	758.47392
33.30607	762.54755
33.31907	764.04097
33.33207	763.37146
33.34507	762.12671
33.35807	760.73345
33.37107	759.36505
33.38407	758.17715
33.39707	756.83244
33.41007	755.71575
33.42307	754.95394
33.43607	754.34314
33.44907	753.41167
33.46207	751.60707
33.47507	748.59836
33.48807	743.77710
33.50107	738.25831
33.51407	732.43276
33.52707	726.70219
33.54007	720.83680
33.55307	715.21205
33.56607	709.59127
33.57907	704.07651
33.59207	699.11652
33.60507	695.27298
33.61807	692.76973
33.63107	691.71197
33.64407	692.68271
33.65707	695.87457
33.67007	700.99679
33.68307	708.09226
33.69607	717.87912
33.70907	729.90721
33.72207	743.47880
33.73507	758.09328
33.74807	772.27868
33.76107	783.77095
33.77407	791.78730
33.78707	795.66152
33.80007	793.96603
33.81307	788.83056
33.82607	781.85418
33.83907	773.56995
33.85207	764.08172
33.86507	753.16580
33.87807	741.13019
33.89107	728.16661
33.90407	714.68313
33.91707	701.87081
33.93007	690.11454
33.94307	679.63287
33.95607	670.78274
33.96907	663.57854
33.98207	657.52591
33.99507	652.56740
34.00807	648.67191
34.02107	645.75001
34.03407	643.49445
34.04707	641.90522
34.06007	640.93973
34.07307	640.58823
34.08607	640.70590
34.09907	641.35544
34.11207	642.55922
34.12507	644.31797
34.13807	646.57672
34.15107	649.45582
34.16407	653.09410
34.17707	657.45318
34.19007	662.54792
34.20307	668.53783
34.21607	675.86229
34.22907	684.40098
34.24207	694.28056
34.25507	705.68850
34.26807	719.66249
34.28107	735.94557
34.29407	754.77765
34.30707	776.43663
34.32007	802.54155
34.33307	832.64485
34.34607	866.26295
34.35907	903.13351
34.37207	942.87646
34.38507	983.30786
34.39807	1022.84980
34.41107	1060.57833
34.42407	1095.29181
34.43707	1125.44519
34.45007	1150.60439
34.46307	1169.80918
34.47607	1182.07372
34.48907	1183.98333
34.50207	1181.37553
34.51507	1176.23726
34.52807	1171.26025
34.54107	1167.75093
34.55407	1165.07506
34.56707	1162.36972
34.58007	1157.80089
34.59307	1147.61989
34.60607	1132.28721
34.61907	1111.79908
34.63207	1085.46278
34.64507	1055.74334
34.65807	1026.49613
34.67107	997.59643
34.68407	969.32701
34.69707	940.61706
34.71007	911.82495
34.72307	882.69416
34.73607	853.57866
34.74907	826.09428
34.76207	801.02541
34.77507	778.11539
34.78807	757.49666
34.80107	739.85242
34.81407	724.30739
34.82707	710.61382
34.84007	698.61591
34.85307	688.49076
34.86607	679.65615
34.87907	671.76954
34.89207	664.79858
34.90507	658.83909
34.91807	653.80355
34.93107	649.65054
34.94407	646.37540
34.95707	644.09375
34.97007	642.74488
34.98307	642.27305
34.99607	642.64383
35.00907	644.10647
35.02207	646.57584
35.03507	650.08104
35.04807	654.69423
35.06107	660.87734
35.07407	668.74541
35.08707	678.34881
35.10007	689.88379
35.11307	703.98481
35.12607	720.98353
35.13907	740.27984
35.15207	761.61002
35.16507	784.67996
35.17807	807.29215
35.19107	827.52803
35.20407	844.30273
35.21707	857.03255
35.23007	863.23713
35.24307	866.78918
35.25607	869.04103
35.26907	871.64463
35.28207	874.85868
35.29507	878.31823
35.30807	881.90330
35.32107	885.30901
35.33407	887.11667
35.34707	887.14777
35.36007	885.02000
35.37307	879.21933
35.38607	869.33807
35.39907	857.78458
35.41207	844.52084
35.42507	830.18421
35.43807	814.80562
35.45107	798.98920
35.46407	782.38405
35.47707	764.94409
35.49007	746.76037
35.50307	729.12126
35.51607	712.32306
35.52907	696.71165
35.54207	683.10057
35.55507	671.37162
35.56807	661.41097
35.58107	653.13917
35.59407	646.79445
35.60707	642.23345
35.62007	639.11592
35.63307	637.22670
35.64607	636.74270
35.65907	637.52883
35.67207	639.10869
35.68507	641.29524
35.69807	643.99207
35.71107	647.20373
35.72407	650.70365
35.73707	654.82364
35.75007	659.76634
35.76307	666.06706
35.77607	673.40738
35.78907	681.39663
35.80207	689.65837
35.81507	697.51256
35.82807	703.37848
35.84107	707.03834
35.85407	708.42933
35.86707	707.66126
35.88007	704.73245
35.89307	701.38905
35.90607	697.82828
35.91907	694.38610
35.93207	690.78085
35.94507	686.91945
35.95807	683.06875
35.97107	679.68910
35.98407	677.20409
35.99707	676.25297
36.01007	677.06444
36.02307	680.06213
36.03607	685.75900
36.04907	694.25907
36.06207	705.51800
36.07507	719.85726
36.08807	738.78233
36.10107	761.71585
36.11407	788.78391
36.12707	820.02155
36.14007	856.43256
36.15307	894.98863
36.16607	933.51906
36.17907	969.82217
36.19207	998.11289
36.20507	1015.00494
36.21807	1021.82348
36.23107	1019.25570
36.24407	1008.17119
36.25707	992.61383
36.27007	974.97842
36.28307	955.41819
36.29607	933.52875
36.30907	907.82618
36.32207	880.25515
36.33507	851.75723
36.34807	823.38695
36.36107	797.59050
36.37407	774.51475
36.38707	753.90099
36.40007	735.61987
36.41307	719.95420
36.42607	705.71631
36.43907	692.92673
36.45207	681.58101
36.46507	671.88397
36.47807	663.63998
36.49107	656.41935
36.50407	650.19744
36.51707	644.86724
36.53007	640.41144
36.54307	636.77700
36.55607	634.16090
36.56907	632.45730
36.58207	631.91765
36.59507	632.42262
36.60807	634.05619
36.62107	637.00891
36.63407	641.32079
36.64707	646.81933
36.66007	653.32588
36.67307	660.53412
36.68607	667.47552
36.69907	673.52012
36.71207	678.03340
36.72507	679.72909
36.73807	678.81343
36.75107	676.23863
36.76407	672.39349
36.77707	667.84896
36.79007	662.97840
36.80307	657.90935
36.81607	652.52774
36.82907	646.78600
36.84207	640.58494
36.85507	634.57155
36.86807	629.03248
36.88107	624.21896
36.89407	620.58031
36.90707	618.24257
36.92007	617.13327
36.93307	617.25355
36.94607	618.79175
36.95907	621.74775
36.97207	625.84198
36.98507	630.87351
36.99807	636.60617
37.01107	642.67147
37.02407	649.17221
37.03707	655.89511
37.05007	662.82187
37.06307	670.21512
37.07607	679.25913
37.08907	689.59121
37.10207	701.17081
37.11507	713.60176
37.12807	726.48277
37.14107	738.30246
37.15407	748.02739
37.16707	754.86119
37.18007	757.43862
37.19307	755.96227
37.20607	752.01569
37.21907	746.32457
37.23207	739.58707
37.24507	732.33088
37.25807	724.71388
37.27107	716.59028
37.28407	707.88979
37.29707	698.51663
37.31007	689.48690
37.32307	681.28710
37.33607	674.31409
37.34907	669.35125
37.36207	666.29298
37.37507	665.29241
37.38807	666.40300
37.40107	669.90034
37.41407	675.53390
37.42707	683.67091
37.44007	694.43164
37.45307	708.12700
37.46607	724.91832
37.47907	745.25522
37.49207	770.04360
37.50507	799.04320
37.51807	832.36066
37.53107	869.56331
37.54407	910.77647
37.55707	953.74309
37.57007	995.75294
37.58307	1035.37582
37.59607	1070.52140
37.60907	1099.24710
37.62207	1121.55908
37.63507	1138.02626
37.64807	1149.06043
37.66107	1152.17162
37.67407	1149.96881
37.68707	1142.06312
37.70007	1128.00184
37.71307	1106.43260
37.72607	1079.11511
37.73907	1047.56684
37.75207	1012.98603
37.76507	976.74568
37.77807	941.09067
37.79107	907.00372
37.80407	874.75896
37.81707	843.97839
37.83007	815.74383
37.84307	789.89822
37.85607	766.62725
37.86907	746.15282
37.88207	729.29114
37.89507	715.87023
37.90807	705.47285
37.92107	697.79583
37.93407	692.91624
37.94707	690.29469
37.96007	688.97721
37.97307	688.33779
37.98607	688.06949
37.99907	687.67183
38.01207	686.25080
38.02507	684.48791
38.03807	682.71945
38.05107	681.21942
38.06407	679.98994
38.07707	679.11587
38.09007	678.94528
38.10307	679.74798
38.11607	681.32577
38.12907	683.88515
38.14207	687.82856
38.15507	693.40128
38.16807	699.95299
38.18107	707.10859
38.19407	714.19505
38.20707	718.98988
38.22007	721.31054
38.23307	721.15116
38.24607	718.30078
38.25907	712.60562
38.27207	706.07344
38.28507	699.19605
38.29807	692.12859
38.31107	684.54820
38.32407	676.29464
38.33707	667.61922
38.35007	658.65489
38.36307	649.64555
38.37607	641.39212
38.38907	634.27477
38.40207	628.61162
38.41507	624.60428
38.42807	622.38297
38.44107	621.71204
38.45407	622.82299
38.46707	625.50851
38.48007	629.76363
38.49307	635.31578
38.50607	642.13101
38.51907	650.42221
38.53207	660.15342
38.54507	671.20835
38.55807	683.62097
38.57107	697.97824
38.58407	713.21432
38.59707	728.49226
38.61007	742.88148
38.62307	754.34953
38.63607	761.63721
38.64907	765.10918
38.66207	765.06030
38.67507	762.01141
38.68807	756.80597
38.70107	750.42849
38.71407	742.88119
38.72707	733.99258
38.74007	723.04928
38.75307	710.18621
38.76607	696.39125
38.77907	682.11401
38.79207	667.95254
38.80507	654.72518
38.81807	642.46524
38.83107	631.26169
38.84407	621.14769
38.85707	612.38967
38.87007	604.80390
38.88307	598.33759
38.89607	592.91720
38.90907	588.55661
38.92207	585.29534
38.93507	582.91818
38.94807	581.33739
38.96107	580.50701
38.97407	580.49050
38.98707	581.24455
39.00007	582.71640
39.01307	584.88962
39.02607	587.81843
39.03907	591.64553
39.05207	596.44867
39.06507	602.18515
39.07807	608.97033
39.09107	617.04703
39.10407	626.84154
39.11707	638.23829
39.13007	651.43885
39.14307	666.78879
39.15607	685.34014
39.16907	706.69937
39.18207	730.96334
39.19507	758.45286
39.20807	789.43239
39.22107	822.34148
39.23407	855.76370
39.24707	888.51896
39.26007	917.50037
39.27307	939.90380
39.28607	956.33748
39.29907	966.59065
39.31207	970.59064
39.32507	970.28238
39.33807	967.44429
39.35107	962.31219
39.36407	955.59235
39.37707	947.26461
39.39007	938.00827
39.40307	928.40535
39.41607	919.02333
39.42907	910.70049
39.44207	903.39472
39.45507	896.69740
39.46807	889.59559
39.48107	880.82301
39.49407	870.18442
39.50707	857.35596
39.52007	842.42225
39.53307	825.93562
39.54607	809.66111
39.55907	793.69096
39.57207	778.13306
39.58507	762.50446
39.59807	746.57948
39.61107	730.21013
39.62407	713.49551
39.63707	696.89815
39.65007	681.22450
39.66307	666.70385
39.67607	653.61334
39.68907	642.43876
39.70207	633.00430
39.71507	624.96458
39.72807	618.20470
39.74107	612.83093
39.75407	608.63694
39.76707	605.40708
39.78007	603.10855
39.79307	601.90564
39.80607	601.86779
39.81907	602.82085
39.83207	604.78394
39.84507	607.86132
39.85807	612.47625
39.87107	618.33094
39.88407	625.44093
39.89707	633.81764
39.91007	643.58412
39.92307	653.96805
39.93607	664.30872
39.94907	674.00401
39.96207	681.97441
39.97507	686.87936
39.98807	689.31317
40.00107	689.54373
40.01407	688.02725
40.02707	685.24939
40.04007	682.28220
40.05307	679.18211
40.06607	676.09260
40.07907	672.53356
40.09207	668.55779
40.10507	664.54301
40.11807	660.92170
40.13107	658.07722
40.14407	656.63511
40.15707	656.88371
40.17007	659.18210
40.18307	663.81154
40.19607	670.97460
40.20907	680.32647
40.22207	692.01058
40.23507	706.30316
40.24807	722.46272
40.26107	739.85294
40.27407	758.04688
40.28707	775.68700
40.30007	791.25301
40.31307	803.87734
40.32607	812.76331
40.33907	815.46171
40.35207	813.96589
40.36507	809.51798
40.37807	802.80583
40.39107	794.62613
40.40407	785.69535
40.41707	776.05566
40.43007	765.80537
40.44307	754.60819
40.45607	742.54640
40.46907	730.60565
40.48207	719.47220
40.49507	709.88198
40.50807	702.69590
40.52107	697.85719
40.53407	695.63069
40.54707	696.28719
40.56007	699.61129
40.57307	704.74172
40.58607	711.21923
40.59907	717.61381
40.61207	723.04470
40.62507	726.69697
40.63807	727.85171
40.65107	724.92134
40.66407	720.10911
40.67707	713.92145
40.69007	706.80947
40.70307	699.14858
40.71607	691.18945
40.72907	682.79231
40.74207	673.75773
40.75507	663.63407
40.76807	652.97563
40.78107	642.23699
40.79407	631.68014
40.80707	621.86268
40.82007	613.10149
40.83307	605.33759
40.84607	598.56095
40.85907	592.95394
40.87207	588.37911
40.88507	584.56904
40.89807	581.47577
40.91107	579.10873
40.92407	577.42526
40.93707	576.23140
40.95007	575.51779
40.96307	575.28243
40.97607	575.57783
40.98907	576.29466
41.00207	577.43891
41.01507	579.01921
41.02807	581.12829
41.04107	583.69000
41.05407	586.72584
41.06707	590.25941
41.08007	594.42748
41.09307	599.19792
41.10607	604.57529
41.11907	610.63317
41.13207	617.54667
41.14507	625.43915
41.15807	634.32026
41.17107	644.37056
41.18407	655.86102
41.19707	669.25849
41.21007	684.45406
41.22307	701.76405
41.23607	721.45175
41.24907	744.39702
41.26207	769.87944
41.27507	797.97220
41.28807	828.43116
41.30107	860.33739
41.31407	891.72412
41.32707	921.77584
41.34007	949.32828
41.35307	971.32218
41.36607	988.69677
41.37907	1003.67093
41.39207	1017.39333
41.40507	1030.49999
41.41807	1044.84235
41.43107	1061.35942
41.44407	1079.80006
41.45707	1098.40040
41.47007	1115.83148
41.48307	1131.30246
41.49607	1142.14192
41.50907	1148.12048
41.52207	1149.55244
41.53507	1145.64351
41.54807	1136.38836
41.56107	1124.65770
41.57407	1112.17654
41.58707	1099.08767
41.60007	1085.36646
41.61307	1071.67330
41.62607	1058.56886
41.63907	1045.38009
41.65207	1031.84436
41.66507	1019.44135
41.67807	1008.52476
41.69107	999.34326
41.70407	993.39557
41.71707	991.58507
41.73007	994.55575
41.74307	1002.26996
41.75607	1015.36249
41.76907	1034.27208
41.78207	1057.20994
41.79507	1082.03588
41.80807	1107.49226
41.82107	1131.50037
41.83407	1150.26339
41.84707	1162.91107
41.86007	1170.19921
41.87307	1171.61908
41.88607	1167.00624
41.89907	1158.96051
41.91207	1148.38688
41.92507	1135.55741
41.93807	1119.99060
41.95107	1102.15898
41.96407	1083.04888
41.97707	1062.85361
41.99007	1041.62490
42.00307	1021.05809
42.01607	1002.12617
42.02907	985.22336
42.04207	970.99252
42.05507	960.91720
42.06807	954.89621
42.08107	952.74517
42.09407	954.41215
42.10707	960.46645
42.12007	969.66855
42.13307	981.40661
42.14607	994.78014
42.15907	1008.40497
42.17207	1020.90886
42.18507	1033.55094
42.19807	1045.71131
42.21107	1057.41695
42.22407	1069.60431
42.23707	1082.74075
42.25007	1095.04519
42.26307	1105.49377
42.27607	1112.40403
42.28907	1113.02415
42.30207	1107.87084
42.31507	1098.26500
42.32807	1085.33895
42.34107	1070.74418
42.35407	1056.41387
42.36707	1043.06602
42.38007	1031.37383
42.39307	1021.19740
42.40607	1011.33523
42.41907	1001.92760
42.43207	993.03634
42.44507	983.52994
42.45807	973.45706
42.47107	962.77000
42.48407	951.29185
42.49707	938.01332
42.51007	925.30384
42.52307	913.45437
42.53607	902.78238
42.54907	893.75470
42.56207	886.79376
42.57507	881.31293
42.58807	876.72251
42.60107	872.28995
42.61407	868.13283
42.62707	863.78361
42.64007	859.37562
42.65307	855.34749
42.66607	852.28894
42.67907	850.15287
42.69207	849.44644
42.70507	850.17072
42.71807	852.04851
42.73107	854.42821
42.74407	855.94029
42.75707	855.99009
42.77007	854.99828
42.78307	853.03528
42.79607	850.38179
42.80907	847.92316
42.82207	846.77820
42.83507	847.27907
42.84807	849.82313
42.86107	854.15132
42.87407	860.43062
42.88707	869.18465
42.90007	881.04078
42.91307	896.15406
42.92607	915.17790
42.93907	939.50890
42.95207	969.73448
42.96507	1005.72082
42.97807	1047.35859
42.99107	1094.79635
43.00407	1146.66581
43.01707	1199.78648
43.03007	1252.03424
43.04307	1299.99657
43.05607	1338.88766
43.06907	1365.42814
43.08207	1381.06929
43.09507	1384.87639
43.10807	1377.13160
43.12107	1361.31624
43.13407	1340.11502
43.14707	1314.49816
43.16007	1284.79124
43.17307	1250.66797
43.18607	1212.57344
43.19907	1171.00527
43.21207	1125.92634
43.22507	1078.92615
43.23807	1031.97204
43.25107	985.92957
43.26407	942.10078
43.27707	901.62772
43.29007	864.97775
43.30307	831.69360
43.31607	802.04850
43.32907	776.19925
43.34207	753.75083
43.35507	734.01826
43.36807	716.75143
43.38107	701.98919
43.39407	689.34029
43.40707	678.38925
43.42007	668.91584
43.43307	660.90250
43.44607	654.20328
43.45907	648.66066
43.47207	644.11224
43.48507	640.51774
43.49807	637.84060
43.51107	636.05651
43.52407	635.06300
43.53707	634.79532
43.55007	635.23037
43.56307	636.38945
43.57607	638.39633
43.58907	641.18729
43.60207	644.84883
43.61507	649.45169
43.62807	655.43712
43.64107	662.56415
43.65407	670.83765
43.66707	680.22693
43.68007	690.81573
43.69307	702.02427
43.70607	713.35065
43.71907	724.39673
43.73207	734.38981
43.74507	742.56921
43.75807	749.20907
43.77107	754.47706
43.78407	758.62547
43.79707	762.19809
43.81007	766.04749
43.82307	770.40898
43.83607	775.53390
43.84907	781.74542
43.86207	789.07161
43.87507	797.59589
43.88807	807.55821
43.90107	819.68545
43.91407	834.31992
43.92707	851.11157
43.94007	869.89189
43.95307	890.73708
43.96607	911.84463
43.97907	931.89234
43.99207	950.12881
44.00507	965.92678
44.01807	976.77560
44.03107	984.56822
44.04407	989.66820
44.05707	991.72036
44.07007	990.45626
44.08307	986.45135
44.09607	979.46260
44.10907	969.29024
44.12207	955.53611
44.13507	939.14050
44.14807	921.13770
44.16107	902.14916
44.17407	882.36165
44.18707	862.86623
44.20007	843.77718
44.21307	825.05261
44.22607	806.62519
44.23907	789.32233
44.25207	772.85603
44.26507	757.21636
44.27807	742.82626
44.29107	730.21037
44.30407	719.21439
44.31707	709.82427
44.33007	702.10135
44.34307	696.24732
44.35607	691.91202
44.36907	688.98334
44.38207	687.36260
44.39507	687.34175
44.40807	688.77485
44.42107	691.56383
44.43407	695.81925
44.44707	701.61249
44.46007	708.93157
44.47307	717.44208
44.48607	727.49812
44.49907	738.96977
44.51207	752.00881
44.52507	766.31644
44.53807	781.82751
44.55107	798.08878
44.56407	815.31306
44.57707	832.80540
44.59007	849.84287
44.60307	865.88675
44.61607	881.16410
44.62907	894.57955
44.64207	905.62115
44.65507	914.02240
44.66807	918.97777
44.68107	919.53432
44.69407	917.41250
44.70707	913.19157
44.72007	907.34440
44.73307	900.43001
44.74607	893.17657
44.75907	886.00380
44.77207	878.91427
44.78507	871.37141
44.79807	863.66660
44.81107	856.46100
44.82407	849.72970
44.83707	843.26688
44.85007	837.37188
44.86307	831.64480
44.87607	825.41991
44.88907	819.06384
44.90207	813.12064
44.91507	807.43644
44.92807	802.28530
44.94107	798.16491
44.95407	795.12775
44.96707	792.75509
44.98007	789.96937
44.99307	786.25553
45.00607	781.24266
45.01907	774.71814
45.03207	765.92461
45.04507	756.12473
45.05807	745.88245
45.07107	735.71872
45.08407	725.91854
45.09707	716.85028
45.11007	708.32736
45.12307	700.27493
45.13607	692.43455
45.14907	684.84333
45.16207	677.49250
45.17507	670.53983
45.18807	664.21751
45.20107	658.84172
45.21407	654.41136
45.22707	650.98218
45.24007	648.73376
45.25307	647.70311
45.26607	647.65948
45.27907	648.44449
45.29207	650.25492
45.30507	653.21362
45.31807	657.19061
45.33107	662.18186
45.34407	668.45177
45.35707	676.36324
45.37007	685.72012
45.38307	696.47510
45.39607	708.62334
45.40907	722.53784
45.42207	737.27397
45.43507	752.25264
45.44807	766.99166
45.46107	780.22953
45.47407	790.64623
45.48707	797.94502
45.50007	802.06253
45.51307	802.50952
45.52607	799.71200
45.53907	795.47187
45.55207	790.34762
45.56507	784.81201
45.57807	779.06855
45.59107	773.16350
45.60407	766.96884
45.61707	760.39790
45.63007	753.17100
45.64307	745.88866
45.65607	739.14485
45.66907	733.27508
45.68207	728.67917
45.69507	726.05194
45.70807	725.34441
45.72107	726.49492
45.73407	729.33611
45.74707	733.90250
45.76007	739.78754
45.77307	746.41420
45.78607	753.32951
45.79907	760.14194
45.81207	766.90282
45.82507	773.22000
45.83807	778.91167
45.85107	784.08476
45.86407	788.35788
45.87707	790.91047
45.89007	791.64455
45.90307	790.35691
45.91607	786.57535
45.92907	780.51151
45.94207	773.23894
45.95507	765.26298
45.96807	757.15500
45.98107	749.35594
45.99407	741.97309
46.00707	735.04961
46.02007	728.68711
46.03307	722.71681
46.04607	717.42161
46.05907	713.02718
46.07207	709.68990
46.08507	707.69881
46.09807	706.87472
46.11107	706.98895
46.12407	707.70596
46.13707	708.15344
46.15007	708.16824
46.16307	707.34937
46.17607	705.42027
46.18907	702.15688
46.20207	698.23908
46.21507	693.65811
46.22807	688.73818
46.24107	683.65821
46.25407	678.50895
46.26707	673.18501
46.28007	667.63770
46.29307	661.70399
46.30607	655.52634
46.31907	649.24559
46.33207	642.96160
46.34507	636.95275
46.35807	631.50333
46.37107	626.72026
46.38407	622.70540
46.39707	619.56146
46.41007	617.31304
46.42307	615.83371
46.43607	614.95397
46.44907	614.60059
46.46207	614.73274
46.47507	615.16833
46.48807	615.63926
46.50107	616.37012
46.51407	617.53221
46.52707	619.08408
46.54007	621.07495
46.55307	623.73183
46.56607	627.34861
46.57907	631.76013
46.59207	636.97626
46.60507	642.96551
46.61807	650.18256
46.63107	658.19757
46.64407	666.86604
46.65707	676.06091
46.67007	685.42208
46.68307	694.13548
46.69607	701.72316
46.70907	707.81526
46.72207	711.45339
46.73507	712.48840
46.74807	711.81729
46.76107	709.82142
46.77407	706.88255
46.78707	703.60361
46.80007	700.35590
46.81307	697.11990
46.82607	693.83170
46.83907	689.88128
46.85207	685.27243
46.86507	680.04231
46.87807	674.23073
46.89107	667.85851
46.90407	661.43280
46.91707	655.35236
46.93007	649.84524
46.94307	645.17781
46.95607	641.54742
46.96907	638.95624
46.98207	637.33269
46.99507	636.57399
47.00807	636.57972
47.02107	637.22111
47.03407	638.19544
47.04707	639.40866
47.06007	640.95144
47.07307	642.69185
47.08607	644.50730
47.09907	646.49540
47.11207	648.74647
47.12507	651.01914
47.13807	653.52817
47.15107	656.45012
47.16407	659.89285
47.17707	663.93573
47.19007	668.90623
47.20307	675.02133
47.21607	682.27314
47.22907	690.61491
47.24207	699.99466
47.25507	710.38294
47.26807	721.22758
47.28107	732.08845
47.29407	742.59848
47.30707	751.58221
47.32007	758.76117
47.33307	764.12622
47.34607	767.64092
47.35907	768.87646
47.37207	768.54859
47.38507	767.09983
47.39807	764.70105
47.41107	761.39046
47.42407	756.93924
47.43707	750.92969
47.45007	743.87036
47.46307	735.83881
47.47607	726.67633
47.48907	717.03558
47.50207	707.40600
47.51507	697.92840
47.52807	688.82864
47.54107	680.22121
47.55407	672.03603
47.56707	664.18291
47.58007	656.74810
47.59307	649.91086
47.60607	643.69720
47.61907	638.14974
47.63207	633.38014
47.64507	629.62311
47.65807	626.90634
47.67107	625.09455
47.68407	623.98257
47.69707	623.50001
47.71007	623.50659
47.72307	623.54679
47.73607	623.39618
47.74907	623.01551
47.76207	622.34112
47.77507	621.00585
47.78807	619.48124
47.80107	617.92460
47.81407	616.52277
47.82707	615.43105
47.84007	614.75591
47.85307	614.49853
47.86607	614.68922
47.87907	615.25829
47.89207	616.03796
47.90507	617.04288
47.91807	618.28713
47.93107	619.61681
47.94407	620.93372
47.95707	622.17654
47.97007	623.27222
47.98307	623.74891
47.99607	623.97367
48.00907	623.97204
48.02207	623.85744
48.03507	623.78877
48.04807	624.12182
48.06107	624.86164
48.07407	626.07300
48.08707	627.88994
48.10007	630.20102
48.11307	632.97813
48.12607	636.23567
48.13907	640.14495
48.15207	644.88394
48.16507	650.46344
48.17807	656.95495
48.19107	664.55741
48.20407	673.44543
48.21707	683.22136
48.23007	693.76551
48.24307	704.96537
48.25607	716.45197
48.26907	727.76137
48.28207	738.60916
48.29507	748.74456
48.30807	757.41837
48.32107	764.16828
48.33407	769.13154
48.34707	772.29563
48.36007	773.64321
48.37307	772.98290
48.38607	771.25740
48.39907	768.75191
48.41207	765.91057
48.42507	762.63677
48.43807	759.31461
48.45107	756.06138
48.46407	753.23218
48.47707	750.65557
48.49007	748.58478
48.50307	747.26348
48.51607	747.15867
48.52907	748.36433
48.54207	751.06029
48.55507	755.21850
48.56807	760.99093
48.58107	768.24676
48.59407	776.96963
48.60707	786.82692
48.62007	797.72398
48.63307	809.34353
48.64607	821.33822
48.65907	833.23759
48.67207	844.60811
48.68507	853.54626
48.69807	860.18748
48.71107	864.53243
48.72407	866.55390
48.73707	865.83864
48.75007	863.90429
48.76307	861.61864
48.77607	859.34386
48.78907	857.27801
48.80207	855.16813
48.81507	852.75630
48.82807	849.74457
48.84107	844.97871
48.85407	838.52695
48.86707	830.85834
48.88007	822.41590
48.89307	813.13172
48.90607	804.50385
48.91907	796.86045
48.93207	790.73179
48.94507	786.19804
48.95807	783.59407
48.97107	782.52174
48.98407	782.88024
48.99707	784.47841
49.01007	787.16122
49.02307	790.82515
49.03607	795.10357
49.04907	800.08546
49.06207	805.46170
49.07507	810.98059
49.08807	816.14694
49.10107	820.15700
49.11407	822.70575
49.12707	824.10789
49.14007	824.31217
49.15307	823.29285
49.16607	821.59463
49.17907	820.05097
49.19207	818.62493
49.20507	817.29500
49.21807	815.84642
49.23107	813.81922
49.24407	810.41641
49.25707	805.71465
49.27007	799.46830
49.28307	791.85320
49.29607	783.19736
49.30907	774.46056
49.32207	766.16667
49.33507	758.84951
49.34807	752.61164
49.36107	747.63575
49.37407	743.93725
49.38707	741.58325
49.40007	740.23252
49.41307	739.84093
49.42607	740.67506
49.43907	742.66796
49.45207	745.74247
49.46507	749.99335
49.47807	755.27299
49.49107	761.26316
49.50407	767.87879
49.51707	774.95156
49.53007	782.07529
49.54307	789.16280
49.55607	796.34230
49.56907	803.66076
49.58207	811.67013
49.59507	820.04313
49.60807	828.89944
49.62107	838.54331
49.63407	849.31012
49.64707	860.38151
49.66007	871.46904
49.67307	882.30753
49.68607	891.74838
49.69907	898.57808
49.71207	902.72663
49.72507	903.87130
49.73807	901.14805
49.75107	895.12670
49.76407	887.25112
49.77707	877.99218
49.79007	867.84207
49.80307	857.48449
49.81607	847.07055
49.82907	836.43706
49.84207	825.38638
49.85507	813.26124
49.86807	800.28894
49.88107	786.70464
49.89407	772.64041
49.90707	758.49166
49.92007	744.94853
49.93307	732.28376
49.94607	720.68536
49.95907	710.62590
49.97207	702.04634
49.98507	694.83898
49.99807	689.06160
50.01107	684.89162
50.02407	682.19720
50.03707	680.92663
50.05007	681.08253
50.06307	682.72255
50.07607	685.80799
50.08907	690.30787
50.10207	696.03104
50.11507	702.89410
50.12807	711.03995
50.14107	720.47464
50.15407	731.14188
50.16707	743.04802
50.18007	756.69801
50.19307	772.09244
50.20607	789.13547
50.21907	807.69886
50.23207	827.87570
50.24507	849.15795
50.25807	870.44591
50.27107	891.63634
50.28407	912.22262
50.29707	931.58575
50.31007	948.81730
50.32307	964.29151
50.33607	976.99961
50.34907	986.34551
50.36207	993.05051
50.37507	997.34815
50.38807	999.12532
50.40107	998.49279
50.41407	996.68780
50.42707	993.78502
50.44007	989.93641
50.45307	985.16602
50.46607	979.62200
50.47907	973.14364
50.49207	965.65327
50.50507	957.21546
50.51807	947.95001
50.53107	937.93810
50.54407	927.28469
50.55707	916.10484
50.57007	904.33929
50.58307	891.43824
50.59607	878.17827
50.60907	864.81639
50.62207	851.67107
50.63507	838.66664
50.64807	825.93534
50.66107	813.59820
50.67407	801.77438
50.68707	790.06202
50.70007	778.35269
50.71307	766.95593
50.72607	756.05550
50.73907	745.59404
50.75207	735.90096
50.76507	727.22411
50.77807	719.50452
50.79107	712.76854
50.80407	706.96310
50.81707	701.88026
50.83007	697.43279
50.84307	693.46618
50.85607	690.03437
50.86907	686.96730
50.88207	684.29958
50.89507	682.03378
50.90807	680.29169
50.92107	679.00220
50.93407	677.91800
50.94707	676.83601
50.96007	675.62257
50.97307	674.12072
50.98607	671.94093
50.99907	668.99648
51.01207	665.66150
51.02507	662.12739
51.03807	658.53932
51.05107	655.15336
51.06407	652.22665
51.07707	649.80530
51.09007	647.83595
51.10307	646.27485
51.11607	645.05661
51.12907	644.13209
51.14207	643.37560
51.15507	642.79478
51.16807	642.45387
51.18107	642.27431
51.19407	642.13665
51.20707	641.94344
51.22007	641.27289
51.23307	640.08342
51.24607	638.29433
51.25907	635.86671
51.27207	632.69631
51.28507	629.21736
51.29807	625.62914
51.31107	622.07966
51.32407	618.72174
51.33707	615.62689
51.35007	612.76345
51.36307	610.11250
51.37607	607.57804
51.38907	605.10699
51.40207	602.85807
51.41507	600.90650
51.42807	599.35007
51.44107	598.34076
51.45407	598.06269
51.46707	598.49541
51.48007	599.72417
51.49307	601.78903
51.50607	604.52268
51.51907	607.76668
51.53207	611.60069
51.54507	615.90641
51.55807	620.35889
51.57107	625.02217
51.58407	630.12346
51.59707	635.70762
51.61007	641.67430
51.62307	648.12002
51.63607	655.02704
51.64907	662.22821
51.66207	669.37996
51.67507	676.18116
51.68807	682.35569
51.70107	687.13302
51.71407	690.51720
51.72707	692.60760
51.74007	693.57552
51.75307	693.40193
51.76607	692.69925
51.77907	692.07000
51.79207	691.78811
51.80507	691.96006
51.81807	692.80533
51.83107	694.34207
51.84407	696.48059
51.85707	699.03564
51.87007	701.93403
51.88307	705.30624
51.89607	708.99993
51.90907	712.84929
51.92207	716.99012
51.93507	721.38307
51.94807	725.49312
51.96107	729.05488
51.97407	732.09113
51.98707	733.91766
52.00007	734.42657
52.01307	733.71498
52.02607	731.99296
52.03907	729.18554
52.05207	725.89966
52.06507	722.48098
52.07807	719.21424
52.09107	716.33748
52.10407	713.85955
52.11707	711.67857
52.13007	709.87644
52.14307	708.52048
52.15607	707.28666
52.16907	706.33030
52.18207	705.80045
52.19507	705.90137
52.20807	706.47665
52.22107	707.50093
52.23407	708.93369
52.24707	710.33267
52.26007	711.49831
52.27307	712.28135
52.28607	712.49642
52.29907	711.61745
52.31207	710.01086
52.32507	708.01141
52.33807	705.59975
52.35107	702.75881
52.36407	699.58274
52.37707	696.17027
52.39007	692.36626
52.40307	687.97653
52.41607	682.87043
52.42907	677.37022
52.44207	671.55369
52.45507	665.52162
52.46807	659.44607
52.48107	653.66158
52.49407	648.22746
52.50707	643.20564
52.52007	638.69215
52.53307	634.82390
52.54607	631.57936
52.55907	628.99122
52.57207	627.21725
52.58507	626.49493
52.59807	626.71132
52.61107	627.84169
52.62407	629.94686
52.63707	633.12232
52.65007	637.13793
52.66307	641.76650
52.67607	646.88171
52.68907	652.18334
52.70207	657.13155
52.71507	661.41107
52.72807	664.78700
52.74107	666.93291
52.75407	667.19259
52.76707	666.16724
52.78007	664.14044
52.79307	661.36293
52.80607	658.01968
52.81907	654.65511
52.83207	651.44185
52.84507	648.44030
52.85807	645.58455
52.87107	642.79557
52.88407	640.02095
52.89707	637.22492
52.91007	634.38000
52.92307	631.59038
52.93607	629.00471
52.94907	626.67334
52.96207	624.62422
52.97507	622.96028
52.98807	621.36521
53.00107	619.75344
53.01407	618.05632
53.02707	616.20538
53.04007	614.06873
53.05307	611.80456
53.06607	609.55997
53.07907	607.50081
53.09207	605.76284
53.10507	604.34234
53.11807	603.22625
53.13107	602.42227
53.14407	601.76108
53.15707	600.98978
53.17007	600.03541
53.18307	598.73809
53.19607	596.77403
53.20907	594.29457
53.22207	591.33538
53.23507	587.90694
53.24807	584.00598
53.26107	580.10341
53.27407	576.26774
53.28707	572.61247
53.30007	569.24071
53.31307	566.26335
53.32607	563.60479
53.33907	561.21641
53.35207	559.00292
53.36507	556.96690
53.37807	555.06521
53.39107	553.26089
53.40407	551.51160
53.41707	549.90392
53.43007	548.45266
53.44307	547.14194
53.45607	545.93670
53.46907	544.89270
53.48207	544.06719
53.49507	543.45361
53.50807	543.10627
53.52107	543.10054
53.53407	543.49056
53.54707	544.25926
53.56007	545.44823
53.57307	547.07121
53.58607	549.18942
53.59907	551.76606
53.61207	554.85210
53.62507	558.47780
53.63807	562.78379
53.65107	567.83719
53.66407	573.70589
53.67707	580.46574
53.69007	588.28963
53.70307	597.28798
53.71607	607.42362
53.72907	618.71070
53.74207	631.13850
53.75507	644.66722
53.76807	658.79040
53.78107	673.26245
53.79407	687.64391
53.80707	700.97203
53.82007	712.71416
53.83307	722.38832
53.84607	729.70329
53.85907	734.05083
53.87207	735.88390
53.88507	735.70825
53.89807	733.94277
53.91107	731.13860
53.92407	727.76477
53.93707	724.08748
53.95007	720.17112
53.96307	715.98828
53.97607	711.17713
53.98907	705.74646
54.00207	699.55071
54.01507	692.58134
54.02807	684.82992
54.04107	676.70029
54.05407	668.34878
54.06707	659.94397
54.08007	651.85037
54.09307	644.34180
54.10607	637.52214
54.11907	631.42908
54.13207	626.17932
54.14507	621.88602
54.15807	618.35147
54.17107	615.50004
54.18407	613.18403
54.19707	611.38859
54.21007	609.75829
54.22307	608.38703
54.23607	607.18849
54.24907	606.26600
54.26207	605.60878
54.27507	605.45525
54.28807	605.83913
54.30107	606.85763
54.31407	608.62878
54.32707	611.18844
54.34007	614.50844
54.35307	618.57408
54.36607	623.39522
54.37907	629.01752
54.39207	635.43128
54.40507	642.58527
54.41807	650.46224
54.43107	659.19649
54.44407	668.90055
54.45707	679.50339
54.47007	691.05564
54.48307	703.76857
54.49607	717.90781
54.50907	733.24929
54.52207	749.76242
54.53507	767.51773
54.54807	786.25283
54.56107	805.37816
54.57407	824.69069
54.58707	843.95566
54.60007	862.58040
54.61307	879.93296
54.62607	896.41789
54.63907	911.84661
54.65207	925.27867
54.66507	936.96933
54.67807	947.35029
54.69107	956.27825
54.70407	963.03458
54.71707	968.63651
54.73007	973.56650
54.74307	977.87770
54.75607	981.62292
54.76907	985.19517
54.78207	988.43659
54.79507	990.95064
54.80807	992.60215
54.82107	993.46050
54.83407	993.39649
54.84707	991.94903
54.86007	989.89228
54.87307	987.56044
54.88607	985.40981
54.89907	983.27914
54.91207	981.36827
54.92507	979.30713
54.93807	976.72534
54.95107	973.18642
54.96407	968.34650
54.97707	961.78083
54.99007	953.27305
55.00307	943.24353
55.01607	932.17731
55.02907	920.44477
55.04207	908.31511
55.05507	896.43113
55.06807	885.26932
55.08107	874.85420
55.09407	865.09974
55.10707	856.05281
55.12007	848.00718
55.13307	840.95663
55.14607	834.70646
55.15907	829.47665
55.17207	825.63565
55.18507	823.56102
55.19807	823.10023
55.21107	824.32944
55.22407	827.19532
55.23707	831.46435
55.25007	836.59617
55.26307	842.15894
55.27607	847.52203
55.28907	851.69655
55.30207	853.98341
55.31507	854.80906
55.32807	854.06276
55.34107	851.76620
55.35407	848.11104
55.36707	844.22795
55.38007	840.23925
55.39307	836.26380
55.40607	832.18670
55.41907	827.76444
55.43207	822.49836
55.44507	816.17989
55.45807	808.21964
55.47107	798.45493
55.48407	787.31078
55.49707	775.23465
55.51007	762.52837
55.52307	749.76109
55.53607	737.46673
55.54907	725.97572
55.56207	715.37189
55.57507	705.93282
55.58807	697.48489
55.60107	690.01304
55.61407	683.43660
55.62707	677.73580
55.64007	672.91648
55.65307	668.92019
55.66607	665.64801
55.67907	662.98894
55.69207	660.97854
55.70507	659.21910
55.71807	657.26688
55.73107	655.10207
55.74407	652.82933
55.75707	650.12703
55.77007	646.78437
55.78307	643.30200
55.79607	639.92124
55.80907	636.69396
55.82207	633.67533
55.83507	630.99364
55.84807	628.60562
55.86107	626.48975
55.87407	624.39578
55.88707	622.23435
55.90007	619.86303
55.91307	617.44143
55.92607	614.95520
55.93907	612.57331
55.95207	610.45093
55.96507	608.84907
55.97807	607.98777
55.99107	607.97461
56.00407	608.82732
56.01707	610.51642
56.03007	613.13159
56.04307	616.51561
56.05607	620.41141
56.06907	624.62756
56.08207	628.89490
56.09507	632.90391
56.10807	636.32040
56.12107	638.98164
56.13407	640.57314
56.14707	640.82535
56.16007	639.96944
56.17307	638.08996
56.18607	635.41176
56.19907	632.07035
56.21207	628.43204
56.22507	624.62393
56.23807	620.85792
56.25107	617.12695
56.26407	613.37337
56.27707	609.57119
56.29007	605.71789
56.30307	601.68463
56.31607	597.41680
56.32907	593.03319
56.34207	588.54198
56.35507	583.96225
56.36807	579.44463
56.38107	575.04216
56.39407	570.78184
56.40707	566.62149
56.42007	562.77270
56.43307	559.26495
56.44607	556.08887
56.45907	553.20709
56.47207	550.69553
56.48507	548.56224
56.49807	546.69279
56.51107	545.02874
56.52407	543.56386
56.53707	542.32680
56.55007	541.30033
56.56307	540.47366
56.57607	539.89908
56.58907	539.66353
56.60207	539.80999
56.61507	540.35072
56.62807	541.28871
56.64107	542.63000
56.65407	544.39577
56.66707	546.55516
56.68007	549.06066
56.69307	551.88095
56.70607	555.05395
56.71907	558.49070
56.73207	562.12060
56.74507	565.85270
56.75807	569.56747
56.77107	572.96802
56.78407	576.08960
56.79707	578.81471
56.81007	581.03783
56.82307	582.68348
56.83607	583.99234
56.84907	585.00336
56.86207	585.75870
56.87507	586.34442
56.88807	586.78774
56.90107	586.97436
56.91407	586.88433
56.92707	586.43024
56.94007	585.52005
56.95307	584.10741
56.96607	582.31255
56.97907	580.12255
56.99207	577.73005
57.00507	575.27927
57.01807	572.90253
57.03107	570.65348
57.04407	568.70160
57.05707	566.97997
57.07007	565.50167
57.08307	564.21658
57.09607	563.06708
57.10907	561.89551
57.12207	560.72636
57.13507	559.53884
57.14807	558.31656
57.16107	557.07940
57.17407	555.95395
57.18707	554.98603
57.20007	554.31182
57.21307	554.06651
57.22607	554.26443
57.23907	554.91326
57.25207	556.08769
57.26507	557.88921
57.27807	560.23922
57.29107	563.10640
57.30407	566.51009
57.31707	570.55201
57.33007	575.24271
57.34307	580.51176
57.35607	586.38527
57.36907	592.94425
57.38207	600.17428
57.39507	607.82828
57.40807	615.78550
57.42107	623.80949
57.43407	631.45410
57.44707	638.52684
57.46007	644.84879
57.47307	650.13949
57.48607	654.03407
57.49907	656.83993
57.51207	658.83022
57.52507	660.10290
57.53807	660.76235
57.55107	661.09623
57.56407	661.33552
57.57707	661.48992
57.59007	661.50314
57.60307	661.29148
57.61607	660.71375
57.62907	659.70468
57.64207	658.10147
57.65507	655.74746
57.66807	652.79448
57.68107	649.35517
57.69407	645.49328
57.70707	641.34952
57.72007	637.16380
57.73307	633.01484
57.74607	628.98289
57.75907	625.27700
57.77207	621.92318
57.78507	618.82211
57.79807	616.04289
57.81107	613.70847
57.82407	611.80675
57.83707	610.16006
57.85007	608.75526
57.86307	607.49931
57.87607	606.25211
57.88907	604.80016
57.90207	602.98504
57.91507	600.63931
57.92807	597.68322
57.94107	594.17484
57.95407	590.20260
57.96707	585.86653
57.98007	581.37323
57.99307	576.97086
58.00607	572.77617
58.01907	568.84379
58.03207	565.22957
58.04507	561.94926
58.05807	558.93617
58.07107	556.09239
58.08407	553.34500
58.09707	550.67529
58.11007	548.06343
58.12307	545.47690
58.13607	542.93254
58.14907	540.49365
58.16207	538.16043
58.17507	535.97740
58.18807	534.03715
58.20107	532.39827
58.21407	531.10689
58.22707	530.19866
58.24007	529.77346
58.25307	529.83123
58.26607	530.45709
58.27907	531.60598
58.29207	533.28977
58.30507	535.46126
58.31807	538.13008
58.33107	541.20530
58.34407	544.62155
58.35707	548.27924
58.37007	552.05369
58.38307	555.77732
58.39607	559.36607
58.40907	562.69258
58.42207	565.67115
58.43507	568.19718
58.44807	570.54710
58.46107	572.72043
58.47407	574.89859
58.48707	577.21912
58.50007	579.96244
58.51307	583.05111
58.52607	586.49488
58.53907	590.22849
58.55207	594.05447
58.56507	597.73105
58.57807	601.08244
58.59107	603.89596
58.60407	605.85078
58.61707	606.98402
58.63007	607.40386
58.64307	607.21527
58.65607	606.46352
58.66907	605.37473
58.68207	604.23423
58.69507	603.22220
58.70807	602.45033
58.72107	601.89589
58.73407	601.67433
58.74707	601.79117
58.76007	602.17252
58.77307	602.68194
58.78607	603.30624
58.79907	603.90415
58.81207	604.34929
58.82507	604.59828
58.83807	604.60212
58.85107	604.20176
58.86407	603.37791
58.87707	602.29640
58.89007	600.95060
58.90307	599.37057
58.91607	597.64707
58.92907	595.88114
58.94207	593.96045
58.95507	591.91716
58.96807	589.70953
58.98107	587.28781
58.99407	584.52881
59.00707	581.42426
59.02007	578.00835
59.03307	574.40280
59.04607	570.68418
59.05907	566.87008
59.07207	563.14577
59.08507	559.66414
59.09807	556.46363
59.11107	553.53103
59.12407	550.97839
59.13707	548.84248
59.15007	547.06324
59.16307	545.61851
59.17607	544.53083
59.18907	543.78452
59.20207	543.34507
59.21507	543.21146
59.22807	543.38001
59.24107	543.73230
59.25407	544.30339
59.26707	545.09541
59.28007	546.13429
59.29307	547.30558
59.30607	548.54995
59.31907	550.00583
59.33207	551.73861
59.34507	553.75278
59.35807	555.97849
59.37107	558.64268
59.38407	561.78673
59.39707	565.41798
59.41007	569.42233
59.42307	573.86073
59.43607	578.71995
59.44907	583.92295
59.46207	589.25910
59.47507	594.70422
59.48807	600.23994
59.50107	605.61718
59.51407	610.71398
59.52707	615.39363
59.54007	619.43761
59.55307	622.52497
59.56607	624.71411
59.57907	625.90559
59.59207	625.86112
59.60507	624.66116
59.61807	622.62856
59.63107	619.88944
59.64407	616.43362
59.65707	612.58225
59.67007	608.48718
59.68307	604.28482
59.69607	599.97395
59.70907	595.59131
59.72207	591.13645
59.73507	586.70542
59.74807	582.21548
59.76107	577.62604
59.77407	573.00982
59.78707	568.41330
59.80007	563.82666
59.81307	559.23662
59.82607	554.73450
59.83907	550.23841
59.85207	545.72241
59.86507	541.32455
59.87807	537.10542
59.89107	533.03298
59.90407	529.13519
59.91707	525.58185
59.93007	522.36546
59.94307	519.43244
59.95607	516.72920
59.96907	514.15436
59.98207	511.69518
59.99507	509.27228
