1.37503	730.17271
1.38503	727.67926
1.39503	720.54628
1.40503	717.14510
1.41503	715.57095
1.42503	719.23170
1.43503	721.91175
1.44503	725.87127
1.45503	725.02670
1.46503	726.89079
1.47503	730.91857
1.48503	733.91417
1.49503	737.75222
1.50503	738.84036
1.51503	744.59879
1.52503	746.37482
1.53503	750.66670
1.54503	752.46454
1.55503	755.95058
1.56503	757.76090
1.57504	761.45143
1.58504	765.15986
1.59504	766.17020
1.60504	770.04094
1.61504	771.73106
1.62504	778.04804
1.63504	782.19077
1.64504	788.10256
1.65504	791.23636
1.66504	792.66324
1.67504	799.03934
1.68504	808.30678
1.69504	818.38213
1.70504	830.76969
1.71504	845.40083
1.72504	868.26841
1.73504	915.48788
1.74504	1028.07492
1.75504	1274.44659
1.76504	1870.06641
1.77504	3033.26499
1.78504	4844.00055
1.79504	6414.33213
1.80504	6729.22890
1.81504	5698.78304
1.82504	4081.61792
1.83504	2657.33614
1.84504	1727.34975
1.85504	1274.54778
1.86504	1025.96271
1.87504	922.60736
1.88504	873.98128
1.89504	855.39879
1.90504	845.32975
1.91504	840.10235
1.92504	836.13826
1.93504	833.87347
1.94504	832.01814
1.95504	827.26720
1.96504	824.86785
1.97504	826.07680
1.98504	827.65752
1.99504	827.91730
2.00505	831.01986
2.01505	832.79672
2.02505	833.54482
2.03505	834.64119
2.04505	834.52402
2.05505	837.74566
2.06505	834.60936
2.07505	834.55924
2.08505	832.11883
2.09505	835.73606
2.10505	837.76744
2.11505	840.02102
2.12505	838.77928
2.13505	838.09527
2.14505	840.51441
2.15505	842.95654
2.16505	842.99387
2.17505	842.65240
2.18505	842.51074
2.19505	844.31431
2.20505	847.35969
2.21505	847.83150
2.22505	848.25510
2.23505	851.18466
2.24505	852.64490
2.25505	855.54477
2.26505	854.45579
2.27505	853.44465
2.28505	852.43113
2.29505	852.36882
2.30505	854.57629
2.31505	859.41090
2.32505	862.25463
2.33505	860.73167
2.34505	857.52600
2.35505	857.97444
2.36505	860.69253
2.37505	861.18670
2.38505	859.42656
2.39505	860.35314
2.40505	861.63534
2.41505	861.48880
2.42505	861.79404
2.43506	861.28943
2.44506	864.64150
2.45506	868.74261
2.46506	870.58720
2.47506	870.19969
2.48506	870.12069
2.49506	870.31044
2.50506	870.22089
2.51506	869.90849
2.52506	871.75747
2.53506	871.22875
2.54506	872.34596
2.55506	871.57829
2.56506	874.84920
2.57506	877.19695
2.58506	878.37717
2.59506	878.23038
2.60506	876.85624
2.61506	876.94353
2.62506	876.52805
2.63506	877.18707
2.64506	878.94726
2.65506	878.47700
2.66506	878.15541
2.67506	878.57103
2.68506	879.23439
2.69506	879.87428
2.70506	881.70733
2.71506	884.14825
2.72506	883.92959
2.73506	883.56311
2.74506	884.47985
2.75506	886.29529
2.76506	884.98626
2.77506	885.25122
2.78506	884.21755
2.79506	883.09151
2.80506	882.49376
2.81506	882.65646
2.82506	884.63205
2.83506	884.16077
2.84506	885.83228
2.85506	885.71460
2.86507	887.10741
2.87507	885.34703
2.88507	887.50208
2.89507	885.34769
2.90507	888.38738
2.91507	887.99286
2.92507	888.62011
2.93507	889.52398
2.94507	888.49704
2.95507	889.73493
2.96507	889.96694
2.97507	893.78624
2.98507	892.63499
2.99507	892.47116
3.00507	890.01147
3.01507	891.20108
3.02507	893.83584
3.03507	894.26724
3.04507	892.91550
3.05507	890.75503
3.06507	892.29990
3.07507	895.04526
3.08507	896.47616
3.09507	896.33726
3.10507	897.32776
3.11507	893.73965
3.12507	892.16813
3.13507	891.20798
3.14507	892.42468
3.15507	892.41619
3.16507	895.87944
3.17507	897.82466
3.18507	895.84414
3.19507	895.31725
3.20507	894.60141
3.21507	896.67644
3.22507	898.42291
3.23507	900.05276
3.24507	900.10851
3.25507	897.54964
3.26507	896.84431
3.27507	895.86083
3.28507	896.24122
3.29508	895.45581
3.30508	897.89414
3.31508	900.43205
3.32508	901.46482
3.33508	900.23538
3.34508	900.94559
3.35508	901.18586
3.36508	902.76549
3.37508	904.80751
3.38508	906.03157
3.39508	910.44817
3.40508	921.09772
3.41508	942.54053
3.42508	963.54320
3.43508	976.21521
3.44508	969.67631
3.45508	950.43326
3.46508	931.63441
3.47508	917.26264
3.48508	908.93259
3.49508	904.71023
3.50508	902.44134
3.51508	902.31882
3.52508	904.74440
3.53508	908.28818
3.54508	915.87852
3.55508	933.49668
3.56508	980.25064
3.57508	1079.27241
3.58508	1238.98273
3.59508	1429.67198
3.60508	1557.45472
3.61508	1549.40685
3.62508	1422.54123
3.63508	1238.29207
3.64508	1094.15926
3.65508	997.49581
3.66508	946.64824
3.67508	921.78767
3.68508	907.21314
3.69508	901.31313
3.70508	898.53017
3.71508	896.15205
3.72509	894.25216
3.73509	893.98043
3.74509	895.10330
3.75509	894.94708
3.76509	893.00968
3.77509	891.14936
3.78509	889.83488
3.79509	889.48282
3.80509	890.63529
3.81509	891.73837
3.82509	892.34526
3.83509	893.95822
3.84509	896.16531
3.85509	899.10982
3.86509	897.06988
3.87509	897.19938
3.88509	896.70358
3.89509	896.55816
3.90509	895.31590
3.91509	896.20984
3.92509	897.77896
3.93509	898.58943
3.94509	901.57091
3.95509	900.54888
3.96509	901.31357
3.97509	900.61886
3.98509	901.39122
3.99509	900.21283
4.00509	898.75093
4.01509	898.00452
4.02509	897.82728
4.03509	898.73786
4.04509	899.37691
4.05509	900.70416
4.06509	901.11316
4.07509	901.60540
4.08509	902.12727
4.09509	902.86187
4.10509	902.34512
4.11509	903.28365
4.12509	904.90578
4.13509	906.34579
4.14509	908.01226
4.15510	905.34707
4.16510	902.44958
4.17510	900.00698
4.18510	901.84294
4.19510	900.44416
4.20510	900.43179
4.21510	900.59825
4.22510	902.73009
4.23510	902.36248
4.24510	903.07743
4.25510	901.96222
4.26510	902.11897
4.27510	902.22655
4.28510	901.49284
4.29510	901.69325
4.30510	900.72464
4.31510	901.97601
4.32510	902.01059
4.33510	902.96894
4.34510	903.98152
4.35510	902.20410
4.36510	900.88723
4.37510	899.18263
4.38510	900.28737
4.39510	899.78171
4.40510	899.58552
4.41510	899.17364
4.42510	899.49552
4.43510	900.26567
4.44510	901.38344
4.45510	902.54056
4.46510	900.91009
4.47510	901.50165
4.48510	899.85976
4.49510	899.63819
4.50510	898.56482
4.51510	900.67207
4.52510	900.09779
4.53510	898.76482
4.54510	898.24514
4.55510	900.22272
4.56510	902.03198
4.57510	902.29158
4.58511	905.14407
4.59511	906.34251
4.60511	909.32735
4.61511	907.44738
4.62511	903.41411
4.63511	900.08782
4.64511	899.50653
4.65511	900.03703
4.66511	899.07983
4.67511	897.69144
4.68511	895.50254
4.69511	896.14481
4.70511	897.97669
4.71511	900.56009
4.72511	901.98343
4.73511	900.70876
4.74511	899.13881
4.75511	896.49177
4.76511	896.00425
4.77511	896.68769
4.78511	897.53792
4.79511	897.78923
4.80511	899.09428
4.81511	899.66285
4.82511	899.84017
4.83511	898.67518
4.84511	896.73568
4.85511	896.07636
4.86511	895.93317
4.87511	896.68857
4.88511	895.60329
4.89511	895.24493
4.90511	897.46104
4.91511	899.10351
4.92511	897.67834
4.93511	895.28376
4.94511	894.70176
4.95511	894.56486
4.96511	894.39305
4.97511	893.97683
4.98511	892.33918
4.99511	891.84959
5.00511	891.78176
5.01512	890.67109
5.02512	889.12750
5.03512	889.94513
5.04512	891.57331
5.05512	892.20017
5.06512	891.30102
5.07512	891.82625
5.08512	891.80292
5.09512	892.21860
5.10512	891.59926
5.11512	892.31374
5.12512	894.16201
5.13512	896.08894
5.14512	895.01066
5.15512	892.73809
5.16512	891.98967
5.17512	891.64594
5.18512	892.26221
5.19512	892.25713
5.20512	892.68507
5.21512	891.01477
5.22512	887.85305
5.23512	886.75681
5.24512	888.70514
5.25512	890.61378
5.26512	890.10449
5.27512	890.27688
5.28512	890.04854
5.29512	890.59331
5.30512	890.20442
5.31512	889.74125
5.32512	890.74764
5.33512	893.69800
5.34512	896.83502
5.35512	899.52175
5.36512	906.24833
5.37512	921.96376
5.38512	955.03516
5.39512	1006.30220
5.40512	1070.56491
5.41512	1110.08059
5.42512	1097.03395
5.43512	1045.76037
5.44513	987.51026
5.45513	941.57030
5.46513	915.07706
5.47513	902.82210
5.48513	897.58716
5.49513	897.69211
5.50513	896.05242
5.51513	895.75458
5.52513	897.77866
5.53513	900.47457
5.54513	902.44453
5.55513	902.94631
5.56513	904.18390
5.57513	905.31008
5.58513	904.24348
5.59513	902.03743
5.60513	899.35453
5.61513	899.35242
5.62513	900.10585
5.63513	900.18851
5.64513	897.69199
5.65513	894.56360
5.66513	891.87553
5.67513	889.95578
5.68513	887.73587
5.69513	885.88175
5.70513	883.86762
5.71513	883.61399
5.72513	881.69200
5.73513	880.99025
5.74513	878.87729
5.75513	878.93050
5.76513	879.44547
5.77513	879.27118
5.78513	879.30602
5.79513	878.92987
5.80513	879.26083
5.81513	878.80516
5.82513	878.96736
5.83513	876.96719
5.84513	879.23066
5.85513	878.34269
5.86513	878.31285
5.87514	877.36679
5.88514	878.18853
5.89514	877.53876
5.90514	877.25506
5.91514	876.39969
5.92514	878.03262
5.93514	878.08164
5.94514	874.53065
5.95514	873.89770
5.96514	874.76059
5.97514	876.73564
5.98514	877.41838
5.99514	876.49798
6.00514	876.76690
6.01514	876.73787
6.02514	876.77601
6.03514	875.19144
6.04514	873.49370
6.05514	872.84714
6.06514	873.34157
6.07514	874.43000
6.08514	873.69320
6.09514	873.72927
6.10514	872.40894
6.11514	873.05464
6.12514	870.55802
6.13514	869.79246
6.14514	869.59215
6.15514	870.37806
6.16514	870.02335
6.17514	869.65701
6.18514	869.04138
6.19514	868.60636
6.20514	868.49909
6.21514	868.28929
6.22514	869.29454
6.23514	870.81642
6.24514	870.91617
6.25514	869.72176
6.26514	869.70151
6.27514	868.89815
6.28514	868.83646
6.29514	866.91505
6.30515	866.46628
6.31515	867.31452
6.32515	868.20385
6.33515	869.42034
6.34515	867.16726
6.35515	865.90624
6.36515	864.40296
6.37515	864.44019
6.38515	864.15289
6.39515	864.66525
6.40515	865.37394
6.41515	864.97638
6.42515	862.95320
6.43515	863.65684
6.44515	864.38149
6.45515	863.73465
6.46515	865.38778
6.47515	866.44765
6.48515	868.25038
6.49515	870.43900
6.50515	876.26091
6.51515	885.92768
6.52515	902.00454
6.53515	922.83599
6.54515	944.03580
6.55515	954.19749
6.56515	948.29264
6.57515	932.16991
6.58515	910.25072
6.59515	891.02408
6.60515	875.87258
6.61515	868.59164
6.62515	864.36105
6.63515	862.85874
6.64515	861.36832
6.65515	859.78325
6.66515	858.62882
6.67515	858.76469
6.68515	859.35369
6.69515	858.02715
6.70515	857.48489
6.71515	856.43873
6.72515	856.14895
6.73516	855.73339
6.74516	856.36616
6.75516	856.42200
6.76516	857.16811
6.77516	858.43647
6.78516	857.90737
6.79516	855.86630
6.80516	854.37776
6.81516	854.37701
6.82516	854.51561
6.83516	854.41419
6.84516	853.34151
6.85516	855.12578
6.86516	858.19023
6.87516	862.75571
6.88516	863.41587
6.89516	861.09928
6.90516	858.96140
6.91516	857.58979
6.92516	860.53043
6.93516	862.91353
6.94516	864.69683
6.95516	865.02260
6.96516	864.44394
6.97516	860.66328
6.98516	857.39711
6.99516	855.07110
7.00516	854.76558
7.01516	853.41215
7.02516	851.75216
7.03516	849.68345
7.04516	847.13926
7.05516	846.85095
7.06516	847.53040
7.07516	849.40136
7.08516	851.31501
7.09516	853.04261
7.10516	854.90407
7.11516	852.61929
7.12516	852.86418
7.13516	854.60147
7.14516	857.96673
7.15516	862.04483
7.16517	870.78621
7.17517	889.93355
7.18517	926.50917
7.19517	988.60474
7.20517	1092.31480
7.21517	1203.91205
7.22517	1286.37678
7.23517	1279.55361
7.24517	1188.94132
7.25517	1075.06479
7.26517	983.59326
7.27517	924.15764
7.28517	891.74649
7.29517	873.14663
7.30517	864.04514
7.31517	857.42107
7.32517	855.47686
7.33517	853.85328
7.34517	853.37535
7.35517	852.67658
7.36517	852.12066
7.37517	850.48556
7.38517	851.58164
7.39517	850.48669
7.40517	851.63330
7.41517	852.82251
7.42517	858.51078
7.43517	868.98880
7.44517	885.53941
7.45517	905.78753
7.46517	930.95992
7.47517	974.81042
7.48517	1051.46330
7.49517	1167.59108
7.50517	1287.22717
7.51517	1352.20372
7.52517	1318.25182
7.53517	1201.91258
7.54517	1086.79959
7.55517	991.99000
7.56517	935.83250
7.57517	906.27370
7.58517	894.85351
7.59518	890.16940
7.60518	884.03401
7.61518	874.70121
7.62518	864.93593
7.63518	859.40016
7.64518	855.25237
7.65518	854.97908
7.66518	856.61375
7.67518	863.07839
7.68518	872.78384
7.69518	893.70753
7.70518	935.29313
7.71518	1016.39654
7.72518	1154.01367
7.73518	1365.53837
7.74518	1573.67399
7.75518	1704.87854
7.76518	1669.58475
7.77518	1486.33964
7.78518	1272.39677
7.79518	1104.16822
7.80518	989.65202
7.81518	925.69925
7.82518	887.93239
7.83518	869.17300
7.84518	857.66846
7.85518	851.43212
7.86518	848.06395
7.87518	847.01000
7.88518	844.56845
7.89518	843.80416
7.90518	842.70591
7.91518	842.38848
7.92518	841.75941
7.93518	842.27152
7.94518	842.19893
7.95518	840.92481
7.96518	840.08616
7.97518	838.92420
7.98518	842.15150
7.99518	845.32771
8.00518	848.10044
8.01518	847.73074
8.02519	847.34171
8.03519	845.33643
8.04519	844.38476
8.05519	842.44528
8.06519	841.49730
8.07519	840.82286
8.08519	842.65004
8.09519	847.01547
8.10519	849.91238
8.11519	857.13102
8.12519	866.02014
8.13519	872.40965
8.14519	870.55250
8.15519	867.18762
8.16519	864.99857
8.17519	864.44482
8.18519	864.56041
8.19519	866.79500
8.20519	875.89660
8.21519	897.03268
8.22519	934.49505
8.23519	1009.61892
8.24519	1153.57908
8.25519	1424.53558
8.26519	1876.65413
8.27519	2411.69098
8.28519	2885.48987
8.29519	3001.26416
8.30519	2743.99667
8.31519	2250.59066
8.32519	1764.34721
8.33519	1398.39924
8.34519	1174.63943
8.35519	1047.04024
8.36519	985.04952
8.37519	947.70015
8.38519	925.43497
8.39519	912.80680
8.40519	918.17097
8.41519	944.71454
8.42519	1006.12771
8.43519	1111.96545
8.44519	1253.61001
8.45520	1387.73238
8.46520	1457.79137
8.47520	1425.14425
8.48520	1309.10306
8.49520	1170.66492
8.50520	1043.65821
8.51520	959.32487
8.52520	908.70364
8.53520	884.04454
8.54520	873.88102
8.55520	876.54541
8.56520	891.34653
8.57520	923.82570
8.58520	973.13640
8.59520	1033.21588
8.60520	1071.42178
8.61520	1079.52003
8.62520	1051.38095
8.63520	1001.76820
8.64520	959.08634
8.65520	932.41845
8.66520	933.87140
8.67520	967.66183
8.68520	1047.16390
8.69520	1186.69976
8.70520	1386.11606
8.71520	1560.62812
8.72520	1642.23767
8.73520	1578.72877
8.74520	1408.68481
8.75520	1240.61675
8.76520	1105.64317
8.77520	1034.03440
8.78520	1015.33158
8.79520	1044.36727
8.80520	1130.79995
8.81520	1286.80978
8.82520	1489.85295
8.83520	1672.89749
8.84520	1720.26905
8.85520	1611.17688
8.86520	1432.07508
8.87520	1231.80225
8.88521	1085.22342
8.89521	985.70386
8.90521	924.20656
8.91521	893.62459
8.92521	877.27926
8.93521	870.00737
8.94521	866.26373
8.95521	862.31681
8.96521	859.56736
8.97521	859.43510
8.98521	862.04191
8.99521	866.33688
9.00521	876.46905
9.01521	891.46516
9.02521	906.86860
9.03521	917.82175
9.04521	921.65353
9.05521	919.21233
9.06521	914.51777
9.07521	916.68276
9.08521	933.22611
9.09521	976.07715
9.10521	1060.44591
9.11521	1230.14514
9.12521	1524.18112
9.13521	2010.39086
9.14521	2563.72749
9.15521	2974.91983
9.16521	3046.09074
9.17521	2747.83714
9.18521	2247.57120
9.19521	1797.02582
9.20521	1440.78120
9.21521	1217.94774
9.22521	1096.82242
9.23521	1045.04701
9.24521	1054.23618
9.25521	1118.87436
9.26521	1246.04651
9.27521	1411.58736
9.28521	1539.21188
9.29521	1575.25130
9.30521	1494.73451
9.31522	1342.80701
9.32522	1192.71942
9.33522	1069.10510
9.34522	987.10693
9.35522	935.63621
9.36522	906.43631
9.37522	891.98995
9.38522	883.70606
9.39522	879.38094
9.40522	877.71881
9.41522	878.05601
9.42522	879.62107
9.43522	883.42865
9.44522	888.76089
9.45522	898.89012
9.46522	914.80562
9.47522	943.56810
9.48522	995.55494
9.49522	1093.02670
9.50522	1277.38324
9.51522	1614.85797
9.52522	2181.35328
9.53522	2957.30551
9.54522	3626.02955
9.55522	3927.81548
9.56522	3669.67955
9.57522	3032.45031
9.58522	2356.56460
9.59522	1804.26480
9.60522	1411.33496
9.61522	1175.87061
9.62522	1046.95745
9.63522	976.66305
9.64522	934.48275
9.65522	910.82001
9.66522	894.66333
9.67522	885.31315
9.68522	880.33603
9.69522	877.43589
9.70522	874.54056
9.71522	875.87350
9.72522	880.24824
9.73522	892.95638
9.74523	917.37372
9.75523	964.22929
9.76523	1035.26335
9.77523	1123.35869
9.78523	1209.91822
9.79523	1292.52898
9.80523	1370.24430
9.81523	1421.53005
9.82523	1413.58636
9.83523	1341.87130
9.84523	1243.31549
9.85523	1140.86656
9.86523	1046.72858
9.87523	976.81936
9.88523	925.99708
9.89523	897.44726
9.90523	882.55229
9.91523	875.39312
9.92523	872.98071
9.93523	873.09721
9.94523	878.73005
9.95523	890.74154
9.96523	914.55178
9.97523	956.52299
9.98523	1028.56446
9.99523	1123.29437
10.00523	1209.49668
10.01523	1250.82152
10.02523	1219.13743
10.03523	1141.04286
10.04523	1055.11499
10.05523	984.43862
10.06523	933.23727
10.07523	900.45073
10.08523	881.54214
10.09523	872.00338
10.10523	867.35627
10.11523	863.83016
10.12523	862.27924
10.13523	862.52374
10.14523	861.79929
10.15523	860.88855
10.16523	860.50434
10.17524	861.04162
10.18524	862.22402
10.19524	863.35182
10.20524	864.03573
10.21524	864.29033
10.22524	865.86022
10.23524	868.11894
10.24524	869.62219
10.25524	870.33900
10.26524	871.90751
10.27524	875.72847
10.28524	880.10234
10.29524	885.67378
10.30524	894.97721
10.31524	909.82012
10.32524	934.92414
10.33524	979.63346
10.34524	1068.47782
10.35524	1250.90695
10.36524	1583.44391
10.37524	2061.84623
10.38524	2511.01590
10.39524	2668.43638
10.40524	2493.19735
10.41524	2123.68039
10.42524	1752.62569
10.43524	1486.33489
10.44524	1327.75956
10.45524	1231.65523
10.46524	1166.33121
10.47524	1115.20898
10.48524	1085.80969
10.49524	1084.23647
10.50524	1120.61973
10.51524	1184.22090
10.52524	1248.57269
10.53524	1269.67570
10.54524	1230.31264
10.55524	1151.74187
10.56524	1074.01725
10.57524	1017.29565
10.58524	988.24174
10.59524	984.50755
10.60525	990.24650
10.61525	995.10509
10.62525	989.77707
10.63525	975.57945
10.64525	958.44984
10.65525	948.29103
10.66525	945.67901
10.67525	951.59074
10.68525	970.34376
10.69525	1011.40297
10.70525	1090.10625
10.71525	1234.27028
10.72525	1501.02817
10.73525	1964.50251
10.74525	2657.14231
10.75525	3420.32169
10.76525	3949.48928
10.77525	3969.40649
10.78525	3496.99973
10.79525	2813.77118
10.80525	2197.88648
10.81525	1734.99535
10.82525	1447.38010
10.83525	1292.10164
10.84525	1200.33126
10.85525	1141.40554
10.86525	1087.44649
10.87525	1040.10565
10.88525	1006.00838
10.89525	990.81115
10.90525	1002.00345
10.91525	1048.38144
10.92525	1140.20606
10.93525	1281.36441
10.94525	1431.43863
10.95525	1522.47783
10.96525	1513.14233
10.97525	1433.74687
10.98525	1343.53464
10.99525	1323.09867
11.00525	1424.84733
11.01525	1689.35720
11.02525	2125.55151
11.03526	2534.18470
11.04526	2710.07456
11.05526	2555.01439
11.06526	2200.43438
11.07526	1830.42216
11.08526	1564.65767
11.09526	1402.22559
11.10526	1287.66529
11.11526	1197.46068
11.12526	1120.66126
11.13526	1064.35689
11.14526	1039.08993
11.15526	1054.21779
11.16526	1121.97984
11.17526	1276.56994
11.18526	1542.04138
11.19526	1939.53829
11.20526	2332.14855
11.21526	2550.18488
11.22526	2480.18136
11.23526	2184.22249
11.24526	1808.88542
11.25526	1476.36681
11.26526	1242.17579
11.27526	1085.23234
11.28526	989.67937
11.29526	936.88213
11.30526	905.24982
11.31526	888.62003
11.32526	879.26022
11.33526	873.82377
11.34526	869.76077
11.35526	864.54167
11.36526	860.14466
11.37526	854.66265
11.38526	850.83698
11.39526	847.90604
11.40526	848.22467
11.41526	848.01906
11.42526	849.78614
11.43526	852.19668
11.44526	858.48000
11.45526	868.48316
11.46527	886.23495
11.47527	914.93332
11.48527	961.09993
11.49527	1044.18569
11.50527	1182.68208
11.51527	1396.96398
11.52527	1646.81790
11.53527	1836.64293
11.54527	1869.56771
11.55527	1737.84345
11.56527	1511.10760
11.57527	1297.06021
11.58527	1134.88921
11.59527	1035.22009
11.60527	981.42311
11.61527	963.01204
11.62527	964.83265
11.63527	974.93470
11.64527	983.09238
11.65527	980.68850
11.66527	973.99656
11.67527	965.23667
11.68527	961.25774
11.69527	966.68876
11.70527	972.30995
11.71527	968.39188
11.72527	950.12260
11.73527	922.26672
11.74527	896.29830
11.75527	877.41463
11.76527	867.28824
11.77527	862.16952
11.78527	856.75031
11.79527	847.63920
11.80527	837.82608
11.81527	827.59454
11.82527	819.92528
11.83527	815.13743
11.84527	813.95167
11.85527	815.44077
11.86527	820.33434
11.87527	831.75705
11.88527	854.39734
11.89528	892.46600
11.90528	946.43177
11.91528	997.82090
11.92528	1025.01007
11.93528	1012.45431
11.94528	970.58494
11.95528	918.15795
11.96528	873.01301
11.97528	840.11930
11.98528	819.34012
11.99528	806.57165
12.00528	799.22414
12.01528	795.28459
12.02528	793.89024
12.03528	795.17051
12.04528	799.64818
12.05528	808.30459
12.06528	819.32249
12.07528	828.06304
12.08528	829.48801
12.09528	824.37942
12.10528	813.52063
12.11528	802.16476
12.12528	791.73131
12.13528	787.16967
12.14528	785.26953
12.15528	784.55400
12.16528	782.93284
12.17528	783.56791
12.18528	789.92646
12.19528	800.47238
12.20528	815.27703
12.21528	831.20083
12.22528	840.73698
12.23528	839.74731
12.24528	830.01303
12.25528	819.79200
12.26528	814.90966
12.27528	815.46759
12.28528	824.80013
12.29528	849.15706
12.30528	895.78576
12.31528	982.74827
12.32529	1120.66219
12.33529	1351.83163
12.34529	1628.86617
12.35529	1896.16571
12.36529	2006.39225
12.37529	1911.73077
12.38529	1693.18215
12.39529	1452.24953
12.40529	1287.44033
12.41529	1221.89049
12.42529	1241.99301
12.43529	1280.88804
12.44529	1277.12053
12.45529	1201.59084
12.46529	1083.31860
12.47529	974.05791
12.48529	889.11642
12.49529	835.65866
12.50529	800.17250
12.51529	779.00477
12.52529	765.24816
12.53529	756.82521
12.54529	751.58572
12.55529	746.96002
12.56529	743.29808
12.57529	741.32947
12.58529	740.37592
12.59529	740.11122
12.60529	739.64414
12.61529	741.55399
12.62529	747.03754
12.63529	757.44750
12.64529	769.67856
12.65529	780.13562
12.66529	783.76270
12.67529	778.57603
12.68529	767.36208
12.69529	753.76654
12.70529	742.89235
12.71529	735.98466
12.72529	730.29048
12.73529	726.65872
12.74529	724.58595
12.75530	724.78688
12.76530	725.29859
12.77530	728.34150
12.78530	733.20325
12.79530	742.15481
12.80530	760.52298
12.81530	792.03821
12.82530	844.82640
12.83530	911.52339
12.84530	973.49006
12.85530	999.00786
12.86530	979.14445
12.87530	923.61293
12.88530	859.11813
12.89530	801.21756
12.90530	761.99898
12.91530	737.17275
12.92530	722.24280
12.93530	712.62245
12.94530	707.48986
12.95530	704.35567
12.96530	702.35099
12.97530	700.54212
12.98530	700.47239
12.99530	701.02395
13.00530	702.90729
13.01530	705.04431
13.02530	707.09498
13.03530	709.21079
13.04530	709.69162
13.05530	707.96414
13.06530	704.31922
13.07530	700.13555
13.08530	698.44680
13.09530	699.48051
13.10530	703.59145
13.11530	713.15049
13.12530	733.87482
13.13530	769.79667
13.14530	835.13916
13.15530	930.69268
13.16530	1057.05890
13.17530	1157.75310
13.18531	1198.58516
13.19531	1169.84887
13.20531	1101.53687
13.21531	1037.64384
13.22531	985.48244
13.23531	936.52236
13.24531	882.95930
13.25531	825.94869
13.26531	778.48361
13.27531	742.92716
13.28531	721.04616
13.29531	706.20078
13.30531	697.72559
13.31531	696.05629
13.32531	701.13575
13.33531	715.39343
13.34531	743.06683
13.35531	791.72884
13.36531	859.05530
13.37531	935.24803
13.38531	985.85841
13.39531	982.71279
13.40531	930.29696
13.41531	857.43990
13.42531	789.28442
13.43531	740.87599
13.44531	707.14829
13.45531	688.51398
13.46531	678.30095
13.47531	674.43675
13.48531	674.19746
13.49531	677.23651
13.50531	683.26433
13.51531	690.03660
13.52531	699.10624
13.53531	708.74856
13.54531	714.26946
13.55531	714.28068
13.56531	710.90740
13.57531	710.22137
13.58531	717.61170
13.59531	739.56114
13.60531	781.36701
13.61532	843.72359
13.62532	909.58338
13.63532	960.93586
13.64532	965.87856
13.65532	923.45683
13.66532	859.66998
13.67532	796.04258
13.68532	754.78880
13.69532	734.56848
13.70532	734.72078
13.71532	754.00544
13.72532	789.96040
13.73532	835.65839
13.74532	875.14109
13.75532	897.08519
13.76532	903.93435
13.77532	900.34656
13.78532	888.84328
13.79532	863.01519
13.80532	820.31911
13.81532	773.53601
13.82532	730.91175
13.83532	702.60924
13.84532	684.87568
13.85532	674.16562
13.86532	669.60582
13.87532	670.60482
13.88532	676.18789
13.89532	691.24853
13.90532	719.78757
13.91532	771.99073
13.92532	854.55143
13.93532	970.58550
13.94532	1112.91460
13.95532	1258.36858
13.96532	1376.55984
13.97532	1465.97422
13.98532	1515.49462
13.99532	1506.28343
14.00532	1413.45256
14.01532	1247.84758
14.02532	1073.89159
14.03532	924.34774
14.04533	825.37568
14.05533	767.66693
14.06533	740.07989
14.07533	731.65393
14.08533	730.04436
14.09533	725.07633
14.10533	713.02165
14.11533	694.98537
14.12533	675.48616
14.13533	656.98455
14.14533	642.72696
14.15533	632.53131
14.16533	627.85246
14.17533	626.62483
14.18533	629.24238
14.19533	636.19710
14.20533	651.56599
14.21533	678.23342
14.22533	723.34197
14.23533	785.39332
14.24533	855.89017
14.25533	906.67215
14.26533	913.49365
14.27533	878.64230
14.28533	818.47932
14.29533	766.33570
14.30533	730.69746
14.31533	709.19232
14.32533	694.51131
14.33533	680.04010
14.34533	663.03674
14.35533	646.81217
14.36533	632.48767
14.37533	621.75191
14.38533	615.84393
14.39533	613.69171
14.40533	614.36505
14.41533	619.93606
14.42533	631.29706
14.43533	650.07785
14.44533	678.90556
14.45533	721.52008
14.46533	774.02099
14.47534	823.03743
14.48534	850.54973
14.49534	852.31579
14.50534	843.60774
14.51534	852.60944
14.52534	911.82763
14.53534	1040.90050
14.54534	1236.14189
14.55534	1461.70909
14.56534	1618.67035
14.57534	1622.39767
14.58534	1473.77756
14.59534	1243.18697
14.60534	1025.62328
14.61534	863.64500
14.62534	755.65162
14.63534	690.20168
14.64534	653.38315
14.65534	634.75926
14.66534	629.33085
14.67534	631.21663
14.68534	639.14005
14.69534	649.60100
14.70534	657.10993
14.71534	656.74934
14.72534	646.23543
14.73534	628.84003
14.74534	611.11768
14.75534	596.42636
14.76534	586.28279
14.77534	578.75098
14.78534	573.48511
14.79534	570.54287
14.80534	569.25154
14.81534	568.32795
14.82534	567.76230
14.83534	567.89567
14.84534	569.64686
14.85534	574.06294
14.86534	581.36791
14.87534	592.58303
14.88534	613.29438
14.89534	649.35976
14.90535	707.04371
14.91535	783.48158
14.92535	863.73299
14.93535	914.82769
14.94535	911.90655
14.95535	856.27630
14.96535	780.79053
14.97535	713.86190
14.98535	665.40062
14.99535	632.35910
15.00535	610.90915
15.01535	594.80356
15.02535	583.79494
15.03535	576.75931
15.04535	573.55552
15.05535	572.10298
15.06535	571.01297
15.07535	571.77128
15.08535	575.87254
15.09535	584.32214
15.10535	595.77673
15.11535	613.71210
15.12535	637.20152
15.13535	665.20199
15.14535	690.69257
15.15535	714.17824
15.16535	741.50083
15.17535	786.97955
15.18535	852.70642
15.19535	927.43898
15.20535	984.36966
15.21535	995.63838
15.22535	959.34367
15.23535	889.60819
15.24535	803.47546
15.25535	726.61945
15.26535	665.52529
15.27535	626.24400
15.28535	604.11114
15.29535	596.83688
15.30535	601.58798
15.31535	618.74490
15.32535	646.77608
15.33536	676.14169
15.34536	693.14361
15.35536	688.83624
15.36536	665.72583
15.37536	636.17368
15.38536	608.90798
15.39536	586.80006
15.40536	569.64287
15.41536	557.96184
15.42536	550.90596
15.43536	546.95044
15.44536	545.57996
15.45536	546.71848
15.46536	552.39044
15.47536	562.15187
15.48536	576.85349
15.49536	597.85080
15.50536	626.51973
15.51536	667.87841
15.52536	722.69668
15.53536	792.27567
15.54536	861.12541
15.55536	919.29027
15.56536	948.36146
15.57536	949.00615
15.58536	918.94510
15.59536	865.24594
15.60536	803.06659
15.61536	743.08451
15.62536	696.01076
15.63536	660.48820
15.64536	642.36525
15.65536	642.90850
15.66536	656.58423
15.67536	673.63208
15.68536	679.61006
15.69536	667.86946
15.70536	641.99611
15.71536	616.72155
15.72536	601.28893
15.73536	602.38863
15.74536	623.23527
15.75536	668.93205
15.76537	750.35921
15.77537	859.55151
15.78537	973.41140
15.79537	1042.12130
15.80537	1037.10363
15.81537	966.42317
15.82537	864.66544
15.83537	778.48918
15.84537	723.05336
15.85537	698.04787
15.86537	684.38278
15.87537	668.79793
15.88537	648.01406
15.89537	628.57138
15.90537	615.26047
15.91537	607.03432
15.92537	601.55584
15.93537	599.78867
15.94537	608.26680
15.95537	632.91354
15.96537	677.09177
15.97537	732.90067
15.98537	782.75552
15.99537	805.52852
16.00537	786.91280
16.01537	736.75396
16.02537	677.71160
16.03537	625.29716
16.04537	589.60616
16.05537	566.06419
16.06537	552.74952
16.07537	543.19811
16.08537	535.59084
16.09537	527.48626
16.10537	519.95954
16.11537	513.36498
16.12537	508.41708
16.13537	504.13851
16.14537	500.78772
16.15537	498.91947
16.16537	498.68024
16.17537	501.07429
16.18537	505.51524
16.19538	512.60894
16.20538	521.93561
16.21538	533.65898
16.22538	543.75372
16.23538	549.41738
16.24538	550.81617
16.25538	550.50703
16.26538	552.09286
16.27538	559.14513
16.28538	575.31147
16.29538	598.56079
16.30538	619.11033
16.31538	623.46016
16.32538	607.74555
16.33538	579.74085
16.34538	550.43032
16.35538	527.52304
16.36538	512.01255
16.37538	502.35565
16.38538	497.39826
16.39538	494.92644
16.40538	493.19301
16.41538	490.80814
16.42538	487.55471
16.43538	485.15031
16.44538	483.24199
16.45538	483.15472
16.46538	484.36523
16.47538	488.24049
16.48538	492.76456
16.49538	497.52869
16.50538	500.90598
16.51538	502.02154
16.52538	501.95404
16.53538	502.38591
16.54538	503.16268
16.55538	502.26313
16.56538	499.01694
16.57538	494.33375
16.58538	488.21237
16.59538	484.06263
16.60538	482.67318
16.61538	483.33621
16.62539	482.48591
16.63539	480.59738
16.64539	477.48460
16.65539	476.13209
16.66539	476.00844
16.67539	476.79722
16.68539	478.27131
16.69539	481.24687
16.70539	486.84972
16.71539	495.91186
16.72539	507.69009
16.73539	521.95309
16.74539	538.80073
16.75539	559.54109
16.76539	582.76015
16.77539	608.32170
16.78539	634.95006
16.79539	660.95514
16.80539	674.39090
16.81539	664.97541
16.82539	632.02095
16.83539	589.67312
16.84539	552.87971
16.85539	526.54817
16.86539	510.99019
16.87539	502.49320
16.88539	498.32972
16.89539	496.08373
16.90539	495.49495
16.91539	493.63505
16.92539	491.92298
16.93539	489.61230
16.94539	486.72440
16.95539	483.39787
16.96539	482.01162
16.97539	481.86473
16.98539	485.76781
16.99539	495.33509
17.00539	514.09796
17.01539	543.82817
17.02539	583.62720
17.03539	622.97793
17.04539	644.92329
17.05540	634.47711
17.06540	603.00075
17.07540	569.41777
17.08540	547.28200
17.09540	537.67240
17.10540	534.88060
17.11540	531.83952
17.12540	526.78214
17.13540	519.06614
17.14540	510.94335
17.15540	501.96337
17.16540	495.05838
17.17540	489.78421
17.18540	486.70939
17.19540	486.02544
17.20540	490.06368
17.21540	499.84479
17.22540	517.86179
17.23540	548.76565
17.24540	590.34341
17.25540	632.49587
17.26540	659.90237
17.27540	656.24440
17.28540	624.13055
17.29540	581.58167
17.30540	547.76330
17.31540	529.24240
17.32540	527.07794
17.33540	541.63557
17.34540	570.42711
17.35540	602.66149
17.36540	621.69340
17.37540	615.11857
17.38540	585.32749
17.39540	546.74980
17.40540	513.95774
17.41540	492.36291
17.42540	481.01104
17.43540	478.68775
17.44540	484.87516
17.45540	498.11835
17.46540	514.76944
17.47540	531.77454
17.48541	541.01516
17.49541	540.49705
17.50541	533.15511
17.51541	529.64755
17.52541	537.35810
17.53541	559.72300
17.54541	594.43560
17.55541	633.75668
17.56541	666.80769
17.57541	679.60717
17.58541	670.36107
17.59541	650.40742
17.60541	636.39982
17.61541	636.92923
17.62541	645.53996
17.63541	644.50022
17.64541	623.54897
17.65541	585.95114
17.66541	545.71073
17.67541	513.20737
17.68541	493.18354
17.69541	484.20819
17.70541	485.68349
17.71541	496.26135
17.72541	512.71588
17.73541	526.58660
17.74541	527.28197
17.75541	514.07509
17.76541	493.01624
17.77541	472.72554
17.78541	458.63848
17.79541	449.68744
17.80541	442.67005
17.81541	438.35797
17.82541	436.51283
17.83541	436.13070
17.84541	436.14338
17.85541	436.21815
17.86541	437.34653
17.87541	438.98784
17.88541	442.50442
17.89541	448.36284
17.90541	457.70206
17.91542	471.88177
17.92542	492.01751
17.93542	517.15585
17.94542	547.28251
17.95542	586.60497
17.96542	637.10609
17.97542	695.57739
17.98542	743.52676
17.99542	758.73843
18.00542	731.98621
18.01542	684.27913
18.02542	646.71442
18.03542	621.59824
18.04542	599.72122
18.05542	570.23657
18.06542	536.77535
18.07542	504.11332
18.08542	481.04667
18.09542	466.33693
18.10542	457.46175
18.11542	452.52726
18.12542	448.89008
18.13542	445.33977
18.14542	440.19637
18.15542	434.84442
18.16542	429.82005
18.17542	425.59279
18.18542	423.91210
18.19542	422.96963
18.20542	421.88165
18.21542	422.21303
18.22542	424.97141
18.23542	432.09815
18.24542	441.80396
18.25542	455.04265
18.26542	470.27571
18.27542	483.13315
18.28542	485.17773
18.29542	476.24248
18.30542	461.41472
18.31542	448.49365
18.32542	439.40030
18.33542	435.79880
18.34543	436.84371
18.35543	442.29673
18.36543	449.28285
18.37543	456.47554
18.38543	458.79042
18.39543	454.70901
18.40543	445.25682
18.41543	434.70742
18.42543	427.94129
18.43543	422.64452
18.44543	420.57088
18.45543	419.75420
18.46543	421.34435
18.47543	425.57379
18.48543	432.67740
18.49543	442.75753
18.50543	453.88912
18.51543	464.00518
18.52543	470.93006
18.53543	477.07445
18.54543	483.91516
18.55543	493.64461
18.56543	498.94755
18.57543	492.34601
18.58543	475.14780
18.59543	455.46591
18.60543	441.05655
18.61543	433.62393
18.62543	431.58025
18.63543	436.69869
18.64543	444.21335
18.65543	452.60598
18.66543	457.71398
18.67543	459.40829
18.68543	460.57649
18.69543	465.80368
18.70543	481.22084
18.71543	507.61091
18.72543	544.06202
18.73543	585.28065
18.74543	622.50319
18.75543	650.90272
18.76543	667.26733
18.77544	671.67731
18.78544	661.67983
18.79544	637.86172
18.80544	604.89143
18.81544	574.84646
18.82544	559.37944
18.83544	564.41256
18.84544	582.64127
18.85544	596.68542
18.86544	594.05684
18.87544	572.84656
18.88544	549.43660
18.89544	536.78159
18.90544	545.93391
18.91544	579.44296
18.92544	630.84710
18.93544	688.70136
18.94544	718.47829
18.95544	700.42053
18.96544	644.91988
18.97544	576.23644
18.98544	523.64910
18.99544	489.33580
19.00544	471.51593
19.01544	465.12180
19.02544	468.00662
19.03544	481.14578
19.04544	504.86084
19.05544	534.81001
19.06544	556.66964
19.07544	559.90186
19.08544	540.59588
19.09544	506.90465
19.10544	474.20830
19.11544	450.94044
19.12544	438.46843
19.13544	434.05739
19.14544	439.73911
19.15544	455.33293
19.16544	483.35930
19.17544	528.58497
19.18544	582.98406
19.19544	633.13998
19.20545	654.73775
19.21545	634.43288
19.22545	584.41670
19.23545	524.79047
19.24545	477.95706
19.25545	448.02690
19.26545	430.19078
19.27545	417.36872
19.28545	409.34538
19.29545	405.22355
19.30545	404.52013
19.31545	405.03283
19.32545	407.16188
19.33545	410.01164
19.34545	414.99639
19.35545	425.59302
19.36545	443.03968
19.37545	468.96848
19.38545	498.37396
19.39545	522.32586
19.40545	527.33025
19.41545	512.76613
19.42545	486.94894
19.43545	461.83256
19.44545	445.25503
19.45545	440.79182
19.46545	446.50868
19.47545	463.07064
19.48545	489.94471
19.49545	530.69683
19.50545	582.96885
19.51545	644.61939
19.52545	695.84185
19.53545	713.17977
19.54545	684.12913
19.55545	619.87065
19.56545	552.47528
19.57545	497.51606
19.58545	463.42688
19.59545	447.54779
19.60545	445.40373
19.61545	451.61298
19.62545	460.47190
19.63546	465.04805
19.64546	458.94186
19.65546	444.05655
19.66546	426.82503
19.67546	411.08148
19.68546	401.18032
19.69546	395.11865
19.70546	392.99132
19.71546	393.16969
19.72546	394.55525
19.73546	397.94067
19.74546	402.99679
19.75546	408.78291
19.76546	413.80358
19.77546	415.14841
19.78546	415.14081
19.79546	414.82133
19.80546	416.63138
19.81546	423.79732
19.82546	437.78440
19.83546	461.08515
19.84546	492.49329
19.85546	527.53195
19.86546	557.53907
19.87546	578.93900
19.88546	593.57983
19.89546	606.13402
19.90546	611.50593
19.91546	601.22309
19.92546	573.99895
19.93546	542.61023
19.94546	519.64115
19.95546	507.37001
19.96546	499.53062
19.97546	490.27576
19.98546	478.31228
19.99546	467.27537
20.00546	459.52624
20.01546	454.05818
20.02546	445.87160
20.03546	433.13991
20.04546	416.92686
20.05546	403.79548
20.06547	394.93105
20.07547	391.49622
20.08547	390.19425
20.09547	390.60021
20.10547	392.31037
20.11547	393.59067
20.12547	393.79171
20.13547	392.21127
20.14547	388.42232
20.15547	384.27406
20.16547	380.96515
20.17547	380.16805
20.18547	382.03055
20.19547	386.22733
20.20547	393.14071
20.21547	400.74150
20.22547	405.41231
20.23547	406.02970
20.24547	404.44673
20.25547	402.06511
20.26547	400.72577
20.27547	400.96083
20.28547	402.14915
20.29547	402.50687
20.30547	400.43355
20.31547	396.58769
20.32547	391.02947
20.33547	386.18421
20.34547	382.94845
20.35547	381.39573
20.36547	381.72920
20.37547	384.83562
20.38547	388.02590
20.39547	389.39839
20.40547	388.36081
20.41547	386.13737
20.42547	383.01789
20.43547	381.55369
20.44547	380.80638
20.45547	379.98123
20.46547	380.07126
20.47547	382.79117
20.48547	389.10917
20.49548	397.82581
20.50548	409.80378
20.51548	425.38764
20.52548	441.35043
20.53548	455.33261
20.54548	463.80007
20.55548	466.68665
20.56548	462.28248
20.57548	450.64462
20.58548	434.21436
20.59548	417.23029
20.60548	404.72385
20.61548	397.10458
20.62548	391.88596
20.63548	385.85282
20.64548	380.32432
20.65548	374.43717
20.66548	370.02717
20.67548	368.29194
20.68548	369.27706
20.69548	373.75711
20.70548	379.84900
20.71548	385.51054
20.72548	385.55443
20.73548	381.34398
20.74548	374.96690
20.75548	368.34497
20.76548	362.89543
20.77548	360.43949
20.78548	359.57157
20.79548	359.92414
20.80548	361.39861
20.81548	364.54546
20.82548	368.00416
20.83548	369.80270
20.84548	372.38361
20.85548	375.51830
20.86548	380.44419
20.87548	383.61445
20.88548	383.53222
20.89548	380.37357
20.90548	377.28811
20.91548	377.02718
20.92549	380.41248
20.93549	385.96419
20.94549	391.00886
20.95549	390.35667
20.96549	384.88559
20.97549	378.08302
20.98549	372.53600
20.99549	369.45973
21.00549	369.42264
21.01549	372.45796
21.02549	379.63064
21.03549	392.68322
21.04549	414.59801
21.05549	442.77452
21.06549	468.90664
21.07549	478.09563
21.08549	466.20460
21.09549	439.37860
21.10549	410.36160
21.11549	389.45047
21.12549	378.35284
21.13549	373.59697
21.14549	372.97756
21.15549	374.27025
21.16549	375.00290
21.17549	373.91146
21.18549	371.95791
21.19549	371.22862
21.20549	373.12052
21.21549	377.94341
21.22549	385.81156
21.23549	392.99559
21.24549	395.29529
21.25549	392.33281
21.26549	385.53742
21.27549	378.01051
21.28549	374.25072
21.29549	375.59892
21.30549	383.71349
21.31549	398.00753
21.32549	416.56763
21.33549	438.61254
21.34549	455.92106
21.35550	460.48255
21.36550	450.52671
21.37550	432.23152
21.38550	413.58588
21.39550	397.99230
21.40550	386.74937
21.41550	378.88695
21.42550	372.47003
21.43550	367.76939
21.44550	365.59734
21.45550	367.79318
21.46550	373.64006
21.47550	384.62654
21.48550	398.11365
21.49550	412.86543
21.50550	422.77870
21.51550	423.24900
21.52550	415.03145
21.53550	401.01912
21.54550	385.61520
21.55550	373.51765
21.56550	364.27530
21.57550	359.29413
21.58550	358.67305
21.59550	360.76386
21.60550	366.07371
21.61550	374.23518
21.62550	384.13780
21.63550	390.57599
21.64550	392.44355
21.65550	387.96885
21.66550	380.60186
21.67550	372.68563
21.68550	366.76896
21.69550	364.78924
21.70550	364.35366
21.71550	363.95647
21.72550	364.43555
21.73550	366.53164
21.74550	369.51793
21.75550	375.31854
21.76550	387.19861
21.77550	407.86390
21.78551	437.83363
21.79551	476.33083
21.80551	513.76336
21.81551	534.66376
21.82551	528.19704
21.83551	494.60890
21.84551	454.91381
21.85551	419.38746
21.86551	393.78820
21.87551	376.05780
21.88551	365.96593
21.89551	359.01398
21.90551	354.47602
21.91551	351.14824
21.92551	351.13364
21.93551	353.52609
21.94551	356.29834
21.95551	358.91330
21.96551	360.94075
21.97551	362.44168
21.98551	363.45654
21.99551	365.40512
22.00551	368.13879
22.01551	370.66014
22.02551	370.51117
22.03551	366.83128
22.04551	360.42391
22.05551	353.00389
22.06551	346.92023
22.07551	343.17013
22.08551	341.24534
22.09551	341.20175
22.10551	341.52213
22.11551	342.15884
22.12551	342.61488
22.13551	343.80456
22.14551	345.00113
22.15551	347.59759
22.16551	350.65756
22.17551	354.42174
22.18551	358.53642
22.19551	364.29514
22.20551	372.13296
22.21552	380.69137
22.22552	389.96336
22.23552	397.72076
22.24552	403.92929
22.25552	410.95142
22.26552	418.66023
22.27552	424.84160
22.28552	424.77220
22.29552	416.97437
22.30552	405.32617
22.31552	391.73682
22.32552	378.70865
22.33552	366.03573
22.34552	355.86440
22.35552	348.25707
22.36552	343.63349
22.37552	340.03590
22.38552	337.64505
22.39552	335.90360
22.40552	335.34554
22.41552	335.02292
22.42552	334.63434
22.43552	336.19459
22.44552	339.05071
22.45552	339.96957
22.46552	340.98677
22.47552	343.76788
22.48552	350.45600
22.49552	359.39647
22.50552	371.20633
22.51552	386.46255
22.52552	402.72253
22.53552	414.97369
22.54552	418.11140
22.55552	410.46916
22.56552	397.28816
22.57552	383.27097
22.58552	371.33651
22.59552	362.78017
22.60552	358.21692
22.61552	357.19043
22.62552	357.60003
22.63552	359.56092
22.64553	363.23579
22.65553	367.86484
22.66553	372.35249
22.67553	375.39261
22.68553	376.41858
22.69553	370.93204
22.70553	361.94247
22.71553	353.47262
22.72553	348.39347
22.73553	347.24672
22.74553	348.35606
22.75553	351.04391
22.76553	355.93024
22.77553	362.42680
22.78553	368.14013
22.79553	374.48004
22.80553	384.60868
22.81553	401.97564
22.82553	423.62236
22.83553	442.12634
22.84553	448.94808
22.85553	440.76743
22.86553	423.62230
22.87553	407.38981
22.88553	394.06713
22.89553	383.28065
22.90553	374.38597
22.91553	369.31319
22.92553	368.92656
22.93553	372.47972
22.94553	379.39699
22.95553	387.34632
22.96553	394.76066
22.97553	397.89586
22.98553	395.24933
22.99553	388.14899
23.00553	379.82005
23.01553	372.56300
23.02553	368.37904
23.03553	369.70434
23.04553	376.19185
23.05553	387.57771
23.06553	401.78484
23.07554	416.54876
23.08554	429.38326
23.09554	436.38883
23.10554	435.51937
23.11554	428.54535
23.12554	421.86723
23.13554	419.05736
23.14554	421.28308
23.15554	425.63762
23.16554	430.15097
23.17554	432.33025
23.18554	431.48724
23.19554	428.39388
23.20554	420.72454
23.21554	409.76774
23.22554	397.21229
23.23554	384.86214
23.24554	374.62797
23.25554	369.14706
23.26554	367.70957
23.27554	370.42845
23.28554	377.85234
23.29554	386.51964
23.30554	390.68885
23.31554	388.27500
23.32554	380.73168
23.33554	370.99192
23.34554	363.17129
23.35554	359.44555
23.36554	358.42379
23.37554	360.81702
23.38554	366.07210
23.39554	373.49141
23.40554	382.84566
23.41554	390.45252
23.42554	394.85148
23.43554	394.93401
23.44554	389.29396
23.45554	382.79637
23.46554	378.76531
23.47554	377.93565
23.48554	379.20516
23.49554	384.38069
23.50555	393.52650
23.51555	407.78362
23.52555	421.96515
23.53555	430.27374
23.54555	431.49414
23.55555	424.68592
23.56555	411.57773
23.57555	395.08193
23.58555	378.49428
23.59555	362.65037
23.60555	349.51735
23.61555	340.08051
23.62555	335.06476
23.63555	332.71406
23.64555	332.16595
23.65555	331.42576
23.66555	330.56329
23.67555	331.24601
23.68555	333.23041
23.69555	335.75854
23.70555	338.07808
23.71555	339.92538
23.72555	339.68369
23.73555	337.26708
23.74555	333.04148
23.75555	329.46806
23.76555	327.59656
23.77555	326.95743
23.78555	326.45871
23.79555	324.82045
23.80555	322.76695
23.81555	322.80471
23.82555	323.33408
23.83555	323.73227
23.84555	323.46938
23.85555	323.52391
23.86555	324.36240
23.87555	324.71103
23.88555	325.01942
23.89555	326.39214
23.90555	330.00148
23.91555	335.21743
23.92555	339.77393
23.93556	342.57099
23.94556	345.71435
23.95556	349.66600
23.96556	353.43718
23.97556	353.51287
23.98556	350.31057
23.99556	345.67239
24.00556	341.63531
24.01556	339.32278
24.02556	339.07659
24.03556	339.24022
24.04556	340.99599
24.05556	342.99448
24.06556	342.23076
24.07556	340.46725
24.08556	339.32978
24.09556	342.07455
24.10556	348.30639
24.11556	357.63606
24.12556	366.47173
24.13556	372.89182
24.14556	375.93071
24.15556	376.05070
24.16556	376.34935
24.17556	376.38148
24.18556	376.21124
24.19556	375.16699
24.20556	371.41867
24.21556	366.22381
24.22556	361.23458
24.23556	358.83114
24.24556	359.33659
24.25556	361.12338
24.26556	363.07685
24.27556	363.75991
24.28556	361.99809
24.29556	359.00957
24.30556	353.27931
24.31556	345.35775
24.32556	337.84804
24.33556	332.03842
24.34556	327.61468
24.35556	326.40987
24.36557	329.51338
24.37557	335.22495
24.38557	343.67856
24.39557	357.45896
24.40557	373.65369
24.41557	392.15751
24.42557	401.79222
24.43557	399.08913
24.44557	386.66439
24.45557	369.84088
24.46557	354.41505
24.47557	343.04451
24.48557	337.98978
24.49557	335.92244
24.50557	336.29904
24.51557	338.52003
24.52557	341.20155
24.53557	343.69110
24.54557	343.75813
24.55557	341.23159
24.56557	338.13653
24.57557	336.31811
24.58557	335.53714
24.59557	334.58624
24.60557	334.52906
24.61557	333.57098
24.62557	331.82108
24.63557	329.29865
24.64557	326.70497
24.65557	325.31644
24.66557	324.15036
24.67557	324.33791
24.68557	325.93876
24.69557	329.05825
24.70557	332.74626
24.71557	336.85255
24.72557	342.21259
24.73557	350.07109
24.74557	361.76906
24.75557	377.44096
24.76557	395.21435
24.77557	410.02496
24.78557	419.34012
24.79558	422.72727
24.80558	421.80337
24.81558	419.55203
24.82558	417.71790
24.83558	416.87365
24.84558	415.99169
24.85558	415.19991
24.86558	414.31614
24.87558	409.97952
24.88558	399.34163
24.89558	382.82016
24.90558	364.86671
24.91558	348.79523
24.92558	338.46169
24.93558	332.98700
24.94558	330.83744
24.95558	328.24804
24.96558	325.25897
24.97558	321.56015
24.98558	318.16855
24.99558	316.52312
25.00558	315.88212
25.01558	316.83077
25.02558	319.32354
25.03558	320.62996
25.04558	320.37602
25.05558	318.38596
25.06558	315.75501
25.07558	314.33560
25.08558	314.89182
25.09558	317.83884
25.10558	323.43107
25.11558	331.56922
25.12558	339.03956
25.13558	344.90745
25.14558	344.82852
25.15558	339.08425
25.16558	331.51263
25.17558	324.43490
25.18558	318.07775
25.19558	313.83491
25.20558	310.39050
25.21558	307.91969
25.22559	307.09300
25.23559	306.55444
25.24559	305.86828
25.25559	305.75193
25.26559	305.29469
25.27559	305.89035
25.28559	306.75626
25.29559	306.62911
25.30559	306.84738
25.31559	308.24523
25.32559	311.64705
25.33559	318.92289
25.34559	329.37305
25.35559	340.20157
25.36559	345.96502
25.37559	345.26217
25.38559	338.14328
25.39559	327.41294
25.40559	318.24637
25.41559	313.03660
25.42559	310.01808
25.43559	309.27903
25.44559	311.65935
25.45559	315.78522
25.46559	318.44728
25.47559	320.92031
25.48559	323.52495
25.49559	327.13164
25.50559	330.97975
25.51559	334.27775
25.52559	334.98382
25.53559	332.11728
25.54559	328.02590
25.55559	325.21459
25.56559	323.78989
25.57559	323.44407
25.58559	322.29890
25.59559	320.01203
25.60559	316.56787
25.61559	312.34664
25.62559	309.37012
25.63559	309.76203
25.64559	312.75075
25.65560	316.53079
25.66560	321.69597
25.67560	326.99884
25.68560	329.48654
25.69560	329.05128
25.70560	326.03690
25.71560	322.20543
25.72560	318.43103
25.73560	314.43690
25.74560	310.26120
25.75560	308.15479
25.76560	306.89506
25.77560	307.27783
25.78560	308.31025
25.79560	311.65455
25.80560	317.02313
25.81560	323.60782
25.82560	330.78475
25.83560	337.89704
25.84560	342.87639
25.85560	343.98448
25.86560	342.20416
25.87560	337.09429
25.88560	330.45615
25.89560	323.35981
25.90560	315.14821
25.91560	309.12220
25.92560	305.46887
25.93560	302.80164
25.94560	302.30820
25.95560	303.92286
25.96560	307.75359
25.97560	311.40669
25.98560	315.50654
25.99560	320.52581
26.00560	325.46315
26.01560	329.93914
26.02560	331.34506
26.03560	330.80464
26.04560	328.60442
26.05560	325.60436
26.06560	325.03687
26.07560	326.62031
26.08561	328.31178
26.09561	329.53942
26.10561	332.81634
26.11561	339.35546
26.12561	348.89774
26.13561	360.36421
26.14561	372.69425
26.15561	385.46505
26.16561	398.65471
26.17561	407.26173
26.18561	406.83441
26.19561	397.28774
26.20561	384.46096
26.21561	373.58353
26.22561	367.32266
26.23561	362.89120
26.24561	359.28872
26.25561	355.59453
26.26561	351.59337
26.27561	344.92986
26.28561	336.27246
26.29561	327.70441
26.30561	319.59498
26.31561	313.49275
26.32561	310.67289
26.33561	308.12340
26.34561	307.17323
26.35561	307.31223
26.36561	308.63829
26.37561	312.88150
26.38561	318.32971
26.39561	322.21495
26.40561	324.76120
26.41561	324.54227
26.42561	319.54729
26.43561	311.70874
26.44561	304.91693
26.45561	300.35527
26.46561	296.55874
26.47561	293.65540
26.48561	293.87557
26.49561	295.02912
26.50561	295.08022
26.51562	297.03742
26.52562	299.80152
26.53562	302.34035
26.54562	304.76212
26.55562	306.38056
26.56562	306.23017
26.57562	306.39025
26.58562	307.42222
26.59562	307.75494
26.60562	307.42538
26.61562	305.77750
26.62562	302.24030
26.63562	299.74089
26.64562	298.72915
26.65562	298.24533
26.66562	298.69542
26.67562	299.15297
26.68562	299.22979
26.69562	296.42447
26.70562	293.76227
26.71562	292.25536
26.72562	292.61750
26.73562	293.69979
26.74562	294.47986
26.75562	294.47807
26.76562	293.50856
26.77562	291.77995
26.78562	290.72582
26.79562	290.47058
26.80562	290.65364
26.81562	290.84129
26.82562	289.92124
26.83562	290.78248
26.84562	292.57082
26.85562	294.12517
26.86562	296.56130
26.87562	298.17686
26.88562	300.87816
26.89562	304.91786
26.90562	307.81962
26.91562	311.42874
26.92562	315.07415
26.93562	317.21476
26.94563	317.61217
26.95563	318.67213
26.96563	318.11018
26.97563	315.38798
26.98563	311.17285
26.99563	304.34806
27.00563	299.21250
27.01563	296.32777
27.02563	294.84380
27.03563	294.14087
27.04563	294.90778
27.05563	296.12961
27.06563	298.87460
27.07563	302.59920
27.08563	304.52096
27.09563	304.65718
27.10563	302.04612
27.11563	296.62708
27.12563	292.39476
27.13563	289.28250
27.14563	286.49969
27.15563	284.56548
27.16563	283.22058
27.17563	283.55777
27.18563	283.90291
27.19563	284.42178
27.20563	286.04738
27.21563	287.99572
27.22563	290.55842
27.23563	293.72779
27.24563	296.60992
27.25563	297.13890
27.26563	297.55443
27.27563	297.10756
27.28563	296.63894
27.29563	297.61002
27.30563	298.44956
27.31563	300.48768
27.32563	302.39520
27.33563	305.72067
27.34563	309.94775
27.35563	313.49578
27.36563	318.33317
27.37564	320.59178
27.38564	319.73506
27.39564	318.03258
27.40564	313.67552
27.41564	308.36181
27.42564	303.60796
27.43564	299.43156
27.44564	298.04664
27.45564	298.41155
27.46564	298.99366
27.47564	299.86235
27.48564	300.54703
27.49564	301.57020
27.50564	302.40804
27.51564	303.36837
27.52564	304.12589
27.53564	305.50414
27.54564	307.43210
27.55564	309.91944
27.56564	313.34313
27.57564	319.00631
27.58564	325.88762
27.59564	332.38301
27.60564	333.39306
27.61564	330.52056
27.62564	325.33585
27.63564	318.17423
27.64564	312.99851
27.65564	311.04877
27.66564	311.77476
27.67564	312.65009
27.68564	312.60481
27.69564	312.40189
27.70564	310.86825
27.71564	308.21061
27.72564	306.26401
27.73564	305.06967
27.74564	303.54742
27.75564	305.22897
27.76564	309.91582
27.77564	313.98062
27.78564	316.99625
27.79564	316.30164
27.80565	312.41081
27.81565	307.52363
27.82565	301.82256
27.83565	297.07760
27.84565	293.85555
27.85565	291.82215
27.86565	290.63150
27.87565	291.83171
27.88565	294.57586
27.89565	296.85412
27.90565	299.29979
27.91565	299.70210
27.92565	298.19643
27.93565	298.24387
27.94565	299.30702
27.95565	298.80840
27.96565	296.91866
27.97565	293.92683
27.98565	290.07638
27.99565	286.20735
28.00565	283.49361
28.01565	281.47881
28.02565	280.74179
28.03565	281.62813
28.04565	283.29278
28.05565	284.60046
28.06565	286.84443
28.07565	290.46728
28.08565	295.42172
28.09565	302.08159
28.10565	308.80710
28.11565	314.04864
28.12565	316.09531
28.13565	316.65543
28.14565	314.80243
28.15565	311.77742
28.16565	307.82521
28.17565	304.79309
28.18565	303.07313
28.19565	301.71300
28.20565	301.58920
28.21565	300.35441
28.22565	298.90582
28.23566	298.23940
28.24566	297.12339
28.25566	297.49916
28.26566	300.22613
28.27566	303.42237
28.28566	305.16149
28.29566	304.72624
28.30566	302.21177
28.31566	298.77927
28.32566	295.66196
28.33566	293.08416
28.34566	291.07955
28.35566	290.65820
28.36566	290.93476
28.37566	292.06857
28.38566	293.36072
28.39566	293.28977
28.40566	292.72448
28.41566	293.15244
28.42566	293.21285
28.43566	295.05985
28.44566	297.43043
28.45566	298.60871
28.46566	298.77159
28.47566	298.59821
28.48566	298.87103
28.49566	297.89978
28.50566	296.63350
28.51566	295.19495
28.52566	292.90422
28.53566	290.70683
28.54566	288.59356
28.55566	287.74981
28.56566	287.26288
28.57566	286.63922
28.58566	285.92087
28.59566	284.62885
28.60566	282.06155
28.61566	280.28503
28.62566	279.52205
28.63566	279.16627
28.64566	278.25759
28.65566	276.80170
28.66567	277.29672
28.67567	277.56936
28.68567	277.21851
28.69567	277.13301
28.70567	277.77670
28.71567	279.08947
28.72567	283.44869
28.73567	288.82545
28.74567	293.66893
28.75567	298.34430
28.76567	301.37408
28.77567	302.20026
28.78567	301.06266
28.79567	296.13747
28.80567	290.49778
28.81567	287.11335
28.82567	284.10948
28.83567	282.23758
28.84567	282.53330
28.85567	283.84429
28.86567	284.99611
28.87567	285.92631
28.88567	286.14641
28.89567	285.52655
28.90567	285.07149
28.91567	285.66001
28.92567	286.53161
28.93567	287.18734
28.94567	288.19134
28.95567	290.23834
28.96567	291.81622
28.97567	291.74452
28.98567	290.81005
28.99567	287.38581
29.00567	282.28584
29.01567	279.88991
29.02567	278.49661
29.03567	277.47409
29.04567	277.70658
29.05567	278.18350
29.06567	278.87573
29.07567	279.00543
29.08567	278.34883
29.09568	278.05365
29.10568	277.96571
29.11568	278.70360
29.12568	280.72049
29.13568	281.60013
29.14568	282.96180
29.15568	284.22429
29.16568	283.21206
29.17568	282.44646
29.18568	283.09885
29.19568	283.83570
29.20568	283.57031
29.21568	284.00493
29.22568	286.66574
29.23568	289.42482
29.24568	291.48986
29.25568	293.76852
29.26568	296.52962
29.27568	299.10814
29.28568	300.57987
29.29568	301.59167
29.30568	298.87827
29.31568	293.44719
29.32568	288.38975
29.33568	286.17693
29.34568	286.44044
29.35568	286.88521
29.36568	289.42741
29.37568	294.51737
29.38568	299.17919
29.39568	301.97380
29.40568	301.59083
29.41568	297.50600
29.42568	292.41470
29.43568	288.20016
29.44568	284.89894
29.45568	283.61071
29.46568	283.25142
29.47568	284.73355
29.48568	289.77274
29.49568	294.61577
29.50568	296.60637
29.51568	299.10906
29.52569	300.79749
29.53569	300.55152
29.54569	300.93895
29.55569	301.39288
29.56569	300.66679
29.57569	299.15073
29.58569	296.97568
29.59569	294.68176
29.60569	291.66211
29.61569	288.00012
29.62569	286.63212
29.63569	287.17835
29.64569	288.99654
29.65569	293.30373
29.66569	296.60052
29.67569	298.33568
29.68569	300.20378
29.69569	300.92820
29.70569	301.67861
29.71569	300.39096
29.72569	296.55544
29.73569	293.23092
29.74569	292.67175
29.75569	292.54940
29.76569	292.48550
29.77569	294.48447
29.78569	296.25171
29.79569	298.48956
29.80569	300.67197
29.81569	302.66826
29.82569	302.31800
29.83569	301.18638
29.84569	299.80816
29.85569	299.04334
29.86569	298.77884
29.87569	298.97422
29.88569	301.12188
29.89569	305.51644
29.90569	308.94047
29.91569	310.36511
29.92569	310.37564
29.93569	310.79747
29.94569	309.09614
29.95570	304.29121
29.96570	299.73647
29.97570	295.56776
29.98570	291.70695
29.99570	289.35759
30.00570	286.52740
30.01570	284.22789
30.02570	283.01155
30.03570	282.44137
30.04570	282.40460
30.05570	281.20080
30.06570	279.36308
30.07570	279.01293
30.08570	279.32534
30.09570	280.07192
30.10570	281.43831
30.11570	282.08488
30.12570	284.69393
30.13570	288.48646
30.14570	290.78474
30.15570	292.00879
30.16570	294.51420
30.17570	297.01939
30.18570	299.40489
30.19570	299.85973
30.20570	297.35887
30.21570	294.52595
30.22570	292.71024
30.23570	292.37319
30.24570	292.08310
30.25570	292.02340
30.26570	292.72369
30.27570	294.48059
30.28570	294.10741
30.29570	292.11381
30.30570	291.32298
30.31570	291.75106
30.32570	291.65908
30.33570	291.43300
30.34570	291.44255
30.35570	290.89541
30.36570	290.70263
30.37570	289.75457
30.38571	288.54197
30.39571	288.33884
30.40571	286.46529
30.41571	283.99513
30.42571	281.49372
30.43571	280.42456
30.44571	281.36389
30.45571	282.09412
30.46571	282.21186
30.47571	284.45029
30.48571	288.42307
30.49571	292.66245
30.50571	296.59996
30.51571	299.12860
30.52571	299.14437
30.53571	297.52292
30.54571	295.84166
30.55571	295.10963
30.56571	293.87246
30.57571	293.18341
30.58571	294.08487
30.59571	294.59680
30.60571	294.50773
30.61571	294.43773
30.62571	294.10153
30.63571	294.85270
30.64571	297.48872
30.65571	298.67155
30.66571	297.86455
30.67571	296.93739
30.68571	297.76475
30.69571	300.60999
30.70571	304.18021
30.71571	307.72816
30.72571	309.79461
30.73571	309.36763
30.74571	307.93343
30.75571	306.01489
30.76571	303.75907
30.77571	302.20609
30.78571	305.31389
30.79571	309.17533
30.80571	312.91866
30.81572	315.86223
30.82572	314.24324
30.83572	309.12802
30.84572	303.65267
30.85572	297.74508
30.86572	291.71455
30.87572	289.15723
30.88572	288.38557
30.89572	286.99983
30.90572	285.66090
30.91572	284.32510
30.92572	282.56031
30.93572	282.27834
30.94572	282.27559
30.95572	281.02939
30.96572	280.31995
30.97572	280.36591
30.98572	279.74934
30.99572	278.83873
31.00572	278.33661
31.01572	278.82490
31.02572	278.63949
31.03572	277.65383
31.04572	278.49470
31.05572	279.63920
31.06572	278.83466
31.07572	279.55630
31.08572	282.79798
31.09572	284.36345
31.10572	284.33812
31.11572	285.95456
31.12572	286.73126
31.13572	287.07268
31.14572	287.51308
31.15572	287.64327
31.16572	287.78569
31.17572	286.76291
31.18572	286.30862
31.19572	285.89259
31.20572	285.68953
31.21572	286.49313
31.22572	287.28114
31.23572	288.77382
31.24573	290.44601
31.25573	291.21633
31.26573	290.94473
31.27573	290.35647
31.28573	291.60845
31.29573	291.75695
31.30573	291.82962
31.31573	292.92543
31.32573	293.83363
31.33573	294.20569
31.34573	294.59273
31.35573	294.45535
31.36573	294.00978
31.37573	293.05140
31.38573	293.61990
31.39573	294.28565
31.40573	294.98628
31.41573	295.82058
31.42573	295.06175
31.43573	295.20950
31.44573	294.51013
31.45573	293.44033
31.46573	294.35596
31.47573	295.70066
31.48573	295.96043
31.49573	295.03317
31.50573	294.52208
31.51573	295.91909
31.52573	297.58394
31.53573	297.82742
31.54573	296.92242
31.55573	295.68957
31.56573	293.38481
31.57573	290.61871
31.58573	289.97909
31.59573	289.37844
31.60573	290.03650
31.61573	289.04534
31.62573	287.18085
31.63573	285.71231
31.64573	282.62170
31.65573	279.69805
31.66573	276.59780
31.67574	274.77982
31.68574	273.51918
31.69574	272.72200
31.70574	272.75412
31.71574	272.83025
31.72574	271.51794
31.73574	270.42294
31.74574	271.38129
31.75574	272.14703
31.76574	272.07876
31.77574	272.36820
31.78574	274.60323
31.79574	276.46051
31.80574	277.24463
31.81574	279.08353
31.82574	283.40925
31.83574	286.83582
31.84574	290.59443
31.85574	293.20144
31.86574	294.51082
31.87574	293.80851
31.88574	291.47687
31.89574	287.64726
31.90574	285.36305
31.91574	283.56118
31.92574	280.32767
31.93574	278.15623
31.94574	276.44305
31.95574	274.41997
31.96574	274.11791
31.97574	274.90596
31.98574	275.09907
31.99574	275.68725
32.00574	277.30508
32.01574	277.95683
32.02574	278.33587
32.03574	278.55560
32.04574	278.17770
32.05574	278.88997
32.06574	280.89824
32.07574	281.38454
32.08574	279.57908
32.09574	277.89396
32.10575	278.20374
32.11575	278.88485
32.12575	278.07712
32.13575	277.14663
32.14575	278.56312
32.15575	279.90009
32.16575	279.94179
32.17575	278.97370
32.18575	277.58944
32.19575	276.09432
32.20575	274.92927
32.21575	275.23327
32.22575	275.97905
32.23575	275.83012
32.24575	276.76834
32.25575	278.01477
32.26575	278.20089
32.27575	278.77088
32.28575	278.34829
32.29575	277.91817
32.30575	277.42373
32.31575	277.39990
32.32575	278.26692
32.33575	279.91387
32.34575	279.28164
32.35575	278.62851
32.36575	277.58327
32.37575	276.32454
32.38575	276.03677
32.39575	275.15176
32.40575	274.53521
32.41575	274.87041
32.42575	272.89220
32.43575	271.49904
32.44575	270.58514
32.45575	270.12313
32.46575	269.92519
32.47575	270.71350
32.48575	272.77076
32.49575	273.43031
32.50575	273.67299
32.51575	273.41487
32.52575	272.61506
32.53576	272.15073
32.54576	273.62968
32.55576	274.50380
32.56576	273.90799
32.57576	273.98604
32.58576	273.65930
32.59576	272.65236
32.60576	273.00881
32.61576	273.91061
32.62576	273.87424
32.63576	272.98118
32.64576	273.66831
32.65576	274.07720
32.66576	272.95010
32.67576	274.20702
32.68576	275.74131
32.69576	276.77900
32.70576	277.68935
32.71576	279.40606
32.72576	280.84035
32.73576	280.21231
32.74576	280.88456
32.75576	281.49595
32.76576	281.73234
32.77576	279.99322
32.78576	278.61817
32.79576	278.46178
32.80576	279.13131
32.81576	279.84493
32.82576	279.29496
32.83576	278.58543
32.84576	278.91223
32.85576	279.61332
32.86576	281.14836
32.87576	283.87909
32.88576	285.81837
32.89576	285.16781
32.90576	284.44217
32.91576	285.62726
32.92576	284.62138
32.93576	283.24623
32.94576	282.44622
32.95576	280.19359
32.96577	277.20901
32.97577	275.73678
32.98577	275.08347
32.99577	275.54533
33.00577	275.79334
33.01577	275.29313
33.02577	275.58802
33.03577	277.18126
33.04577	278.66055
33.05577	279.40450
33.06577	282.05813
33.07577	284.67747
33.08577	286.03709
33.09577	285.50500
33.10577	284.46220
33.11577	284.86893
33.12577	286.00720
33.13577	287.17864
33.14577	288.71875
33.15577	288.16273
33.16577	286.68194
33.17577	285.12459
33.18577	281.14314
33.19577	279.47222
33.20577	278.14829
33.21577	276.47715
33.22577	276.61776
33.23577	276.95083
33.24577	277.32853
33.25577	278.04273
33.26577	278.46015
33.27577	279.91311
33.28577	282.11727
33.29577	282.83893
33.30577	281.91357
33.31577	280.87654
33.32577	279.01756
33.33577	276.01019
33.34577	275.43267
33.35577	275.16236
33.36577	274.60748
33.37577	274.28746
33.38577	274.19331
33.39578	275.06600
33.40578	274.95828
33.41578	276.41810
33.42578	277.57345
33.43578	275.54077
33.44578	274.23528
33.45578	275.44961
33.46578	275.38837
33.47578	272.99643
33.48578	272.56047
33.49578	272.93403
33.50578	272.71549
33.51578	272.65825
33.52578	271.90067
33.53578	272.31864
33.54578	274.04768
33.55578	275.53072
33.56578	276.86424
33.57578	278.21299
33.58578	277.73224
33.59578	277.03040
33.60578	275.94388
33.61578	274.97874
33.62578	276.12247
33.63578	277.75311
33.64578	278.00666
33.65578	276.87346
33.66578	278.57730
33.67578	279.41915
33.68578	276.64528
33.69578	275.55342
33.70578	276.00910
33.71578	275.84659
33.72578	276.23377
33.73578	276.64820
33.74578	277.91085
33.75578	278.66490
33.76578	278.29866
33.77578	279.69051
33.78578	280.39457
33.79578	280.21977
33.80578	280.14659
33.81578	278.92248
33.82579	277.47307
33.83579	277.58545
33.84579	277.84684
33.85579	276.91363
33.86579	277.17264
33.87579	276.00038
33.88579	276.44286
33.89579	277.79713
33.90579	279.02701
33.91579	278.89175
33.92579	278.54906
33.93579	281.60283
33.94579	283.88825
33.95579	284.66017
33.96579	283.51342
33.97579	280.47442
33.98579	280.43708
33.99579	284.58390
34.00579	285.47229
34.01579	284.34782
34.02579	284.08157
34.03579	284.59433
34.04579	285.26792
34.05579	283.52537
34.06579	281.73916
34.07579	280.02398
34.08579	278.66820
34.09579	278.67260
34.10579	279.08817
34.11579	281.46329
34.12579	281.93180
34.13579	280.82180
34.14579	280.77571
34.15579	280.92486
34.16579	283.49398
34.17579	282.98503
34.18579	281.34406
34.19579	283.31097
34.20579	282.51018
34.21579	280.88913
34.22579	280.70026
34.23579	280.85744
34.24579	280.70203
34.25580	279.34986
34.26580	278.02573
34.27580	276.06547
34.28580	276.51183
34.29580	276.91209
34.30580	274.44462
34.31580	272.53262
34.32580	273.80585
34.33580	274.41027
34.34580	271.94342
34.35580	272.63794
34.36580	274.57682
34.37580	274.53008
34.38580	276.05839
34.39580	279.93127
34.40580	279.43548
34.41580	279.65370
34.42580	279.41929
34.43580	277.98437
34.44580	277.26156
34.45580	275.99502
34.46580	277.54112
34.47580	276.67880
34.48580	276.10094
34.49580	274.69187
34.50580	270.95670
34.51580	271.52509
34.52580	271.71465
34.53580	270.23796
34.54580	269.44003
34.55580	268.91109
34.56580	270.54837
34.57580	273.02922
34.58580	273.22332
34.59580	272.40702
34.60580	273.21755
34.61580	273.76526
34.62580	273.24242
34.63580	274.67487
34.64580	277.18726
34.65580	275.73505
34.66580	273.44893
34.67580	271.41079
34.68581	273.00820
34.69581	276.10594
34.70581	274.82643
34.71581	275.60333
34.72581	276.30087
34.73581	274.25802
34.74581	276.95256
34.75581	280.28176
34.76581	279.31922
34.77581	278.86567
34.78581	279.41357
34.79581	278.80736
34.80581	279.60450
34.81581	278.09378
34.82581	279.80201
34.83581	282.69829
34.84581	275.46018
34.85581	269.38879
34.86581	275.58408
34.87581	277.24717
34.88581	268.51366
34.89581	272.09134
34.90581	286.87604
34.91581	261.91416
34.92581	229.00161
34.93581	240.19272
34.94581	249.78743
34.95581	265.30846
34.96581	265.56572
34.97581	258.92900
34.98581	273.74962
34.99581	245.03678
