1.29466	1907.61400
1.31016	1936.45300
1.32567	1945.06700
1.34117	1972.59300
1.35668	1980.85900
1.37218	2005.23300
1.38769	2031.58200
1.40319	2050.68100
1.41870	2077.92300
1.43420	2098.69600
1.44971	2108.17400
1.46521	2095.70200
1.48072	2095.13000
1.49622	2095.89800
1.51173	2104.83000
1.52723	2114.29800
1.54274	2114.52300
1.55824	2127.77200
1.57374	2129.16300
1.58925	2138.14300
1.60475	2147.98700
1.62026	2154.54000
1.63576	2186.41300
1.65127	2219.32800
1.66677	2279.82100
1.68228	2412.24900
1.69778	2630.38800
1.71329	3113.38900
1.72879	4146.40800
1.74430	6110.52500
1.75980	8670.03600
1.77531	11518.22000
1.79081	13196.85000
1.80632	12835.60000
1.82182	10780.61000
1.83733	7955.39600
1.85283	5436.29600
1.86834	3621.10100
1.88384	2807.26000
1.89935	2430.29000
1.91485	2339.37200
1.93036	2307.03600
1.94586	2298.67100
1.96137	2303.70000
1.97687	2300.68300
1.99238	2301.43400
2.00788	2304.31300
2.02339	2302.10900
2.03889	2304.95600
2.05440	2305.11900
2.06990	2308.31400
2.08541	2313.70800
2.10091	2312.06200
2.11641	2313.99800
2.13192	2309.28600
2.14743	2314.37300
2.16293	2321.16200
2.17843	2332.67500
2.19394	2342.58600
2.20945	2348.87700
2.22495	2357.26400
2.24045	2365.11300
2.25596	2369.95600
2.27146	2378.38300
2.28697	2379.59100
2.30247	2383.74100
2.31798	2388.21000
2.33348	2390.27300
2.34899	2395.90400
2.36449	2389.02600
2.38000	2391.82000
2.39550	2395.17400
2.41101	2404.38400
2.42651	2416.77600
2.44202	2414.26900
2.45752	2419.98700
2.47303	2423.59600
2.48853	2429.38600
2.50404	2439.67400
2.51954	2434.76300
2.53505	2437.56400
2.55055	2441.59500
2.56606	2437.69200
2.58156	2446.30000
2.59707	2450.78600
2.61257	2453.10600
2.62808	2461.70200
2.64358	2461.22800
2.65909	2467.38600
2.67459	2477.03900
2.69009	2477.00600
2.70560	2484.10300
2.72111	2483.10900
2.73661	2480.80600
2.75211	2482.07200
2.76762	2480.40100
2.78313	2485.36500
2.79863	2493.19900
2.81413	2496.40100
2.82964	2505.14000
2.84514	2512.04700
2.86065	2516.57300
2.87615	2521.61300
2.89166	2518.86300
2.90716	2520.05900
2.92267	2521.79700
2.93817	2525.55800
2.95368	2531.14800
2.96918	2531.93800
2.98469	2535.14600
3.00019	2537.79300
3.01570	2536.01000
3.03120	2542.73700
3.04671	2541.29200
3.06221	2545.41200
3.07772	2555.47400
3.09322	2559.00900
3.10873	2567.09200
3.12423	2568.92100
3.13974	2565.59500
3.15524	2570.95000
3.17075	2574.35000
3.18625	2577.87900
3.20176	2580.38500
3.21726	2576.43900
3.23277	2577.87100
3.24827	2579.96900
3.26378	2585.05000
3.27928	2590.97200
3.29479	2591.56200
3.31029	2592.17500
3.32579	2593.87000
3.34130	2591.23100
3.35681	2598.78800
3.37231	2601.29200
3.38781	2606.28800
3.40332	2622.59600
3.41882	2648.44300
3.43433	2685.56200
3.44983	2717.74700
3.46534	2759.05600
3.48084	2800.53800
3.49635	2852.77400
3.51185	2918.30500
3.52736	3009.59800
3.54286	3120.74300
3.55837	3258.62100
3.57387	3370.01900
3.58938	3433.50200
3.60488	3403.89900
3.62039	3274.97500
3.63589	3083.10800
3.65140	2909.04400
3.66690	2767.40300
3.68241	2693.77000
3.69791	2662.59300
3.71342	2652.28800
3.72892	2659.55500
3.74443	2667.07000
3.75993	2708.96100
3.77544	2772.89500
3.79094	2868.62200
3.80645	2970.19400
3.82195	3028.98200
3.83746	3033.57800
3.85296	2986.43300
3.86847	2892.70200
3.88397	2801.34000
3.89947	2738.22400
3.91498	2696.98800
3.93049	2677.64600
3.94599	2665.22800
3.96150	2664.48900
3.97700	2665.53200
3.99251	2663.25600
4.00801	2672.54800
4.02351	2686.58100
4.03902	2743.17200
4.05452	2852.94200
4.07003	3016.61700
4.08553	3228.52400
4.10104	3376.72300
4.11654	3410.33800
4.13205	3305.88800
4.14755	3138.56000
4.16306	2942.22600
4.17856	2810.12100
4.19407	2731.57600
4.20957	2700.37300
4.22508	2683.39900
4.24058	2673.03800
4.25609	2670.08600
4.27159	2665.06800
4.28710	2664.02200
4.30260	2666.77700
4.31811	2669.44100
4.33361	2673.02300
4.34912	2671.47600
4.36462	2666.03800
4.38013	2667.13800
4.39563	2660.88900
4.41114	2662.95800
4.42664	2668.02700
4.44215	2673.85300
4.45765	2683.56200
4.47316	2684.77600
4.48866	2681.30300
4.50417	2685.19500
4.51967	2679.98900
4.53517	2677.79900
4.55068	2668.34100
4.56618	2663.68800
4.58169	2665.07800
4.59720	2667.46400
4.61270	2674.45700
4.62820	2676.40600
4.64371	2673.24700
4.65921	2676.33700
4.67472	2672.82300
4.69022	2678.49300
4.70573	2683.65200
4.72123	2685.65800
4.73674	2700.22900
4.75224	2720.27700
4.76775	2762.08000
4.78325	2833.95600
4.79876	2906.04400
4.81426	2961.84200
4.82977	2980.17500
4.84527	2950.35300
4.86078	2884.56200
4.87628	2807.72900
4.89179	2746.43500
4.90729	2709.68700
4.92280	2689.06300
4.93830	2685.71000
4.95381	2683.64700
4.96931	2679.24700
4.98482	2679.88700
5.00032	2678.40500
5.01583	2681.09700
5.03133	2682.88200
5.04684	2681.90100
5.06234	2680.23000
5.07785	2680.49000
5.09335	2675.23300
5.10886	2675.45800
5.12436	2671.13100
5.13987	2669.78500
5.15537	2678.88400
5.17087	2690.42500
5.18638	2711.46300
5.20188	2734.92400
5.21739	2741.65900
5.23289	2746.89100
5.24840	2741.84900
5.26391	2738.56800
5.27941	2737.40600
5.29491	2733.54200
5.31042	2753.46300
5.32592	2806.85500
5.34143	2910.88400
5.35693	3103.56600
5.37244	3306.79800
5.38794	3486.57700
5.40345	3560.31100
5.41895	3497.78700
5.43446	3313.50100
5.44996	3095.55200
5.46547	2915.04800
5.48097	2793.44900
5.49648	2726.77700
5.51198	2701.16300
5.52749	2683.94800
5.54299	2674.22300
5.55850	2669.04900
5.57400	2664.77100
5.58951	2664.10800
5.60501	2667.49300
5.62052	2667.33900
5.63602	2677.01200
5.65153	2682.55000
5.66703	2691.03200
5.68254	2708.17700
5.69804	2718.93400
5.71354	2720.34500
5.72905	2710.34400
5.74456	2691.35400
5.76006	2680.15100
5.77557	2671.88100
5.79107	2662.61200
5.80657	2662.53200
5.82208	2654.92800
5.83758	2651.56200
5.85309	2650.36200
5.86859	2645.22100
5.88410	2644.44800
5.89960	2643.15100
5.91511	2644.33900
5.93061	2645.60200
5.94612	2646.34100
5.96162	2649.19600
5.97713	2650.98700
5.99263	2645.22800
6.00814	2642.96400
6.02364	2637.19100
6.03915	2635.69300
6.05465	2646.12500
6.07016	2644.07700
6.08566	2647.17300
6.10117	2646.55300
6.11667	2646.56800
6.13218	2650.63400
6.14768	2652.22200
6.16319	2659.28600
6.17869	2668.94500
6.19420	2669.78900
6.20970	2665.46200
6.22521	2656.93400
6.24071	2647.62700
6.25622	2645.58400
6.27172	2638.31900
6.28723	2635.60500
6.30273	2633.82700
6.31824	2629.90700
6.33374	2631.96200
6.34925	2628.61700
6.36475	2629.91900
6.38026	2632.88300
6.39576	2630.84200
6.41127	2630.72800
6.42677	2628.62500
6.44228	2625.01200
6.45778	2627.03000
6.47328	2624.92100
6.48879	2622.91500
6.50429	2622.66800
6.51980	2619.68700
6.53530	2621.73800
6.55081	2622.56200
6.56631	2619.11800
6.58182	2621.49800
6.59732	2622.80100
6.61283	2629.45900
6.62833	2637.44300
6.64384	2645.22100
6.65934	2662.03700
6.67485	2675.25700
6.69035	2685.86700
6.70586	2691.65100
6.72136	2685.21200
6.73687	2673.94300
6.75237	2659.92600
6.76788	2641.80500
6.78338	2632.77700
6.79889	2623.29400
6.81439	2616.81600
6.82990	2613.32800
6.84540	2613.29600
6.86091	2622.75900
6.87641	2639.88300
6.89192	2658.22500
6.90742	2703.96800
6.92293	2762.03300
6.93843	2835.05600
6.95394	2897.90400
6.96944	2921.93200
6.98494	2914.74400
7.00045	2898.65900
7.01595	2905.58500
7.03146	2971.20200
7.04697	3070.98300
7.06247	3234.23000
7.07797	3429.69300
7.09348	3638.61100
7.10898	3901.33800
7.12449	4143.41100
7.13999	4387.03000
7.15550	4566.16500
7.17100	4626.98600
7.18651	4551.76400
7.20201	4338.53600
7.21752	4051.93300
7.23302	3716.40600
7.24853	3430.09400
7.26403	3199.18300
7.27954	3051.05800
7.29504	2976.29100
7.31055	2995.52200
7.32605	3061.83200
7.34156	3170.86700
7.35706	3305.08600
7.37257	3399.36400
7.38807	3439.69400
7.40358	3410.36100
7.41908	3319.71900
7.43459	3185.57100
7.45009	3055.83700
7.46560	2953.14900
7.48110	2875.41100
7.49661	2822.42900
7.51211	2775.94300
7.52762	2735.96800
7.54312	2710.13800
7.55863	2709.30000
7.57413	2726.66800
7.58964	2783.30600
7.60514	2877.77300
7.62065	2981.36300
7.63615	3125.17100
7.65165	3253.99200
7.66716	3344.12300
7.68266	3381.84100
7.69817	3357.24600
7.71367	3289.09500
7.72918	3202.06100
7.74468	3096.74000
7.76019	2988.18400
7.77569	2881.83500
7.79120	2812.03800
7.80670	2760.40100
7.82221	2739.49300
7.83771	2752.51200
7.85322	2798.96900
7.86872	2885.83000
7.88423	3027.51000
7.89973	3155.48600
7.91524	3280.55000
7.93074	3398.47600
7.94625	3550.77200
7.96175	3808.69200
7.97726	4107.60400
7.99276	4315.67200
8.00827	4367.61100
8.02377	4192.95700
8.03928	3830.04300
8.05478	3426.61200
8.07029	3118.67500
8.08579	2895.49000
8.10130	2774.32700
8.11680	2720.82900
8.13231	2689.73800
8.14781	2701.32200
8.16332	2766.05000
8.17882	2885.83900
8.19432	3047.14000
8.20983	3262.26900
8.22533	3425.96600
8.24084	3526.75200
8.25634	3536.90800
8.27185	3488.76100
8.28735	3413.39700
8.30286	3345.92000
8.31836	3277.81700
8.33387	3181.59100
8.34937	3070.00500
8.36488	2963.16000
8.38038	2884.08400
8.39589	2865.71900
8.41139	2894.51400
8.42690	2957.07500
8.44240	3065.74100
8.45791	3228.06100
8.47341	3451.52500
8.48892	3853.28800
8.50442	4298.47700
8.51993	4826.07500
8.53543	5283.26000
8.55094	5528.31300
8.56644	5547.21000
8.58195	5421.52400
8.59745	5250.54200
8.61296	5061.43000
8.62846	4869.07100
8.64397	4670.63500
8.65947	4449.18600
8.67498	4270.08800
8.69048	4088.41300
8.70599	3907.50200
8.72149	3708.09400
8.73700	3515.94900
8.75250	3391.30200
8.76801	3390.08900
8.78351	3485.98500
8.79902	3660.33200
8.81452	3841.31700
8.83002	3910.95000
8.84553	3836.61100
8.86103	3624.98300
8.87654	3392.50900
8.89204	3150.32600
8.90755	2989.15600
8.92305	2897.05200
8.93856	2852.12400
8.95406	2834.83500
8.96957	2848.66200
8.98507	2874.53300
9.00058	2913.36600
9.01608	2964.77300
9.03159	3005.24000
9.04709	3049.75600
9.06260	3100.81900
9.07810	3205.73800
9.09361	3472.44000
9.10911	3949.42600
9.12462	4732.35300
9.14012	5831.35800
9.15563	6820.26600
9.17113	7569.75500
9.18664	7682.08000
9.20214	7162.96200
9.21765	6232.53700
9.23315	5383.40700
9.24866	4883.85100
9.26416	4776.68600
9.27967	4973.52400
9.29517	5254.56200
9.31068	5324.18200
9.32618	5124.16900
9.34169	4715.54700
9.35719	4336.02700
9.37270	4136.79900
9.38820	4200.48700
9.40371	4523.32400
9.41921	4994.35300
9.43472	5387.54100
9.45022	5626.23900
9.46573	5654.93400
9.48123	5499.03400
9.49673	5193.77000
9.51224	4843.71200
9.52774	4506.04200
9.54325	4244.22500
9.55875	4174.59100
9.57426	4443.99500
9.58976	5128.33900
9.60527	6411.50100
9.62077	8440.24000
9.63628	10682.49000
9.65178	12790.09000
9.66729	13953.04000
9.68279	13715.26000
9.69830	12070.49000
9.71380	9894.59900
9.72931	7689.98700
9.74481	5882.21700
9.76032	4726.16300
9.77582	4012.61900
9.79133	3589.77000
9.80683	3364.48200
9.82234	3241.03600
9.83784	3187.26000
9.85335	3193.94000
9.86885	3256.60500
9.88436	3408.32400
9.89986	3723.93900
9.91537	4242.90200
9.93087	5010.45000
9.94638	5854.17100
9.96188	6498.40000
9.97739	6757.07300
9.99289	6465.29900
10.00840	5766.70400
10.02390	4904.96900
10.03940	4180.65700
10.05491	3644.11500
10.07041	3317.54500
10.08592	3135.32700
10.10143	3038.28200
10.11693	2984.85800
10.13243	2953.17000
10.14794	2936.66600
10.16344	2946.85500
10.17895	2957.88500
10.19445	2965.47500
10.20996	2986.30700
10.22546	3023.70700
10.24097	3100.24600
10.25647	3230.69900
10.27198	3400.79500
10.28748	3576.67100
10.30299	3707.86100
10.31849	3724.47000
10.33400	3628.17600
10.34950	3488.81200
10.36501	3362.71100
10.38051	3283.87000
10.39602	3270.66900
10.41152	3305.86500
10.42703	3367.83200
10.44253	3429.54700
10.45804	3530.84300
10.47354	3677.90500
10.48905	3944.08500
10.50455	4438.46500
10.52006	5204.45800
10.53556	6393.78100
10.55107	7730.97100
10.56657	9020.41100
10.58208	10010.48000
10.59758	10351.84000
10.61309	10023.62000
10.62859	9223.78300
10.64410	8121.14300
10.65960	7041.41200
10.67511	6158.63800
10.69061	5548.15100
10.70611	5055.84800
10.72162	4660.12200
10.73712	4281.77800
10.75263	3991.23500
10.76813	3832.28500
10.78364	3787.88800
10.79914	3818.79800
10.81465	3880.90300
10.83015	3899.77600
10.84566	3879.91700
10.86116	3824.13900
10.87667	3759.74600
10.89217	3724.65800
10.90768	3722.62200
10.92318	3785.25000
10.93869	3901.48500
10.95419	4048.23500
10.96970	4200.12000
10.98520	4296.70700
11.00071	4279.56900
11.01621	4144.52800
11.03172	3911.03600
11.04722	3648.76100
11.06273	3388.87500
11.07823	3209.69400
11.09374	3087.32800
11.10924	3014.52000
11.12475	2966.51300
11.14025	2927.01900
11.15576	2894.99600
11.17126	2879.05200
11.18677	2867.72900
11.20227	2868.64700
11.21778	2888.87100
11.23328	2933.02800
11.24879	3025.59600
11.26429	3191.10900
11.27980	3461.69000
11.29530	3909.53300
11.31080	4480.77900
11.32631	5179.99200
11.34181	5838.61300
11.35732	6264.04600
11.37282	6420.71200
11.38833	6292.04900
11.40383	5970.56800
11.41934	5588.39100
11.43484	5202.07200
11.45035	4822.29600
11.46585	4447.79600
11.48136	4110.30300
11.49686	3856.62700
11.51237	3705.47200
11.52787	3640.94600
11.54338	3600.59400
11.55888	3547.49000
11.57439	3455.11500
11.58989	3330.60000
11.60540	3189.80500
11.62090	3053.48100
11.63641	2951.37300
11.65191	2880.59700
11.66742	2837.04600
11.68292	2820.01100
11.69843	2802.89500
11.71393	2774.18800
11.72944	2738.88300
11.74494	2698.58200
11.76045	2669.89100
11.77595	2645.60500
11.79146	2631.65100
11.80696	2629.41500
11.82247	2629.21300
11.83797	2635.92100
11.85347	2637.65000
11.86898	2633.27500
11.88449	2629.34100
11.89999	2626.61500
11.91549	2628.05400
11.93100	2637.48200
11.94650	2638.18100
11.96201	2637.31500
11.97751	2622.67900
11.99302	2599.83000
12.00852	2578.94200
12.02403	2562.66700
12.03953	2561.49600
12.05504	2577.34000
12.07054	2614.11400
12.08605	2682.04500
12.10155	2779.31100
12.11706	2905.57600
12.13256	3041.67400
12.14807	3151.75900
12.16357	3236.20200
12.17908	3283.65500
12.19458	3310.70900
12.21009	3315.45200
12.22559	3277.22000
12.24110	3195.57500
12.25660	3080.10600
12.27211	2950.92400
12.28761	2845.11100
12.30312	2785.41600
12.31862	2796.28600
12.33413	2874.06400
12.34963	3041.65300
12.36514	3293.72300
12.38064	3646.36100
12.39615	4063.67500
12.41165	4480.15700
12.42716	4772.27200
12.44266	4836.03800
12.45817	4618.71800
12.47367	4214.79100
12.48917	3718.62100
12.50468	3282.50400
12.52019	2944.75100
12.53569	2725.70700
12.55119	2595.08000
12.56670	2517.23300
12.58220	2472.81900
12.59771	2447.10400
12.61321	2429.21300
12.62872	2417.54100
12.64422	2409.70400
12.65973	2399.02100
12.67523	2386.96100
12.69074	2368.96300
12.70624	2349.68300
12.72175	2331.54000
12.73725	2312.09600
12.75276	2300.51900
12.76826	2286.09600
12.78377	2279.08900
12.79927	2275.21500
12.81478	2275.67900
12.83028	2276.43000
12.84579	2274.10600
12.86129	2268.38600
12.87680	2256.82800
12.89230	2242.52500
12.90781	2232.09700
12.92331	2226.86600
12.93882	2225.91600
12.95432	2231.21500
12.96983	2241.90600
12.98533	2259.53200
13.00084	2272.27100
13.01634	2278.31900
13.03185	2274.54900
13.04735	2261.90300
13.06286	2256.26200
13.07836	2260.69500
13.09387	2280.32300
13.10937	2310.41600
13.12487	2340.13500
13.14038	2369.42000
13.15588	2386.67000
13.17139	2391.33000
13.18689	2388.77300
13.20240	2381.50900
13.21790	2377.78100
13.23341	2371.19500
13.24891	2364.66800
13.26442	2371.38200
13.27992	2406.21500
13.29543	2486.72800
13.31093	2612.79500
13.32644	2771.45600
13.34194	2918.21300
13.35745	3005.70100
13.37295	3013.16400
13.38846	2971.99300
13.40396	2942.65300
13.41947	2996.12700
13.43497	3165.75300
13.45048	3442.14100
13.46598	3750.40900
13.48149	3983.76400
13.49699	4045.92700
13.51250	3900.07000
13.52800	3604.79800
13.54351	3247.84400
13.55901	2914.11000
13.57452	2664.42300
13.59002	2488.44000
13.60553	2373.17800
13.62103	2298.21200
13.63654	2241.14100
13.65204	2204.69800
13.66755	2173.82300
13.68305	2149.98400
13.69855	2125.91700
13.71406	2101.32500
13.72956	2080.96300
13.74507	2064.14900
13.76057	2057.28900
13.77608	2069.26800
13.79158	2092.47500
13.80709	2122.45500
13.82259	2152.13200
13.83810	2178.28100
13.85360	2208.83200
13.86911	2247.05000
13.88461	2305.54700
13.90012	2389.89000
13.91562	2499.39400
13.93113	2607.86200
13.94663	2677.81000
13.96214	2684.73200
13.97764	2624.37600
13.99315	2519.75500
14.00865	2403.71300
14.02416	2293.36200
14.03966	2216.44500
14.05517	2166.82700
14.07067	2134.23800
14.08618	2110.26600
14.10168	2083.85600
14.11719	2063.95700
14.13269	2042.73600
14.14820	2024.39200
14.16370	2011.64500
14.17921	2000.44200
14.19471	2000.12400
14.21022	2007.34700
14.22572	2014.46800
14.24123	2016.12800
14.25673	2008.13800
14.27223	1998.80100
14.28774	1987.12000
14.30325	1980.57900
14.31875	1978.64500
14.33426	1983.18400
14.34976	1994.54400
14.36526	2016.52200
14.38077	2043.24100
14.39627	2078.75800
14.41178	2122.81900
14.42728	2178.68800
14.44279	2241.18900
14.45829	2297.12600
14.47380	2332.44000
14.48930	2332.94300
14.50481	2310.17300
14.52031	2276.22900
14.53582	2253.66100
14.55132	2261.09100
14.56683	2303.33600
14.58233	2376.35200
14.59784	2467.39500
14.61334	2556.84600
14.62885	2626.15300
14.64435	2662.21400
14.65986	2664.76100
14.67536	2627.28900
14.69087	2552.52500
14.70637	2452.62500
14.72188	2320.70800
14.73738	2199.95200
14.75289	2083.92600
14.76839	1990.90400
14.78390	1927.84300
14.79940	1883.19100
14.81491	1864.12700
14.83041	1853.11100
14.84592	1850.85600
14.86142	1851.38000
14.87693	1844.32500
14.89243	1835.41700
14.90794	1823.03000
14.92344	1808.70400
14.93895	1795.23700
14.95445	1781.24100
14.96995	1776.83600
14.98546	1775.07300
15.00097	1779.32300
15.01647	1785.19100
15.03197	1793.32400
15.04748	1800.69100
15.06298	1801.80300
15.07849	1798.51800
15.09399	1790.24700
15.10950	1778.18900
15.12500	1768.37500
15.14051	1762.93900
15.15601	1762.96300
15.17152	1762.87500
15.18702	1762.55600
15.20253	1763.54600
15.21803	1762.21900
15.23354	1759.97900
15.24904	1759.73700
15.26455	1757.01800
15.28005	1756.12300
15.29556	1756.15200
15.31106	1764.45400
15.32657	1780.72400
15.34207	1802.30100
15.35758	1824.61700
15.37308	1842.75000
15.38859	1852.70200
15.40409	1852.45200
15.41960	1843.76900
15.43510	1838.26600
15.45061	1836.06300
15.46611	1844.66800
15.48162	1857.42900
15.49712	1873.46100
15.51262	1896.30700
15.52813	1922.60600
15.54364	1947.91000
15.55914	1969.62900
15.57465	1983.83900
15.59015	1988.96700
15.60565	1988.58900
15.62116	1982.53500
15.63666	1972.11600
15.65217	1950.03700
15.66767	1918.74000
15.68318	1882.83800
15.69868	1858.65900
15.71419	1844.28600
15.72969	1834.59300
15.74520	1825.62000
15.76070	1807.10000
15.77621	1790.06500
15.79171	1780.22700
15.80722	1792.88200
15.82272	1850.37600
15.83823	1950.78700
15.85373	2071.59800
15.86924	2177.64700
15.88474	2226.71600
15.90025	2197.53500
15.91575	2116.72400
15.93126	2038.50200
15.94676	1983.09300
15.96227	1972.27700
15.97777	2000.94000
15.99328	2057.30700
16.00878	2128.53500
16.02429	2194.65600
16.03979	2233.39300
16.05530	2231.62100
16.07080	2189.42900
16.08631	2123.61200
16.10181	2045.13700
16.11732	1982.98000
16.13282	1942.07600
16.14832	1918.18200
16.16383	1905.35900
16.17933	1886.00100
16.19484	1860.70100
16.21034	1827.18100
16.22585	1792.62000
16.24136	1765.60900
16.25686	1745.26500
16.27236	1743.25300
16.28787	1752.84400
16.30337	1772.06100
16.31888	1806.18200
16.33438	1844.83600
16.34989	1885.73700
16.36539	1925.04200
16.38090	1953.36400
16.39640	1968.19100
16.41191	1966.95300
16.42741	1958.17900
16.44292	1947.44600
16.45842	1946.97400
16.47393	1967.67600
16.48943	2000.03900
16.50494	2041.43700
16.52044	2074.95900
16.53595	2084.68100
16.55145	2062.74500
16.56696	2017.97200
16.58246	1955.68700
16.59797	1887.09400
16.61347	1826.99800
16.62898	1773.81900
16.64448	1737.65300
16.65999	1714.90100
16.67549	1699.86100
16.69099	1687.21300
16.70650	1670.66600
16.72201	1649.39000
16.73751	1625.18700
16.75302	1604.62900
16.76852	1590.58400
16.78403	1578.21000
16.79953	1569.94900
16.81503	1569.64800
16.83054	1575.01600
16.84604	1590.13800
16.86155	1612.79300
16.87705	1642.84900
16.89256	1679.11700
16.90806	1713.89400
16.92357	1744.28500
16.93907	1761.27100
16.95458	1761.27600
16.97008	1748.05800
16.98559	1729.65600
17.00109	1713.45600
17.01660	1701.18400
17.03210	1696.83300
17.04761	1698.72400
17.06311	1711.18300
17.07862	1730.10200
17.09412	1751.99500
17.10963	1777.84200
17.12513	1808.10000
17.14064	1842.07800
17.15614	1881.95300
17.17165	1918.96200
17.18715	1950.16200
17.20266	1965.31000
17.21816	1966.34600
17.23367	1954.92100
17.24917	1931.55500
17.26468	1892.78500
17.28018	1836.38300
17.29568	1776.87000
17.31119	1715.31000
17.32670	1659.36200
17.34220	1612.54600
17.35770	1579.10400
17.37321	1562.56000
17.38872	1554.51500
17.40422	1554.22400
17.41973	1562.85300
17.43523	1574.20300
17.45073	1583.41400
17.46624	1586.89400
17.48174	1587.29000
17.49725	1583.51300
17.51275	1579.32500
17.52826	1578.13900
17.54376	1575.68400
17.55927	1577.13600
17.57477	1583.13000
17.59028	1600.45500
17.60578	1630.15400
17.62129	1667.78500
17.63679	1713.41800
17.65230	1753.53300
17.66780	1779.47600
17.68331	1785.93300
17.69881	1769.75400
17.71432	1738.81600
17.72982	1699.77300
17.74533	1662.74500
17.76083	1632.39600
17.77634	1612.45600
17.79184	1605.99300
17.80735	1606.74200
17.82285	1611.51600
17.83836	1614.52300
17.85386	1613.63700
17.86937	1603.00200
17.88487	1581.67100
17.90038	1554.57300
17.91588	1529.27600
17.93139	1512.18600
17.94689	1503.25400
17.96239	1498.87000
17.97790	1500.98200
17.99340	1503.75700
18.00891	1509.49800
18.02442	1516.96200
18.03992	1528.07000
18.05542	1542.52800
18.07093	1556.91500
18.08644	1567.29400
18.10194	1567.25600
18.11744	1559.85200
18.13295	1548.41800
18.14845	1533.98100
18.16396	1517.70400
18.17946	1497.15100
18.19497	1484.66200
18.21047	1475.11000
18.22598	1471.75300
18.24148	1473.46000
18.25699	1480.60500
18.27249	1488.49600
18.28800	1497.07500
18.30350	1503.21300
18.31901	1504.75100
18.33451	1498.92100
18.35002	1489.94800
18.36552	1479.64100
18.38103	1478.44600
18.39653	1481.82200
18.41204	1489.51800
18.42754	1494.85400
18.44305	1493.34200
18.45855	1481.16300
18.47406	1461.93100
18.48956	1438.35400
18.50507	1416.28800
18.52057	1395.62500
18.53608	1382.33900
18.55158	1375.89900
18.56709	1372.77600
18.58259	1368.08900
18.59809	1363.18600
18.61360	1359.68900
18.62910	1357.32300
18.64461	1351.60100
18.66011	1345.65400
18.67562	1339.52700
18.69112	1340.77100
18.70663	1346.48900
18.72213	1357.34900
18.73764	1369.30200
18.75314	1383.45200
18.76865	1398.99100
18.78415	1415.04800
18.79966	1432.68900
18.81516	1450.57800
18.83067	1470.23800
18.84617	1487.54500
18.86168	1507.32800
18.87718	1521.79500
18.89269	1534.87100
18.90819	1540.25500
18.92370	1539.88800
18.93920	1532.02000
18.95471	1514.25600
18.97021	1489.67600
18.98572	1465.29700
19.00122	1437.36900
19.01673	1416.25500
19.03223	1395.72100
19.04774	1388.63900
19.06324	1385.49700
19.07874	1388.51400
19.09425	1395.13000
19.10976	1398.77600
19.12526	1401.82100
19.14077	1397.68300
19.15627	1393.83500
19.17178	1388.14800
19.18728	1381.00900
19.20279	1370.02500
19.21829	1356.78800
19.23379	1344.52600
19.24930	1331.52900
19.26480	1318.87000
19.28031	1307.52700
19.29581	1296.79200
19.31132	1290.61900
19.32682	1285.26000
19.34233	1282.98100
19.35783	1283.50100
19.37334	1286.31600
19.38884	1289.16500
19.40435	1291.22800
19.41985	1294.54100
19.43536	1296.02800
19.45086	1297.61500
19.46637	1296.30600
19.48187	1294.90400
19.49738	1293.03200
19.51288	1291.13000
19.52839	1287.92500
19.54389	1282.66300
19.55940	1276.84500
19.57490	1275.47200
19.59041	1274.52400
19.60591	1274.57200
19.62142	1272.59900
19.63692	1276.59200
19.65243	1283.61800
19.66793	1294.55200
19.68344	1307.82200
19.69894	1323.88200
19.71445	1340.87200
19.72995	1360.12900
19.74545	1381.56700
19.76096	1404.22600
19.77646	1425.84200
19.79197	1446.26600
19.80748	1463.41200
19.82298	1474.17900
19.83848	1478.29200
19.85399	1478.98800
19.86950	1480.47400
19.88500	1477.73300
19.90051	1480.28600
19.91601	1484.78800
19.93151	1493.35900
19.94702	1500.37000
19.96252	1504.64300
19.97803	1500.28100
19.99353	1485.97100
20.00904	1465.56600
20.02454	1435.11800
20.04005	1403.12500
20.05555	1367.39600
20.07106	1334.12800
20.08656	1307.03900
20.10207	1283.91300
20.11757	1267.76600
20.13308	1256.21200
20.14858	1251.03700
20.16409	1252.20300
20.17959	1258.76500
20.19510	1271.19900
20.21060	1287.59700
20.22611	1306.38100
20.24161	1325.61300
20.25712	1339.32400
20.27262	1345.07100
20.28813	1342.97800
20.30363	1334.35900
20.31914	1321.21600
20.33464	1308.59100
20.35015	1294.26900
20.36565	1280.09900
20.38116	1267.85700
20.39666	1256.58900
20.41217	1250.33600
20.42767	1244.15000
20.44317	1243.92000
20.45868	1242.60600
20.47419	1239.42900
20.48969	1235.62300
20.50519	1234.95700
20.52070	1235.56600
20.53620	1238.79300
20.55171	1242.95700
20.56721	1250.67200
20.58272	1259.27500
20.59822	1268.01000
20.61373	1278.03100
20.62923	1287.85800
20.64474	1295.94800
20.66024	1301.57300
20.67575	1304.58700
20.69125	1303.63800
20.70676	1300.36000
20.72226	1290.98200
20.73777	1278.50300
20.75327	1262.64000
20.76878	1251.28300
20.78428	1240.42800
20.79979	1231.76500
20.81529	1227.80800
20.83080	1228.10300
20.84630	1234.78800
20.86181	1242.24800
20.87731	1247.76400
20.89282	1251.48300
20.90832	1248.39400
20.92383	1242.06000
20.93933	1229.79500
20.95484	1218.70100
20.97034	1208.17900
20.98585	1203.47800
21.00135	1200.56100
21.01686	1195.81000
21.03236	1192.58800
21.04786	1187.60300
21.06337	1185.77300
21.07887	1182.84400
21.09438	1179.89800
21.10988	1177.80900
21.12539	1179.19700
21.14089	1181.44400
21.15640	1182.90600
21.17191	1188.53100
21.18741	1193.25400
21.20291	1200.39900
21.21842	1205.41000
21.23392	1211.65800
21.24943	1215.36700
21.26493	1218.47200
21.28044	1221.38000
21.29594	1225.99100
21.31145	1233.40700
21.32695	1242.18600
21.34246	1253.54900
21.35796	1265.73300
21.37347	1277.84300
21.38897	1291.25200
21.40448	1300.78100
21.41998	1306.60500
21.43549	1305.84000
21.45099	1301.65800
21.46650	1293.47700
21.48200	1286.60200
21.49751	1283.45500
21.51301	1281.89900
21.52851	1279.88600
21.54402	1274.74800
21.55953	1269.07100
21.57503	1262.78100
21.59054	1255.14900
21.60604	1248.05000
21.62154	1244.67300
21.63705	1245.80500
21.65256	1252.07200
21.66806	1262.33100
21.68357	1277.39500
21.69907	1298.95300
21.71457	1322.65600
21.73008	1343.19900
21.74558	1356.47400
21.76109	1359.70100
21.77659	1350.44500
21.79210	1333.11300
21.80760	1313.50600
21.82311	1290.23600
21.83861	1272.20400
21.85412	1256.72400
21.86962	1242.59300
21.88513	1232.43800
21.90063	1225.74800
21.91614	1228.11300
21.93164	1234.94500
21.94715	1245.38500
21.96265	1257.76700
21.97816	1270.59800
21.99366	1285.69000
22.00917	1300.15500
22.02467	1308.65700
22.04018	1311.38200
22.05568	1311.30900
22.07119	1311.21500
22.08669	1311.13500
22.10220	1316.38300
22.11770	1320.14900
22.13321	1325.78400
22.14871	1326.23300
22.16422	1324.09700
22.17972	1316.05700
22.19523	1301.13900
22.21073	1283.96300
22.22623	1265.30500
22.24174	1249.45800
22.25725	1236.91400
22.27275	1227.01300
22.28826	1221.02500
22.30376	1220.86700
22.31926	1221.78300
22.33477	1222.65800
22.35028	1221.80500
22.36578	1216.78000
22.38128	1209.93600
22.39679	1198.99300
22.41229	1188.77400
22.42780	1178.55100
22.44330	1169.32600
22.45881	1159.88800
22.47431	1149.63600
22.48982	1141.70100
22.50532	1136.83100
22.52083	1137.93600
22.53633	1139.64600
22.55184	1143.94800
22.56734	1151.88800
22.58285	1164.49000
22.59835	1175.76500
22.61386	1188.65000
22.62936	1200.32900
22.64487	1207.09400
22.66037	1205.20100
22.67588	1195.63800
22.69138	1182.95100
22.70689	1170.65900
22.72239	1160.16200
22.73790	1153.50200
22.75340	1146.97100
22.76891	1141.72900
22.78441	1138.60500
22.79992	1138.63200
22.81542	1139.09900
22.83092	1137.76900
22.84643	1134.08600
22.86194	1128.43100
22.87744	1121.81600
22.89294	1115.76900
22.90845	1110.72100
22.92395	1108.18500
22.93946	1105.31400
22.95497	1102.81100
22.97047	1102.76400
22.98597	1102.57100
23.00148	1103.02600
23.01698	1103.49300
23.03249	1101.73100
23.04799	1101.83000
23.06350	1104.38000
23.07900	1110.88800
23.09451	1116.78000
23.11001	1124.02800
23.12552	1131.64400
23.14102	1140.30100
23.15653	1148.52700
23.17203	1155.99100
23.18754	1161.13900
23.20304	1161.78800
23.21855	1160.92800
23.23405	1158.70900
23.24956	1156.06100
23.26506	1155.36400
23.28057	1155.86700
23.29607	1157.48200
23.31158	1160.12400
23.32708	1163.52400
23.34259	1166.95600
23.35809	1168.55500
23.37360	1166.51100
23.38910	1162.29700
23.40461	1156.93700
23.42011	1149.08500
23.43562	1142.82000
23.45112	1135.50200
23.46663	1129.72500
23.48213	1124.71000
23.49763	1119.48900
23.51314	1117.40800
23.52864	1116.66000
23.54415	1118.14800
23.55966	1118.86700
23.57516	1119.44400
23.59066	1118.44200
23.60617	1117.68600
23.62167	1113.38300
23.63718	1106.54100
23.65268	1099.57700
23.66819	1095.59400
23.68369	1092.86400
23.69920	1089.49600
23.71470	1087.33900
23.73021	1085.31200
23.74571	1085.02600
23.76122	1086.62500
23.77672	1090.28800
23.79223	1095.58700
23.80773	1098.42900
23.82324	1100.20300
23.83874	1100.58600
23.85425	1101.28300
23.86975	1101.88700
23.88526	1103.13000
23.90076	1104.39600
23.91627	1106.97600
23.93177	1114.26300
23.94728	1122.04000
23.96278	1131.56400
23.97829	1138.79400
23.99379	1143.36300
24.00929	1141.84500
24.02480	1136.58500
24.04031	1127.43900
24.05581	1118.47000
24.07132	1109.42000
24.08682	1100.22000
24.10233	1090.24000
24.11783	1082.44600
24.13334	1075.04900
24.14884	1068.21800
24.16434	1063.16100
24.17985	1059.24300
24.19535	1055.28200
24.21086	1051.98000
24.22636	1048.55300
24.24187	1047.66500
24.25737	1046.07900
24.27288	1045.37000
24.28838	1042.16100
24.30389	1041.15500
24.31939	1041.24400
24.33490	1043.60900
24.35040	1044.38400
24.36591	1045.62400
24.38141	1047.80000
24.39692	1051.59100
24.41242	1055.81700
24.42793	1059.74300
24.44343	1063.57200
24.45894	1063.55900
24.47444	1061.33400
24.48995	1057.46700
24.50545	1053.24700
24.52096	1048.79100
24.53646	1042.95300
24.55197	1037.42300
24.56747	1033.17600
24.58298	1028.06100
24.59848	1021.22300
24.61399	1016.44600
24.62949	1012.11800
24.64500	1011.80200
24.66050	1010.54100
24.67600	1011.32000
24.69151	1011.13000
24.70701	1013.62000
24.72252	1015.87400
24.73803	1019.21900
24.75353	1023.84000
24.76903	1029.15400
24.78454	1036.00900
24.80005	1043.07700
24.81555	1049.98600
24.83105	1054.43000
24.84656	1055.50300
24.86206	1055.28800
24.87757	1053.38100
24.89307	1050.79900
24.90858	1047.59700
24.92408	1041.54400
24.93959	1035.23700
24.95509	1031.46100
24.97060	1029.35700
24.98610	1029.18400
25.00161	1029.83900
25.01711	1031.16500
25.03262	1031.65700
25.04812	1030.04500
25.06363	1026.21600
25.07913	1022.60000
25.09464	1018.24400
25.11014	1013.51400
25.12565	1008.37800
25.14115	1004.83300
25.15666	1003.53000
25.17216	1003.32100
25.18767	1001.56400
25.20317	1001.83700
25.21868	1006.37600
25.23418	1011.78400
25.24969	1018.27600
25.26519	1022.78900
25.28069	1027.25800
25.29620	1028.93000
25.31170	1027.74100
25.32721	1024.53200
25.34272	1024.68300
25.35822	1027.55300
25.37372	1028.66800
25.38923	1029.53500
25.40474	1029.38300
25.42024	1029.59600
25.43575	1030.41400
25.45125	1031.00400
25.46675	1030.47100
25.48226	1030.40500
25.49776	1030.57700
25.51327	1030.28400
25.52877	1029.00100
25.54428	1026.44700
25.55978	1020.01900
25.57529	1012.70600
25.59079	1008.16600
25.60630	1003.81700
25.62180	997.28490
25.63731	990.71310
25.65281	987.25700
25.66832	984.47350
25.68382	980.61280
25.69933	976.01530
25.71483	973.44580
25.73034	969.98860
25.74584	965.86110
25.76135	962.56100
25.77685	962.20440
25.79236	963.31200
25.80786	964.59250
25.82337	966.30310
25.83887	967.11140
25.85438	966.11890
25.86988	965.85820
25.88539	966.67420
25.90089	967.73800
25.91640	968.09750
25.93190	969.59260
25.94740	971.30430
25.96291	973.42090
25.97841	976.84380
25.99392	980.56870
26.00942	985.19210
26.02493	990.00990
26.04043	994.46590
26.05594	997.01120
26.07144	996.24940
26.08695	995.78340
26.10246	992.81400
26.11796	989.98490
26.13346	985.13510
26.14897	980.17990
26.16447	975.28950
26.17998	971.15690
26.19548	968.34680
26.21099	967.44130
26.22649	965.52280
26.24200	964.02260
26.25750	960.81750
26.27301	958.74020
26.28851	956.30210
26.30402	955.50280
26.31952	954.86670
26.33503	954.23430
26.35053	953.53860
26.36604	954.92640
26.38154	957.61890
26.39705	959.05510
26.41255	960.09630
26.42806	959.75180
26.44356	959.67480
26.45907	959.74650
26.47457	959.97440
26.49008	958.56660
26.50558	956.05440
26.52109	955.44270
26.53659	958.99960
26.55209	962.07530
26.56760	963.42110
26.58311	965.39990
26.59861	968.68000
26.61411	971.66830
26.62962	973.94010
26.64512	975.44800
26.66063	978.06410
26.67613	980.21750
26.69164	979.57190
26.70714	977.87050
26.72265	978.23230
26.73815	977.68740
26.75366	975.50710
26.76916	973.45130
26.78467	972.18040
26.80017	971.25340
26.81568	971.38920
26.83118	971.00350
26.84669	970.84330
26.86219	972.22470
26.87770	973.33230
26.89320	973.62990
26.90871	973.52320
26.92421	973.56670
26.93972	972.62880
26.95522	972.52160
26.97073	973.88220
26.98623	973.19680
27.00174	970.50290
27.01724	969.54110
27.03275	967.81740
27.04825	968.37560
27.06376	970.56350
27.07926	971.93550
27.09476	969.55150
27.11027	967.43760
27.12578	967.43080
27.14128	965.96560
27.15678	962.98970
27.17229	960.44540
27.18780	959.51750
27.20330	959.41520
27.21881	959.22560
27.23431	958.20450
27.24981	957.10600
27.26532	952.61500
27.28082	948.43900
27.29633	943.52420
27.31183	938.59690
27.32734	936.33670
27.34284	933.96090
27.35835	931.78920
27.37385	931.60200
27.38936	931.08760
27.40486	930.05260
27.42037	928.84040
27.43587	929.55240
27.45138	931.33830
27.46688	932.18680
27.48239	931.04950
27.49789	931.28500
27.51340	934.13590
27.52890	936.14300
27.54441	936.64860
27.55991	934.59170
27.57542	936.27550
27.59092	937.69770
27.60643	937.17990
27.62193	935.56570
27.63744	935.12610
27.65294	934.65120
27.66845	933.74250
27.68395	933.69270
27.69946	934.29140
27.71496	933.60100
27.73047	933.82860
27.74597	934.04880
27.76147	933.21310
27.77698	933.81510
27.79248	933.10850
27.80799	932.53510
27.82349	931.85120
27.83900	929.13890
27.85450	923.99200
27.87001	919.22820
27.88552	915.22460
27.90102	917.02090
27.91652	921.30620
27.93203	924.97850
27.94753	926.63280
27.96304	930.34770
27.97854	934.79950
27.99405	939.88830
28.00955	942.80800
28.02506	946.47030
28.04056	947.41100
28.05607	947.15140
28.07157	945.73780
28.08708	944.36490
28.10258	942.67530
28.11809	940.36460
28.13359	937.07950
28.14910	931.55930
28.16460	929.62240
28.18011	937.38330
28.19561	939.66360
28.21112	940.09350
28.22662	939.19490
28.24213	937.33670
28.25763	936.30820
28.27314	935.69940
28.28864	935.90630
28.30415	937.26260
28.31965	938.48200
28.33516	939.51810
28.35066	940.65000
28.36617	942.34900
28.38167	943.48050
28.39717	945.42070
28.41268	948.96270
28.42818	952.44010
28.44369	953.23280
28.45919	952.81770
28.47470	950.65240
28.49021	946.20400
28.50571	942.94700
28.52121	940.23010
28.53672	937.29470
28.55222	932.50810
28.56773	928.65040
28.58323	927.46310
28.59874	926.29160
28.61424	923.54140
28.62975	922.88850
28.64525	922.07370
28.66076	922.28200
28.67626	921.05040
28.69177	921.84860
28.70727	923.52810
28.72278	924.68120
28.73828	926.01850
28.75379	927.01260
28.76929	927.07010
28.78480	927.28920
28.80030	926.46220
28.81581	926.80740
28.83131	926.75060
28.84682	925.62600
28.86232	923.53300
28.87782	921.34580
28.89333	919.74170
28.90883	919.10200
28.92434	919.56180
28.93985	920.25320
28.95535	921.16400
28.97086	920.91400
28.98636	919.71700
29.00187	918.03360
29.01737	916.95390
29.03287	915.80160
29.04838	917.64690
29.06388	920.71170
29.07939	921.54820
29.09489	922.55260
29.11040	921.48470
29.12590	921.28910
29.14141	922.95330
29.15691	925.37390
29.17242	926.93470
29.18792	927.92710
29.20343	926.93480
29.21894	926.68440
29.23444	927.37460
29.24994	926.61960
29.26545	925.22980
29.28095	925.07710
29.29646	925.01550
29.31196	923.58130
29.32747	922.80410
29.34297	922.92710
29.35847	923.76850
29.37398	926.02070
29.38949	926.58020
29.40499	926.75200
29.42050	925.60660
29.43600	924.02300
29.45151	923.17140
29.46701	924.19310
29.48252	925.36660
29.49802	925.70970
29.51353	927.95940
29.52903	929.66990
29.54454	929.35890
29.56004	927.39090
29.57555	925.95730
29.59105	926.06740
29.60655	925.81650
29.62206	924.40410
29.63756	923.28510
29.65307	921.41080
29.66857	922.20810
29.68408	923.24430
29.69958	921.82480
29.71509	918.86760
29.73059	917.83860
29.74610	916.94950
29.76160	916.21120
29.77711	915.72720
29.79261	915.37980
29.80812	914.12140
29.82362	912.89250
29.83913	914.02370
29.85463	916.88950
29.87014	917.93310
29.88564	915.46110
29.90115	913.81490
29.91665	913.52160
29.93216	914.70960
29.94766	914.23650
29.96317	914.86320
29.97867	915.63230
29.99418	916.15170
30.00968	913.85460
30.02519	912.09470
30.04069	911.51900
30.05620	910.52590
30.07170	910.16960
30.08721	910.35990
30.10271	907.87080
30.11822	908.27360
30.13372	908.21100
30.14923	909.13130
30.16473	908.82830
30.18024	908.93840
30.19574	906.99490
30.21124	905.36630
30.22675	908.87330
30.24225	912.70570
30.25776	913.68300
30.27326	912.42920
30.28877	913.68520
30.30428	915.07840
30.31978	915.02170
30.33529	915.11820
30.35079	916.31760
30.36629	917.06900
30.38180	917.08150
30.39730	917.03150
30.41281	919.32540
30.42831	921.82550
30.44382	924.78780
30.45932	926.42990
30.47483	927.37140
30.49033	927.89090
30.50584	926.42360
30.52134	925.26930
30.53685	922.26900
30.55235	920.41230
30.56786	917.81120
30.58336	915.42350
30.59887	914.09340
30.61437	912.48720
30.62988	911.23890
30.64538	909.99870
30.66089	909.13150
30.67639	908.65500
30.69190	909.70700
30.70740	910.54780
30.72290	911.88560
30.73841	911.42130
30.75391	911.02500
30.76942	911.14070
30.78493	912.00000
30.80043	910.61760
30.81594	908.99460
30.83144	907.48220
30.84694	907.43410
30.86245	909.64520
30.87795	910.65080
30.89346	913.28830
30.90896	913.99520
30.92447	914.74340
30.93998	914.57290
30.95548	914.97160
30.97098	913.90310
30.98649	914.37800
31.00199	913.97880
31.01750	915.56400
31.03300	916.01390
31.04851	915.10260
31.06401	912.46230
31.07952	913.25210
31.09502	915.65310
31.11053	917.38330
31.12603	917.14770
31.14154	918.69180
31.15704	918.45810
31.17255	918.26150
31.18805	915.66290
31.20356	913.34780
31.21906	914.40850
31.23457	916.32530
31.25007	916.58520
31.26558	915.80230
31.28108	915.04410
31.29659	914.73280
31.31209	915.71250
31.32759	916.62610
31.34310	918.99040
31.35860	920.22130
31.37411	918.48880
31.38962	915.76480
31.40512	914.33260
31.42063	914.79740
31.43613	915.57120
31.45164	916.10590
31.46714	918.19900
31.48264	917.64780
31.49815	915.15720
31.51365	914.54840
31.52916	914.80390
31.54467	913.98250
31.56017	913.69020
31.57567	912.99630
31.59118	914.39870
31.60668	914.53860
31.62219	915.52680
31.63769	916.44800
31.65320	916.39060
31.66870	916.98790
31.68421	916.66910
31.69971	917.40160
31.71522	918.33670
31.73072	919.09930
31.74623	918.94930
31.76173	917.67220
31.77724	916.17400
31.79274	917.79720
31.80825	918.52650
31.82375	916.70150
31.83926	915.51060
31.85476	914.60290
31.87027	912.76280
31.88577	911.05670
31.90128	909.81410
31.91678	909.40280
31.93229	911.06830
31.94779	913.82690
31.96329	915.98060
31.97880	916.57270
31.99431	917.02550
32.00981	915.74280
32.02531	915.54350
32.04082	916.28980
32.05632	916.94770
32.07183	915.94660
32.08733	915.36010
32.10284	916.22600
32.11834	916.71870
32.13385	916.15480
32.14936	916.45320
32.16486	918.80870
32.18037	920.27720
32.19587	918.46750
32.21137	917.32180
32.22688	919.52620
32.24238	921.29850
32.25789	921.28130
32.27339	921.94180
32.28890	923.24210
32.30441	921.88010
32.31991	920.82980
32.33541	922.63670
32.35092	924.38520
32.36642	925.20790
32.38193	924.11110
32.39743	923.46890
32.41294	925.26210
32.42844	924.31780
32.44395	920.31480
32.45945	920.06160
32.47496	922.04580
32.49046	921.49330
32.50597	917.81570
32.52147	914.83510
32.53698	916.65780
32.55248	919.77470
32.56799	919.57720
32.58349	919.33950
32.59900	918.23990
32.61450	916.31350
32.63000	917.65840
32.64551	918.06160
32.66101	917.90280
32.67652	917.60710
32.69202	918.16830
32.70753	919.17270
32.72303	919.71020
32.73854	916.87630
32.75404	914.57280
32.76955	914.68950
32.78506	914.32270
32.80056	913.23230
32.81606	912.77390
32.83157	912.72650
32.84707	912.91910
32.86258	914.17760
32.87808	916.85570
32.89359	916.98430
32.90909	917.00100
32.92460	914.34740
32.94011	914.17740
32.95561	915.11720
32.97111	917.01560
32.98662	916.54940
33.00212	916.43210
33.01763	916.73660
33.03313	918.38690
33.04864	918.38180
33.06414	917.58170
33.07965	916.83310
33.09515	916.12680
33.11066	914.59230
33.12616	913.64790
33.14167	913.78470
33.15717	914.95040
33.17268	912.81040
33.18818	913.66250
33.20369	914.83590
33.21919	913.67090
33.23470	912.50460
33.25020	912.31010
33.26571	911.86350
33.28121	913.38780
33.29671	916.95490
33.31222	916.82380
33.32772	914.84770
33.34323	912.59380
33.35873	912.32370
33.37424	910.87380
33.38974	914.27150
33.40525	918.00450
33.42075	919.20720
33.43626	917.20320
33.45176	914.66140
33.46727	914.87050
33.48277	917.16440
33.49828	919.15300
33.51378	922.40310
33.52929	922.96370
33.54480	922.06620
33.56030	920.01080
33.57580	919.48720
33.59131	918.28200
33.60681	919.26090
33.62232	919.96840
33.63782	920.01610
33.65332	919.39770
33.66883	918.86590
33.68433	917.64870
33.69984	918.57810
33.71535	920.10990
33.73085	919.36930
33.74636	918.06620
33.76186	920.10930
33.77737	922.21720
33.79287	920.57280
33.80838	920.70750
33.82388	921.08810
33.83938	921.60080
33.85489	922.71430
33.87040	923.27950
33.88590	920.48490
33.90141	917.43340
33.91691	919.21580
33.93242	920.91260
33.94792	919.85000
33.96342	920.27440
33.97893	920.47160
33.99443	921.06540
34.00994	920.55570
34.02544	918.60610
34.04095	919.82210
34.05645	919.43480
34.07196	916.10240
34.08746	915.37210
34.10297	917.96510
34.11847	917.02060
34.13398	916.69250
34.14948	918.21260
34.16499	918.67140
34.18049	917.23410
34.19600	914.92330
34.21150	913.85100
34.22701	913.77580
34.24251	914.76450
34.25801	913.49720
34.27352	910.91860
34.28902	910.62920
34.30453	912.04600
34.32004	912.38810
34.33554	912.69950
34.35105	913.27820
34.36655	912.31430
34.38206	910.36520
34.39756	911.18440
34.41307	912.52290
34.42857	914.05860
34.44407	916.52940
34.45958	916.06600
34.47509	914.74600
34.49059	914.42930
34.50610	914.03990
34.52160	913.54140
34.53711	915.37070
34.55261	917.38410
34.56812	918.77360
34.58362	917.64370
34.59912	916.39630
34.61463	916.15250
34.63013	916.93510
34.64564	916.75280
34.66114	918.04590
34.67665	917.77970
34.69215	918.31480
34.70766	922.19310
34.72316	922.95390
34.73867	922.24160
34.75417	921.38350
34.76968	920.01680
34.78518	918.33280
34.80069	917.55470
34.81619	917.85270
34.83170	917.48560
34.84720	919.88060
34.86271	921.91280
34.87821	922.82700
34.89371	924.59100
34.90922	923.60300
34.92473	921.90680
34.94023	923.15690
34.95574	924.57730
34.97124	923.12210
34.98675	923.04000
35.00225	921.77850
35.01775	923.26840
35.03326	923.31740
35.04876	923.19210
35.06427	923.11290
35.07978	922.86350
35.09528	922.10950
35.11079	920.49970
35.12629	922.39030
35.14180	923.00960
35.15730	920.47090
35.17281	920.13300
35.18831	922.57240
35.20381	923.51940
35.21932	922.15890
35.23483	922.33920
35.25033	924.19680
35.26583	924.07790
35.28134	921.80160
35.29684	924.03170
35.31235	923.75230
35.32785	921.77440
35.34336	922.13320
35.35886	924.53900
35.37437	924.90140
35.38987	923.31300
35.40538	922.23970
35.42088	922.11570
35.43639	922.43390
35.45189	924.46090
35.46740	927.13470
35.48290	928.18160
35.49841	929.25240
35.51391	927.20530
35.52942	923.66050
35.54492	922.51110
35.56043	923.96460
35.57593	927.05960
35.59144	927.43620
35.60694	925.45760
35.62244	924.84030
35.63795	925.50260
35.65345	924.81580
35.66896	926.96950
35.68446	926.44130
35.69997	925.85020
35.71548	928.01040
35.73098	931.92510
35.74649	932.06040
35.76199	932.15420
35.77749	933.29600
35.79300	933.88280
35.80850	931.90720
35.82401	931.98460
35.83951	930.92030
35.85502	928.60830
35.87053	928.93230
35.88603	927.83800
35.90154	924.12540
35.91704	923.06660
35.93254	924.19260
35.94805	924.37940
35.96355	921.84590
35.97906	919.31450
35.99456	919.60510
36.01007	920.04440
36.02557	919.79710
36.04108	919.31360
36.05658	920.65730
36.07209	922.82930
36.08759	923.30390
36.10310	920.08970
36.11860	918.59040
36.13411	919.57590
36.14961	919.72600
36.16512	919.10160
36.18062	915.46290
36.19613	913.79890
36.21163	914.91460
36.22713	915.62020
36.24264	917.19060
36.25814	921.12020
36.27365	921.99690
36.28915	921.41580
36.30466	923.81770
36.32017	924.87150
36.33567	922.55040
36.35118	923.16920
36.36668	925.71010
36.38218	925.43670
36.39769	923.30760
36.41319	925.45480
36.42870	927.25850
36.44420	925.41160
36.45971	927.21470
36.47522	931.22800
36.49072	929.52620
36.50623	927.83890
36.52173	930.50790
36.53724	931.79820
36.55274	931.91220
36.56824	933.88890
36.58375	933.52880
36.59925	933.38270
36.61476	935.00590
36.63026	936.81440
36.64577	935.78270
36.66127	935.35080
36.67678	936.79080
36.69228	937.34630
36.70779	937.12900
36.72329	939.00880
36.73880	939.40800
36.75430	940.82710
36.76981	941.81590
36.78531	940.50460
36.80082	940.48290
36.81632	941.07900
36.83183	942.51390
36.84733	942.90900
36.86283	943.20460
36.87834	943.00110
36.89384	942.91170
36.90935	942.38170
36.92485	941.32500
36.94036	937.39280
36.95587	935.94570
36.97137	939.68430
36.98687	940.62610
37.00238	940.33430
