3.00700	7897.54212
3.02000	7861.64234
3.03300	7826.17390
3.04600	7791.13274
3.05900	7756.51485
3.07200	7722.31624
3.08500	7688.53295
3.09800	7655.16104
3.11100	7622.19661
3.12400	7589.63578
3.13700	7557.47469
3.15000	7525.70952
3.16300	7494.33647
3.17600	7463.35176
3.18900	7432.75165
3.20200	7402.53242
3.21500	7372.69037
3.22800	7343.22184
3.24100	7314.12318
3.25400	7285.39078
3.26700	7257.02105
3.28000	7229.01042
3.29300	7201.35534
3.30600	7174.05231
3.31900	7147.09784
3.33200	7120.48845
3.34500	7094.22072
3.35800	7068.29122
3.37100	7042.69656
3.38400	7017.43338
3.39700	6992.49833
3.41000	6967.88810
3.42300	6943.59939
3.43600	6919.62894
3.44900	6895.97349
3.46200	6872.62982
3.47500	6849.59474
3.48800	6826.86506
3.50100	6804.43764
3.51400	6782.30935
3.52700	6760.47708
3.54000	6738.93775
3.55300	6717.68830
3.56600	6696.72569
3.57900	6676.04691
3.59200	6655.64897
3.60500	6635.52892
3.61800	6615.68380
3.63100	6596.11071
3.64400	6576.80677
3.65700	6557.76911
3.67000	6538.99490
3.68300	6520.48129
3.69600	6502.22547
3.70900	6484.22467
3.72200	6466.47617
3.73500	6448.97718
3.74800	6431.72499
3.76100	6414.71691
3.77400	6397.95037
3.78700	6381.42268
3.80000	6365.13122
3.81300	6349.07340
3.82600	6333.24686
3.83900	6317.64900
3.85200	6302.27736
3.86500	6287.12952
3.87800	6272.20341
3.89100	6257.49669
3.90400	6243.00659
3.91700	6228.73021
3.93000	6214.66420
3.94300	6200.80270
3.95600	6187.14513
3.96900	6173.68963
3.98200	6160.43428
3.99500	6147.37715
4.00800	6134.51620
4.02100	6121.84918
4.03400	6109.37384
4.04700	6097.08801
4.06000	6084.98941
4.07300	6073.07581
4.08600	6061.34500
4.09900	6049.79482
4.11200	6038.42312
4.12500	6027.22770
4.13800	6016.20642
4.15100	6005.35721
4.16400	5994.67803
4.17700	5984.16675
4.19000	5973.82132
4.20300	5963.63973
4.21600	5953.62020
4.22900	5943.76061
4.24200	5934.05901
4.25500	5924.51348
4.26800	5915.12261
4.28100	5905.88450
4.29400	5896.79721
4.30700	5887.85888
4.32000	5879.06792
4.33300	5870.42084
4.34600	5861.91375
4.35900	5853.54452
4.37200	5845.31191
4.38500	5837.21500
4.39800	5829.25256
4.41100	5821.42298
4.42400	5813.72461
4.43700	5806.15605
4.45000	5798.71546
4.46300	5791.40119
4.47600	5784.21160
4.48900	5777.14550
4.50200	5770.20127
4.51500	5763.37735
4.52800	5756.67224
4.54100	5750.08496
4.55400	5743.61378
4.56700	5737.25673
4.58000	5731.01220
4.59300	5724.87893
4.60600	5718.85595
4.61900	5712.94135
4.63200	5707.13381
4.64500	5701.43217
4.65800	5695.83713
4.67100	5690.34666
4.68400	5684.95994
4.69700	5679.67615
4.71000	5674.49738
4.72300	5669.42115
4.73600	5664.44573
4.74900	5659.57028
4.76200	5654.79722
4.77500	5650.12113
4.78800	5645.53078
4.80100	5641.01405
4.81400	5636.54773
4.82700	5632.08825
4.84000	5627.67971
4.85300	5623.34974
4.86600	5619.13184
4.87900	5615.04776
4.89200	5611.07440
4.90500	5607.20880
4.91800	5603.44876
4.93100	5599.81051
4.94400	5596.29736
4.95700	5592.91745
4.97000	5589.68473
4.98300	5586.65563
4.99600	5583.90548
5.00900	5581.48171
5.02200	5579.46018
5.03500	5578.01187
5.04800	5577.44270
5.06100	5577.60915
5.07400	5578.49400
5.08700	5580.07856
5.10000	5582.53256
5.11300	5585.62145
5.12600	5589.37971
5.13900	5593.84847
5.15200	5599.41896
5.16500	5606.10694
5.17800	5614.03028
5.19100	5623.38713
5.20400	5634.95454
5.21700	5649.19331
5.23000	5666.00444
5.24300	5685.73088
5.25600	5709.36213
5.26900	5738.88303
5.28200	5772.90621
5.29500	5809.89917
5.30800	5847.75867
5.32100	5873.33893
5.33400	5871.69238
5.34700	5836.48817
5.36000	5765.28802
5.37300	5685.18877
5.38600	5622.95963
5.39900	5576.92467
5.41200	5545.78798
5.42500	5527.40273
5.43800	5515.72435
5.45100	5507.59373
5.46400	5501.85589
5.47700	5497.62209
5.49000	5494.21094
5.50300	5491.20049
5.51600	5488.49890
5.52900	5486.03612
5.54200	5483.79274
5.55500	5481.67165
5.56800	5479.65804
5.58100	5477.73811
5.59400	5475.91373
5.60700	5474.15766
5.62000	5472.45915
5.63300	5470.81239
5.64600	5469.21682
5.65900	5467.66433
5.67200	5466.14787
5.68500	5464.66503
5.69800	5463.21495
5.71100	5461.79628
5.72400	5460.40390
5.73700	5459.03642
5.75000	5457.69266
5.76300	5456.37327
5.77600	5455.07432
5.78900	5453.79482
5.80200	5452.53381
5.81500	5451.29157
5.82800	5450.06594
5.84100	5448.85584
5.85400	5447.66050
5.86700	5446.47975
5.88000	5445.31256
5.89300	5444.15779
5.90600	5443.01480
5.91900	5441.88317
5.93200	5440.76246
5.94500	5439.65157
5.95800	5438.54992
5.97100	5437.45700
5.98400	5436.37265
5.99700	5435.29584
6.01000	5434.22606
6.02300	5433.16281
6.03600	5432.10588
6.04900	5431.05452
6.06200	5430.00819
6.07500	5428.96644
6.08800	5427.92896
6.10100	5426.89521
6.11400	5425.86465
6.12700	5424.83685
6.14000	5423.81145
6.15300	5422.78807
6.16600	5421.76620
6.17900	5420.74545
6.19200	5419.72544
6.20500	5418.70586
6.21800	5417.68623
6.23100	5416.66617
6.24400	5415.64533
6.25700	5414.62334
6.27000	5413.59977
6.28300	5412.57425
6.29600	5411.54644
6.30900	5410.51587
6.32200	5409.48204
6.33500	5408.44455
6.34800	5407.40301
6.36100	5406.35696
6.37400	5405.30612
6.38700	5404.25154
6.40000	5403.19417
6.41300	5402.13527
6.42600	5401.07402
6.43900	5400.00848
6.45200	5398.93812
6.46500	5397.86242
6.47800	5396.78099
6.49100	5395.69343
6.50400	5394.59949
6.51700	5393.49894
6.53000	5392.39153
6.54300	5391.27706
6.55600	5390.15531
6.56900	5389.02608
6.58200	5387.88915
6.59500	5386.74429
6.60800	5385.59132
6.62100	5384.43003
6.63400	5383.26022
6.64700	5382.08157
6.66000	5380.89393
6.67300	5379.69711
6.68600	5378.49087
6.69900	5377.27470
6.71200	5376.04835
6.72500	5374.81167
6.73800	5373.56451
6.75100	5372.30660
6.76400	5371.03944
6.77700	5369.76469
6.79000	5368.48249
6.80300	5367.19211
6.81600	5365.89253
6.82900	5364.58295
6.84200	5363.26310
6.85500	5361.93278
6.86800	5360.59181
6.88100	5359.24004
6.89400	5357.87739
6.90700	5356.50378
6.92000	5355.11913
6.93300	5353.72336
6.94600	5352.31639
6.95900	5350.89817
6.97200	5349.46862
6.98500	5348.02769
6.99800	5346.57531
7.01100	5345.11143
7.02400	5343.63601
7.03700	5342.14899
7.05000	5340.65034
7.06300	5339.14000
7.07600	5337.61796
7.08900	5336.08416
7.10200	5334.53859
7.11500	5332.98121
7.12800	5331.41201
7.14100	5329.83096
7.15400	5328.23804
7.16700	5326.63325
7.18000	5325.01657
7.19300	5323.38800
7.20600	5321.74752
7.21900	5320.09514
7.23200	5318.43087
7.24500	5316.75470
7.25800	5315.06664
7.27100	5313.36671
7.28400	5311.65491
7.29700	5309.93126
7.31000	5308.19579
7.32300	5306.44851
7.33600	5304.68946
7.34900	5302.91864
7.36200	5301.13611
7.37500	5299.34188
7.38800	5297.53600
7.40100	5295.71849
7.41400	5293.88942
7.42700	5292.04880
7.44000	5290.19670
7.45300	5288.33316
7.46600	5286.45822
7.47900	5284.57195
7.49200	5282.67440
7.50500	5280.76562
7.51800	5278.84568
7.53100	5276.91463
7.54400	5274.97255
7.55700	5273.01950
7.57000	5271.05554
7.58300	5269.08075
7.59600	5267.09521
7.60900	5265.09898
7.62200	5263.09215
7.63500	5261.07480
7.64800	5259.04700
7.66100	5257.00884
7.67400	5254.96041
7.68700	5252.90180
7.70000	5250.83308
7.71300	5248.75437
7.72600	5246.66574
7.73900	5244.56730
7.75200	5242.45914
7.76500	5240.34136
7.77800	5238.21407
7.79100	5236.07735
7.80400	5233.93133
7.81700	5231.77610
7.83000	5229.61178
7.84300	5227.43847
7.85600	5225.25628
7.86900	5223.06533
7.88200	5220.86572
7.89500	5218.65759
7.90800	5216.44104
7.92100	5214.21619
7.93400	5211.98317
7.94700	5209.74209
7.96000	5207.49308
7.97300	5205.23626
7.98600	5202.97177
7.99900	5200.69972
8.01200	5198.42025
8.02500	5196.13348
8.03800	5193.83956
8.05100	5191.53860
8.06400	5189.23075
8.07700	5186.91615
8.09000	5184.59492
8.10300	5182.26721
8.11600	5179.93315
8.12900	5177.59289
8.14200	5175.24657
8.15500	5172.89432
8.16800	5170.53630
8.18100	5168.17266
8.19400	5165.80363
8.20700	5163.42946
8.22000	5161.05160
8.23300	5158.67254
8.24600	5156.29519
8.25900	5153.92236
8.27200	5151.56194
8.28500	5149.21625
8.29800	5146.88733
8.31100	5144.57983
8.32400	5142.30930
8.33700	5140.10561
8.35000	5137.98667
8.36300	5135.96888
8.37600	5134.07903
8.38900	5132.19784
8.40200	5130.10300
8.41500	5127.83031
8.42800	5125.45066
8.44100	5123.04705
8.45400	5120.64178
8.46700	5118.23559
8.48000	5115.83047
8.49300	5113.42830
8.50600	5111.03031
8.51900	5108.63921
8.53200	5106.25863
8.54500	5103.88886
8.55800	5101.53260
8.57100	5099.19540
8.58400	5096.89717
8.59700	5094.64553
8.61000	5092.44803
8.62300	5090.31516
8.63600	5088.18953
8.64900	5085.95544
8.66200	5083.63598
8.67500	5081.26494
8.68800	5078.88472
8.70100	5076.50676
8.71400	5074.13179
8.72700	5071.75986
8.74000	5069.39120
8.75300	5067.02588
8.76600	5064.66442
8.77900	5062.30732
8.79200	5059.95525
8.80500	5057.60945
8.81800	5055.27241
8.83100	5052.95227
8.84400	5050.64966
8.85700	5048.36704
8.87000	5046.10687
8.88300	5043.88614
8.89600	5041.70576
8.90900	5039.57866
8.92200	5037.51968
8.93500	5035.59577
8.94800	5033.81341
8.96100	5032.08508
8.97400	5030.32055
8.98700	5028.28746
9.00000	5026.13692
9.01300	5023.96203
9.02600	5021.78716
9.03900	5019.62327
9.05200	5017.47248
9.06500	5015.33594
9.07800	5013.21519
9.09100	5011.11171
9.10400	5009.02970
9.11700	5006.97347
9.13000	5004.94249
9.14300	5002.94053
9.15600	5000.97615
9.16900	4999.07760
9.18200	4997.25535
9.19500	4995.51889
9.20800	4993.88246
9.22100	4992.31844
9.23400	4990.70927
9.24700	4989.13054
9.26000	4987.66931
9.27300	4986.53873
9.28600	4985.77365
9.29900	4985.39087
9.31200	4985.39498
9.32500	4985.78009
9.33800	4986.58066
9.35100	4987.91333
9.36400	4989.89665
9.37700	4993.00086
9.39000	4997.03548
9.40300	5001.24916
9.41600	5004.71972
9.42900	5004.75899
9.44200	4998.42645
9.45500	4988.97790
9.46800	4978.50797
9.48100	4970.22126
9.49400	4965.12829
9.50700	4961.49017
9.52000	4958.89915
9.53300	4957.00171
9.54600	4955.73054
9.55900	4954.77895
9.57200	4954.12936
9.58500	4953.77091
9.59800	4954.04975
9.61100	4954.78482
9.62400	4955.97365
9.63700	4957.64242
9.65000	4959.96062
9.66300	4962.26447
9.67600	4963.76853
9.68900	4963.78540
9.70200	4960.32343
9.71500	4955.53318
9.72800	4950.98991
9.74100	4947.53715
9.75400	4945.70497
9.76700	4944.74538
9.78000	4944.27634
9.79300	4944.16209
9.80600	4944.31965
9.81900	4944.71872
9.83200	4945.34211
9.84500	4946.20419
9.85800	4947.37670
9.87100	4948.84182
9.88400	4950.57861
9.89700	4952.55830
9.91000	4954.79634
9.92300	4957.34669
9.93600	4960.29962
9.94900	4963.60360
9.96200	4967.28889
9.97500	4971.39793
9.98800	4976.16588
10.00100	4981.48572
10.01400	4987.41448
10.02700	4994.03067
10.04000	5001.66889
10.05300	5010.32796
10.06600	5020.04574
10.07900	5030.97243
10.09200	5043.58941
10.10500	5058.30215
10.11800	5075.12597
10.13100	5094.40496
10.14400	5116.85413
10.15700	5143.82034
10.17000	5174.82686
10.18300	5210.80112
10.19600	5252.81389
10.20900	5307.20314
10.22200	5374.42565
10.23500	5458.76230
10.24800	5565.27381
10.26100	5719.99060
10.27400	5946.06243
10.28700	6266.16694
10.30000	6705.85463
10.31300	7339.44730
10.32600	8206.89621
10.33900	9293.81678
10.35200	10627.21308
10.36500	12280.80476
10.37800	14447.25730
10.39100	17098.38851
10.40400	20207.42295
10.41700	23725.21858
10.43000	26738.22859
10.44300	27877.98384
10.45600	26737.75686
10.46900	23159.99783
10.48200	18373.10905
10.49500	14213.26205
10.50800	11025.61221
10.52100	8946.40379
10.53400	7896.07471
10.54700	7347.09797
10.56000	7097.31615
10.57300	7076.06393
10.58600	7240.34784
10.59900	7566.29001
10.61200	8077.09056
10.62500	8772.84079
10.63800	9663.60185
10.65100	10776.13054
10.66400	12219.62061
10.67700	13908.60905
10.69000	15537.88418
10.70300	16815.38943
10.71600	16923.47050
10.72900	15417.70271
10.74200	13258.64393
10.75500	10863.54394
10.76800	8804.89381
10.78100	7501.10244
10.79400	6637.98102
10.80700	6109.46843
10.82000	5800.42479
10.83300	5608.69564
10.84600	5466.21303
10.85900	5359.81705
10.87200	5279.90134
10.88500	5220.99533
10.89800	5172.23650
10.91100	5131.96291
10.92400	5098.58680
10.93700	5071.82638
10.95000	5048.38582
10.96300	5027.88927
10.97600	5010.02570
10.98900	4994.95428
11.00200	4981.49812
11.01500	4969.44006
11.02800	4958.66188
11.04100	4949.39626
11.05400	4941.06442
11.06700	4933.51303
11.08000	4926.69048
11.09300	4920.80184
11.10600	4915.53476
11.11900	4910.74533
11.13200	4906.38375
11.14500	4902.49533
11.15800	4898.99040
11.17100	4895.78522
11.18400	4892.86080
11.19700	4890.24140
11.21000	4887.90054
11.22300	4885.76972
11.23600	4883.83778
11.24900	4882.11384
11.26200	4880.60242
11.27500	4879.24646
11.28800	4878.03899
11.30100	4876.98049
11.31400	4876.09078
11.32700	4875.32164
11.34000	4874.66852
11.35300	4874.12906
11.36600	4873.72396
11.37900	4873.41836
11.39200	4873.20706
11.40500	4873.08744
11.41800	4873.07631
11.43100	4873.15265
11.44400	4873.31096
11.45700	4873.55507
11.47000	4873.89810
11.48300	4874.33465
11.49600	4874.86325
11.50900	4875.49936
11.52200	4876.28605
11.53500	4877.22826
11.54800	4878.31597
11.56100	4879.52536
11.57400	4880.76138
11.58700	4882.14589
11.60000	4883.62118
11.61300	4885.12370
11.62600	4886.39679
11.63900	4887.62860
11.65200	4888.88958
11.66500	4890.19922
11.67800	4891.56277
11.69100	4892.98150
11.70400	4894.45204
11.71700	4895.97186
11.73000	4897.54243
11.74300	4899.16806
11.75600	4900.84871
11.76900	4902.58425
11.78200	4904.38012
11.79500	4906.25573
11.80800	4908.22117
11.82100	4910.29367
11.83400	4912.49605
11.84700	4914.94523
11.86000	4917.62228
11.87300	4920.53517
11.88600	4923.71711
11.89900	4927.46006
11.91200	4931.83234
11.92500	4936.71432
11.93800	4942.19936
11.95100	4948.61853
11.96400	4956.15173
11.97700	4964.06532
11.99000	4971.97228
12.00300	4978.88845
12.01600	4983.98777
12.02900	4987.93265
12.04200	4989.91651
12.05500	4989.40083
12.06800	4984.07357
12.08100	4978.34955
12.09400	4973.98463
12.10700	4971.76574
12.12000	4971.81119
12.13300	4972.95960
12.14600	4974.67540
12.15900	4976.77796
12.17200	4979.17856
12.18500	4981.84570
12.19800	4984.62249
12.21100	4987.48887
12.22400	4990.43758
12.23700	4993.67989
12.25000	4996.99924
12.26300	5000.35194
12.27600	5003.76661
12.28900	5007.36295
12.30200	5011.10413
12.31500	5014.95553
12.32800	5018.87706
12.34100	5022.86705
12.35400	5026.92217
12.36700	5031.03621
12.38000	5035.20748
12.39300	5039.44241
12.40600	5043.74286
12.41900	5048.09261
12.43200	5052.49461
12.44500	5056.94970
12.45800	5061.46696
12.47100	5065.99404
12.48400	5070.50912
12.49700	5075.00884
12.51000	5079.53838
12.52300	5084.16989
12.53600	5089.18919
12.54900	5094.45555
12.56200	5099.93995
12.57500	5105.57068
12.58800	5111.32703
12.60100	5117.21242
12.61400	5123.25985
12.62700	5129.48417
12.64000	5135.89209
12.65300	5142.49342
12.66600	5149.31459
12.67900	5156.42240
12.69200	5163.89881
12.70500	5171.78184
12.71800	5180.02045
12.73100	5188.62292
12.74400	5196.93220
12.75700	5205.36779
12.77000	5214.01213
12.78300	5223.05425
12.79600	5232.45856
12.80900	5242.28000
12.82200	5252.67445
12.83500	5263.76048
12.84800	5275.56876
12.86100	5288.02639
12.87400	5301.17970
12.88700	5315.21362
12.90000	5330.43571
12.91300	5346.74177
12.92600	5364.26608
12.93900	5383.21513
12.95200	5404.51524
12.96500	5427.77572
12.97800	5453.12875
12.99100	5480.78355
13.00400	5512.60711
13.01700	5548.39624
13.03000	5588.23877
13.04300	5632.57467
13.05600	5684.22572
13.06900	5745.45952
13.08200	5817.08223
13.09500	5901.31945
13.10800	6003.69950
13.12100	6137.77781
13.13400	6309.39120
13.14700	6532.34137
13.16000	6825.38363
13.17300	7274.80153
13.18600	7896.67093
13.19900	8730.36588
13.21200	9823.58481
13.22500	11407.26927
13.23800	13501.05990
13.25100	16087.35727
13.26400	19113.01464
13.27700	22522.61269
13.29000	25440.40007
13.30300	27785.90735
13.31600	29602.65265
13.32900	30667.04841
13.34200	29889.27029
13.35500	27515.10152
13.36800	23813.41265
13.38100	19597.11416
13.39400	15738.27703
13.40700	12591.94377
13.42000	10260.19042
13.43300	8799.79027
13.44600	7981.09454
13.45900	7406.96460
13.47200	7004.45482
13.48500	6715.22669
13.49800	6516.46381
13.51100	6359.88336
13.52400	6234.89388
13.53700	6134.73232
13.55000	6057.27681
13.56300	5994.41778
13.57600	5941.60446
13.58900	5897.24789
13.60200	5860.84692
13.61500	5830.95128
13.62800	5805.26217
13.64100	5783.24656
13.65400	5764.67860
13.66700	5749.55705
13.68000	5736.57938
13.69300	5725.47154
13.70600	5716.11498
13.71900	5709.14637
13.73200	5703.84768
13.74500	5699.84747
13.75800	5696.92052
13.77100	5695.01432
13.78400	5694.40917
13.79700	5694.95463
13.81000	5696.69735
13.82300	5700.10096
13.83600	5705.58079
13.84900	5712.95121
13.86200	5722.31218
13.87500	5734.11927
13.88800	5747.85428
13.90100	5760.68248
13.91400	5770.60931
13.92700	5775.40714
13.94000	5773.83917
13.95300	5773.71108
13.96600	5776.28275
13.97900	5781.12269
13.99200	5784.94155
14.00500	5785.55292
14.01800	5782.30483
14.03100	5777.01344
14.04400	5772.36768
14.05700	5769.02814
14.07000	5767.69133
14.08300	5769.45004
14.09600	5772.69640
14.10900	5777.76530
14.12200	5783.72728
14.13500	5789.99624
14.14800	5795.93731
14.16100	5801.84764
14.17400	5807.93530
14.18700	5814.18639
14.20000	5820.56570
14.21300	5827.08474
14.22600	5833.72043
14.23900	5840.46178
14.25200	5847.29881
14.26500	5854.24554
14.27800	5861.28945
14.29100	5868.42377
14.30400	5875.65484
14.31700	5883.01801
14.33000	5890.51393
14.34300	5898.14760
14.35600	5905.99001
14.36900	5914.13431
14.38200	5922.63769
14.39500	5931.54349
14.40800	5940.90626
14.42100	5950.25441
14.43400	5959.80046
14.44700	5969.73643
14.46000	5980.82217
14.47300	5993.11699
14.48600	6006.82798
14.49900	6022.38008
14.51200	6040.71509
14.52500	6061.13449
14.53800	6083.30515
14.55100	6106.66793
14.56400	6125.62335
14.57700	6136.52246
14.59000	6138.37247
14.60300	6129.38967
14.61600	6121.40219
14.62900	6116.81952
14.64200	6116.58881
14.65500	6120.80697
14.66800	6126.98356
14.68100	6134.39256
14.69400	6142.74435
14.70700	6151.86331
14.72000	6161.31746
14.73300	6171.01649
14.74600	6180.92966
14.75900	6191.29238
14.77200	6202.41013
14.78500	6214.13876
14.79800	6226.33089
14.81100	6238.89064
14.82400	6251.75754
14.83700	6264.94875
14.85000	6278.51343
14.86300	6292.60570
14.87600	6307.13112
14.88900	6322.11958
14.90200	6337.61177
14.91500	6353.90060
14.92800	6370.82914
14.94100	6388.45305
14.95400	6406.84833
14.96700	6426.46269
14.98000	6447.22724
14.99300	6469.18971
15.00600	6492.50452
15.01900	6517.92034
15.03200	6545.76075
15.04500	6575.74932
15.05800	6607.84131
15.07100	6642.15666
15.08400	6680.09089
15.09700	6721.77397
15.11000	6767.84019
15.12300	6819.73498
15.13600	6880.05319
15.14900	6948.95924
15.16200	7028.45427
15.17500	7121.38996
15.18800	7239.51301
15.20100	7381.88261
15.21400	7553.49171
15.22700	7759.52798
15.24000	8032.81166
15.25300	8370.79011
15.26600	8787.32739
15.27900	9305.00806
15.29200	10063.34004
15.30500	11185.11662
15.31800	12744.08532
15.33100	14828.90327
15.34400	17748.22718
15.35700	21616.76645
15.37000	26194.38079
15.38300	31170.42463
15.39600	35709.73736
15.40900	37265.83781
15.42200	36009.16008
15.43500	32483.99201
15.44800	27810.67806
15.46100	22818.96178
15.47400	18336.50245
15.48700	14678.45455
15.50000	12179.07853
15.51300	10799.22360
15.52600	9833.44750
15.53900	9168.74137
15.55200	8703.14140
15.56500	8395.84677
15.57800	8158.48142
15.59100	7974.04827
15.60400	7831.19888
15.61700	7727.29170
15.63000	7646.40042
15.64300	7582.45324
15.65600	7533.64085
15.66900	7499.15593
15.68200	7475.58783
15.69500	7460.40922
15.70800	7454.07842
15.72100	7455.50544
15.73400	7464.40475
15.74700	7479.79054
15.76000	7501.16366
15.77300	7528.76445
15.78600	7563.30763
15.79900	7606.76873
15.81200	7660.44046
15.82500	7723.13851
15.83800	7795.65135
15.85100	7883.28693
15.86400	7988.78070
15.87700	8112.78969
15.89000	8258.61833
15.90300	8444.80475
15.91600	8675.67550
15.92900	8958.78165
15.94200	9303.97862
15.95500	9800.27550
15.96800	10467.47481
15.98100	11364.23899
15.99400	12582.67945
16.00700	14536.88370
16.02000	17209.11400
16.03300	20703.17980
16.04600	25319.80667
16.05900	31547.22759
16.07200	38794.13142
16.08500	46586.59033
16.09800	53693.54319
16.11100	56297.82910
16.12400	54787.12207
16.13700	49508.25562
16.15000	42176.86965
16.16300	34424.07302
16.17600	27137.27067
16.18900	20830.54154
16.20200	16899.98108
16.21500	14259.96358
16.22800	12459.27712
16.24100	11244.36142
16.25400	10487.32644
16.26700	9899.22471
16.28000	9444.54845
16.29300	9094.86639
16.30600	8837.47740
16.31900	8623.63640
16.33200	8446.87144
16.34500	8303.69417
16.35800	8189.22526
16.37100	8090.91760
16.38400	8006.85066
16.39700	7937.44069
16.41000	7879.79763
16.42300	7829.64211
16.43600	7785.83996
16.44900	7748.34554
16.46200	7715.87480
16.47500	7687.09888
16.48800	7661.71422
16.50100	7640.22102
16.51400	7621.54695
16.52700	7605.42371
16.54000	7591.68207
16.55300	7580.52441
16.56600	7570.60852
16.57900	7562.03652
16.59200	7555.02029
16.60500	7550.60986
16.61800	7547.04405
16.63100	7544.59943
16.64400	7543.51132
16.65700	7543.84446
16.67000	7545.08598
16.68300	7546.41697
16.69600	7548.23285
16.70900	7550.53806
16.72200	7553.54571
16.73500	7557.55067
16.74800	7563.64470
16.76100	7572.08177
16.77400	7583.10202
16.78700	7597.10500
16.80000	7614.30112
16.81300	7631.67706
16.82600	7646.46107
16.83900	7655.62221
16.85200	7652.28606
16.86500	7643.56470
16.87800	7635.22054
16.89100	7630.43234
16.90400	7630.97373
16.91700	7635.96435
16.93000	7643.94674
16.94300	7654.81707
16.95600	7667.17360
16.96900	7679.79769
16.98200	7691.99222
16.99500	7702.97499
17.00800	7710.32769
17.02100	7713.08157
17.03400	7711.96997
17.04700	7709.12442
17.06000	7709.75562
17.07300	7714.35606
17.08600	7722.01242
17.09900	7731.57835
17.11200	7741.89475
17.12500	7749.73934
17.13800	7753.16167
17.15100	7754.37511
17.16400	7754.73456
17.17700	7756.47471
17.19000	7759.76519
17.20300	7764.11074
17.21600	7769.34754
17.22900	7775.75902
17.24200	7782.80500
17.25500	7790.15335
17.26800	7797.70093
17.28100	7805.41076
17.29400	7813.24767
17.30700	7821.16623
17.32000	7829.26396
17.33300	7837.52633
17.34600	7846.14648
17.35900	7854.58948
17.37200	7862.98782
17.38500	7871.33628
17.39800	7879.63240
17.41100	7887.70761
17.42400	7895.83495
17.43700	7904.28211
17.45000	7913.26589
17.46300	7922.55658
17.47600	7931.93334
17.48900	7941.13756
17.50200	7950.39039
17.51500	7959.76244
17.52800	7969.38633
17.54100	7979.35565
17.55400	7989.78910
17.56700	8000.97084
17.58000	8012.70118
17.59300	8023.90612
17.60600	8034.63445
17.61900	8045.15408
17.63200	8055.91059
17.64500	8067.02089
17.65800	8078.59342
17.67100	8090.96079
17.68400	8103.91950
17.69700	8117.63212
17.71000	8132.28274
17.72300	8148.07415
17.73600	8164.14044
17.74900	8179.78426
17.76200	8193.99624
17.77500	8204.58254
17.78800	8214.38901
17.80100	8224.67672
17.81400	8236.62810
17.82700	8250.77790
17.84000	8265.92087
17.85300	8280.32101
17.86600	8293.23899
17.87900	8306.07351
17.89200	8320.08029
17.90500	8338.39483
17.91800	8362.31934
17.93100	8392.03650
17.94400	8428.26815
17.95700	8473.92408
17.97000	8526.61389
17.98300	8579.82312
17.99600	8627.02051
18.00900	8653.54366
18.02200	8654.12566
18.03500	8646.25117
18.04800	8634.02200
18.06100	8619.42980
18.07400	8604.39293
18.08700	8596.16310
18.10000	8595.59546
18.11300	8603.34673
18.12600	8619.28876
18.13900	8639.19853
18.15200	8661.20745
18.16500	8685.35792
18.17800	8712.91953
18.19100	8743.11795
18.20400	8775.90976
18.21700	8810.87217
18.23000	8849.56884
18.24300	8892.21098
18.25600	8938.14857
18.26900	8988.22549
18.28200	9042.73934
18.29500	9104.07333
18.30800	9172.64168
18.32100	9252.53568
18.33400	9344.68983
18.34700	9453.67231
18.36000	9581.11883
18.37300	9746.59729
18.38600	9954.91296
18.39900	10217.11205
18.41200	10544.20511
18.42500	10974.21988
18.43800	11474.28331
18.45100	12009.34143
18.46400	12560.64112
18.47700	12928.83965
18.49000	13164.43422
18.50300	13356.06944
18.51600	13615.75483
18.52900	14011.34374
18.54200	14617.88483
18.55500	15551.11004
18.56800	16999.58093
18.58100	19459.67855
18.59400	22960.25153
18.60700	27639.31923
18.62000	33595.26164
18.63300	40967.73621
18.64600	47831.03367
18.65900	52410.16025
18.67200	53676.57010
18.68500	50679.13738
18.69800	46524.40159
18.71100	42041.74682
18.72400	37397.46826
18.73700	32766.35167
18.75000	30112.26588
18.76300	29371.12138
18.77600	30185.78552
18.78900	32392.90155
18.80200	35392.41858
18.81500	38562.61164
18.82800	41899.54693
18.84100	44941.77933
18.85400	45285.32914
18.86700	43391.26335
18.88000	40380.57837
18.89300	37352.30302
18.90600	34751.83801
18.91900	32642.01760
18.93200	31449.55584
18.94500	31487.55648
18.95800	32299.74910
18.97100	32575.03366
18.98400	31729.17801
18.99700	29488.13129
19.01000	26795.84062
19.02300	24054.25268
19.03600	21212.70890
19.04900	18306.43088
19.06200	16004.96526
19.07500	14356.59202
19.08800	13171.66752
19.10100	12341.80522
19.11400	11778.96244
19.12700	11365.97179
19.14000	11042.27395
19.15300	10785.62509
19.16600	10582.57107
19.17900	10422.05416
19.19200	10288.93931
19.20500	10179.77019
19.21800	10087.77959
19.23100	10013.35279
19.24400	9950.59122
19.25700	9897.86590
19.27000	9853.53436
19.28300	9817.89230
19.29600	9789.65233
19.30900	9768.75312
19.32200	9754.30238
19.33500	9746.50510
19.34800	9745.70842
19.36100	9751.36843
19.37400	9763.67316
19.38700	9783.12274
19.40000	9811.80126
19.41300	9850.34816
19.42600	9896.74608
19.43900	9951.16615
19.45200	10018.27381
19.46500	10101.32833
19.47800	10203.19130
19.49100	10330.94163
19.50400	10504.86876
19.51700	10735.64407
19.53000	11034.57547
19.54300	11416.98959
19.55600	11982.23411
19.56900	12782.90472
19.58200	13859.40180
19.59500	15251.09048
19.60800	17203.30383
19.62100	19493.43960
19.63400	21849.85723
19.64700	24056.08166
19.66000	24802.87963
19.67300	24425.94170
19.68600	23387.07463
19.69900	22121.69174
19.71200	20795.46448
19.72500	19541.90513
19.73800	18744.39509
19.75100	18618.91469
19.76400	19397.42646
19.77700	20639.94274
19.79000	21910.38578
19.80300	22253.93211
19.81600	21708.74162
19.82900	20540.82977
19.84200	19173.65433
19.85500	17736.18678
19.86800	16100.71551
19.88100	14516.18776
19.89400	13153.83494
19.90700	12172.36726
19.92000	11561.98702
19.93300	11119.87257
19.94600	10800.23726
19.95900	10566.50581
19.97200	10397.74683
19.98500	10270.58759
19.99800	10169.13159
20.01100	10088.95958
20.02400	10025.52157
20.03700	9977.53063
20.05000	9939.60009
20.06300	9910.36737
20.07600	9888.55039
20.08900	9873.17136
20.10200	9864.03104
20.11500	9859.01954
20.12800	9858.52223
20.14100	9862.23055
20.15400	9870.22380
20.16700	9883.05887
20.18000	9899.64467
20.19300	9920.12219
20.20600	9944.76574
20.21900	9975.28235
20.23200	10012.03317
20.24500	10054.70718
20.25800	10103.78444
20.27100	10160.39857
20.28400	10228.90298
20.29700	10308.49823
20.31000	10400.87788
20.32300	10507.99537
20.33600	10643.24874
20.34900	10805.95951
20.36200	11002.71930
20.37500	11240.92826
20.38800	11556.55966
20.40100	11971.74937
20.41400	12512.91087
20.42700	13220.06413
20.44000	14223.07633
20.45300	15725.23765
20.46600	17808.62788
20.47900	20577.45500
20.49200	24230.42211
20.50500	28728.21147
20.51800	33019.87096
20.53100	36289.33117
20.54400	37649.42062
20.55700	35835.88360
20.57000	33433.85648
20.58300	30645.42001
20.59600	27604.67998
20.60900	23954.32841
20.62200	20634.18366
20.63500	17912.30247
20.64800	15900.85286
20.66100	14613.35794
20.67400	13764.58807
20.68700	13160.49814
20.70000	12742.80052
20.71300	12472.98418
20.72600	12314.03599
20.73900	12220.53295
20.75200	12187.42281
20.76500	12215.46682
20.77800	12304.30695
20.79100	12442.37693
20.80400	12639.04878
20.81700	12919.13961
20.83000	13284.63647
20.84300	13749.04808
20.85600	14350.04811
20.86900	15193.53036
20.88200	16310.16219
20.89500	17788.23048
20.90800	19806.62240
20.92100	22914.09443
20.93400	27205.12762
20.94700	32890.18875
20.96000	40424.96169
20.97300	49808.29906
20.98600	59060.88027
20.99900	66862.26714
21.01200	70866.79554
21.02500	68699.36731
21.03800	64498.10397
21.05100	58590.97446
21.06400	52033.91049
21.07700	44277.35904
21.09000	36831.84153
21.10300	30042.65445
21.11600	24827.97944
21.12900	21375.68872
21.14200	18832.58742
21.15500	17039.20629
21.16800	15799.01438
21.18100	14928.70619
21.19400	14254.20123
21.20700	13737.57643
21.22000	13350.28645
21.23300	13066.87973
21.24600	12846.84237
21.25900	12684.65680
21.27200	12570.99253
21.28500	12503.15591
21.29800	12468.09564
21.31100	12470.90975
21.32400	12510.45542
21.33700	12587.17533
21.35000	12697.02781
21.36300	12853.78742
21.37600	13062.42353
21.38900	13328.67313
21.40200	13658.92009
21.41500	14091.76626
21.42800	14667.30641
21.44100	15410.78598
21.45400	16368.80121
21.46700	17670.83906
21.48000	19544.57002
21.49300	21979.39852
21.50600	24977.62038
21.51900	28539.77337
21.53200	32146.42128
21.54500	35069.70340
21.55800	37291.19376
21.57100	38916.58391
21.58400	41485.78942
21.59700	45370.91750
21.61000	50430.66435
21.62300	56613.41595
21.63600	63645.79892
21.64900	70883.46622
21.66200	78193.63042
21.67500	85695.49729
21.68800	94656.13925
21.70100	102459.88682
21.71400	105423.25495
21.72700	102709.78790
21.74000	94072.68043
21.75300	84754.86265
21.76600	75918.73770
21.77900	66925.43378
21.79200	57060.71575
21.80500	48218.38388
21.81800	41854.61515
21.83100	37914.25783
21.84400	36253.40489
21.85700	36717.64165
21.87000	37595.29385
21.88300	38114.37875
21.89600	37603.42700
21.90900	35176.17587
21.92200	32569.62698
21.93500	29902.51795
21.94800	27244.29083
21.96100	24154.98130
21.97400	21224.48843
21.98700	18692.84506
22.00000	16715.73311
22.01300	15395.31450
22.02600	14423.85824
22.03900	13673.53615
22.05200	13089.28360
22.06500	12645.57510
22.07800	12288.36942
22.09100	11986.98866
22.10400	11731.41948
22.11700	11517.74908
22.13000	11336.32406
22.14300	11175.94974
22.15600	11034.29145
22.16900	10910.63000
22.18200	10802.44705
22.19500	10703.59226
22.20800	10613.66058
22.22100	10532.72486
22.23400	10461.88364
22.24700	10397.75786
22.26000	10339.83055
22.27300	10288.15497
22.28600	10242.49212
22.29900	10201.51958
22.31200	10165.40183
22.32500	10134.64076
22.33800	10110.93004
22.35100	10093.26325
22.36400	10081.00464
22.37700	10070.32327
22.39000	10058.35469
22.40300	10042.19962
22.41600	10014.91182
22.42900	9985.23038
22.44200	9956.99710
22.45500	9932.82914
22.46800	9914.78312
22.48100	9901.71077
22.49400	9892.76051
22.50700	9888.04225
22.52000	9887.13171
22.53300	9890.59375
22.54600	9897.81801
22.55900	9908.97655
22.57200	9924.23138
22.58500	9945.17778
22.59800	9972.26496
22.61100	10005.64223
22.62400	10045.89764
22.63700	10095.48663
22.65000	10158.55441
22.66300	10235.99008
22.67600	10330.68771
22.68900	10446.82203
22.70200	10601.50246
22.71500	10796.50584
22.72800	11042.87871
22.74100	11352.63708
22.75400	11797.94188
22.76700	12406.91858
22.78000	13235.82776
22.79300	14349.59267
22.80600	15996.83067
22.81900	18253.02566
22.83200	20950.03402
22.84500	23881.02772
22.85800	26521.66087
22.87100	27579.80163
22.88400	27280.69553
22.89700	26003.68016
22.91000	24407.53109
22.92300	22832.34097
22.93600	20932.87638
22.94900	18808.32328
22.96200	16615.83548
22.97500	14989.08941
22.98800	13849.71994
23.00100	13104.71805
23.01400	12691.07916
23.02700	12572.23186
23.04000	12699.53224
23.05300	12983.87947
23.06600	13319.37692
23.07900	13619.40151
23.09200	13652.10762
23.10500	13395.86552
23.11800	13044.98304
23.13100	12668.69060
23.14400	12310.19985
23.15700	11875.38183
23.17000	11420.80350
23.18300	10985.91794
23.19600	10644.34446
23.20900	10418.09988
23.22200	10259.69439
23.23500	10157.69428
23.24800	10103.21929
23.26100	10091.03101
23.27400	10114.07425
23.28700	10186.37730
23.30000	10315.03116
23.31300	10515.93202
23.32600	10802.72895
23.33900	11232.62035
23.35200	11748.37510
23.36500	12267.70706
23.37800	12705.01273
23.39100	12876.31974
23.40400	12744.85895
23.41700	12539.90712
23.43000	12332.83157
23.44300	12175.34087
23.45600	11972.61072
23.46900	11793.70504
23.48200	11721.32749
23.49500	11857.97260
23.50800	12174.52372
23.52100	12570.45704
23.53400	12934.42492
23.54700	13002.23460
23.56000	12793.86235
23.57300	12479.61205
23.58600	12137.03224
23.59900	11816.76756
23.61200	11414.81612
23.62500	10972.87473
23.63800	10537.35318
23.65100	10168.04962
23.66400	9922.90756
23.67700	9741.25639
23.69000	9609.30090
23.70300	9515.09697
23.71600	9452.07368
23.72900	9408.89126
23.74200	9380.75354
23.75500	9366.08024
23.76800	9356.66082
23.78100	9345.63952
23.79400	9327.72468
23.80700	9299.23457
23.82000	9271.24238
23.83300	9246.08874
23.84600	9221.66075
23.85900	9193.92023
23.87200	9161.75720
23.88500	9131.28521
23.89800	9104.02153
23.91100	9081.35377
23.92400	9064.41577
23.93700	9051.22171
23.95000	9041.03886
23.96300	9033.19993
23.97600	9027.56272
23.98900	9023.50538
24.00200	9020.81280
24.01500	9019.38567
24.02800	9019.36203
24.04100	9020.67614
24.05400	9023.19615
24.06700	9026.89554
24.08000	9031.99644
24.09300	9038.85422
24.10600	9047.37002
24.11900	9057.69792
24.13200	9069.97123
24.14500	9084.47890
24.15800	9101.59597
24.17100	9121.37060
24.18400	9144.88617
24.19700	9172.32172
24.21000	9206.43856
24.22300	9247.39804
24.23600	9296.93012
24.24900	9356.47798
24.26200	9431.12864
24.27500	9527.55280
24.28800	9650.74069
24.30100	9809.46386
24.31400	10013.58885
24.32700	10315.12828
24.34000	10727.20755
24.35300	11272.55793
24.36600	11961.25210
24.37900	12790.00386
24.39200	13543.92424
24.40500	14042.65704
24.41800	14212.01201
24.43100	14017.91991
24.44400	13747.24444
24.45700	13545.50374
24.47000	13367.89846
24.48300	13173.29438
24.49600	12956.43080
24.50900	12927.63166
24.52200	13093.44702
24.53500	13350.37648
24.54800	13600.89401
24.56100	13708.74086
24.57400	13546.16659
24.58700	13376.65074
24.60000	13242.07318
24.61300	13166.30940
24.62600	13082.78257
24.63900	12999.76631
24.65200	13000.82667
24.66500	13137.47678
24.67800	13511.20243
24.69100	14147.06221
24.70400	15047.50953
24.71700	16265.85732
24.73000	17994.76626
24.74300	20571.24106
24.75600	24144.21062
24.76900	28906.39039
24.78200	35207.09987
24.79500	42909.17044
24.80800	50090.36102
24.82100	55416.28868
24.83400	57493.00467
24.84700	54552.67188
24.86000	50903.52482
24.87300	47130.21989
24.88600	43540.36804
24.89900	38840.29394
24.91200	33234.72646
24.92500	27753.49316
24.93800	22968.03465
24.95100	19523.25395
24.96400	17129.74027
24.97700	15336.71102
24.99000	14002.60172
25.00300	13021.87787
25.01600	12306.78943
25.02900	11727.49215
25.04200	11257.84268
25.05500	10875.42148
25.06800	10580.63437
25.08100	10332.03476
25.09400	10124.31075
25.10700	9956.09451
25.12000	9828.56501
25.13300	9728.06470
25.14600	9647.36674
25.15900	9575.18268
25.17200	9495.29196
25.18500	9407.37494
25.19800	9311.69931
25.21100	9218.22947
25.22400	9133.50263
25.23700	9051.98594
25.25000	8969.56020
25.26300	8885.17571
25.27600	8809.80436
25.28900	8744.90412
25.30200	8688.54526
25.31500	8640.11049
25.32800	8597.74696
25.34100	8559.76587
25.35400	8524.92823
25.36700	8492.78509
25.38000	8463.04643
25.39300	8436.44699
25.40600	8411.88417
25.41900	8388.59516
25.43200	8366.52516
25.44500	8345.55684
25.45800	8325.26029
25.47100	8305.88578
25.48400	8287.32035
25.49700	8269.43783
25.51000	8253.69889
25.52300	8238.58399
25.53600	8224.15618
25.54900	8210.32266
25.56200	8197.16968
25.57500	8184.53113
25.58800	8172.35192
25.60100	8160.59360
25.61400	8149.23736
25.62700	8138.35831
25.64000	8128.37750
25.65300	8119.21782
25.66600	8110.81830
25.67900	8103.26934
25.69200	8096.64086
25.70500	8090.91043
25.71800	8085.87619
25.73100	8081.38079
25.74400	8076.68882
25.75700	8070.89584
25.77000	8064.14024
25.78300	8056.48567
25.79600	8048.59679
25.80900	8041.65359
25.82200	8035.79899
25.83500	8030.94432
25.84800	8027.02857
25.86100	8023.85291
25.87400	8021.42283
25.88700	8020.02229
25.90000	8019.71219
25.91300	8020.74301
25.92600	8022.87933
25.93900	8026.01189
25.95200	8030.42780
25.96500	8036.58280
25.97800	8044.74840
25.99100	8055.00735
26.00400	8067.18431
26.01700	8081.84642
26.03000	8099.95474
26.04300	8121.90918
26.05600	8148.03986
26.06900	8179.15600
26.08200	8217.92166
26.09500	8265.07570
26.10800	8321.56053
26.12100	8389.04773
26.13400	8476.83846
26.14700	8587.49062
26.16000	8725.71612
26.17300	8898.02537
26.18600	9132.59879
26.19900	9457.99527
26.21200	9894.55403
26.22500	10464.39947
26.23800	11223.51195
26.25100	12135.93166
26.26400	13024.71507
26.27700	13755.48747
26.29000	14129.89379
26.30300	14029.32711
26.31600	13891.24414
26.32900	13808.48086
26.34200	13866.35188
26.35500	13946.01978
26.36800	14162.89614
26.38100	14629.21595
26.39400	15463.02818
26.40700	16821.94807
26.42000	18704.36658
26.43300	20458.40049
26.44600	21690.50029
26.45900	22070.38373
26.47200	21171.74158
26.48500	20086.43189
26.49800	19036.66702
26.51100	18090.12215
26.52400	16923.94619
26.53700	15414.59417
26.55000	13857.21598
26.56300	12409.95799
26.57600	11306.80698
26.58900	10527.03308
26.60200	9939.16530
26.61500	9503.58627
26.62800	9191.15080
26.64100	8972.94433
26.65400	8809.66465
26.66700	8694.05267
26.68000	8622.12554
26.69300	8604.25693
26.70600	8638.42215
26.71900	8726.78218
26.73200	8873.30049
26.74500	9087.98048
26.75800	9329.85602
26.77100	9535.59381
26.78400	9661.67515
26.79700	9656.01203
26.81000	9553.67711
26.82300	9453.81728
26.83600	9380.88403
26.84900	9343.41742
26.86200	9290.06829
26.87500	9212.07675
26.88800	9114.35993
26.90100	8958.08191
26.91400	8783.92851
26.92700	8605.63852
26.94000	8441.53030
26.95300	8312.88529
26.96600	8188.42019
26.97900	8056.46360
26.99200	7912.61936
27.00500	7779.39024
27.01800	7670.23311
27.03100	7581.57354
27.04400	7511.81978
27.05700	7460.41172
27.07000	7417.74441
27.08300	7381.45703
27.09600	7350.75087
27.10900	7325.47060
27.12200	7303.36752
27.13500	7282.65040
27.14800	7262.29153
27.16100	7242.48822
27.17400	7222.93190
27.18700	7203.93565
27.20000	7186.38957
27.21300	7170.43064
27.22600	7155.83483
27.23900	7142.56109
27.25200	7130.26522
27.26500	7118.89841
27.27800	7108.30649
27.29100	7098.45531
27.30400	7089.23925
27.31700	7080.68553
27.33000	7072.73922
27.34300	7065.60961
27.35600	7059.17463
27.36900	7053.64631
27.38200	7049.07347
27.39500	7045.50108
27.40800	7042.97205
27.42100	7041.64448
27.43400	7042.06690
27.44700	7044.44675
27.46000	7049.55442
27.47300	7057.69133
27.48600	7070.82559
27.49900	7089.49305
27.51200	7113.14580
27.52500	7141.00629
27.53800	7170.94330
27.55100	7195.96707
27.56400	7218.74014
27.57700	7242.54272
27.59000	7276.93361
27.60300	7327.29023
27.61600	7396.07014
27.62900	7487.41105
27.64200	7620.72858
27.65500	7799.58945
27.66800	8023.21282
27.68100	8286.04666
27.69400	8547.81069
27.70700	8743.79055
27.72000	8904.48083
27.73300	9064.61846
27.74600	9263.64002
27.75900	9532.32001
27.77200	9794.95424
27.78500	9934.85212
27.79800	9878.25238
27.81100	9667.00937
27.82400	9379.06417
27.83700	9110.02889
27.85000	8886.21396
27.86300	8675.75068
27.87600	8433.82608
27.88900	8163.15135
27.90200	7914.77078
27.91500	7722.61970
27.92800	7595.51606
27.94100	7530.98878
27.95400	7508.73016
27.96700	7498.61451
27.98000	7469.65033
27.99300	7421.39979
28.00600	7352.72058
28.01900	7281.07893
28.03200	7222.46136
28.04500	7167.94391
28.05800	7111.53191
28.07100	7042.11061
28.08400	6972.78858
28.09700	6911.22610
28.11000	6860.78074
28.12300	6824.16517
28.13600	6797.74145
28.14900	6778.21500
28.16200	6764.84012
28.17500	6756.84188
28.18800	6753.18409
28.20100	6753.03194
28.21400	6756.26305
28.22700	6762.64263
28.24000	6772.05845
28.25300	6784.77209
28.26600	6802.14743
28.27900	6826.27228
28.29200	6857.25677
28.30500	6896.70893
28.31800	6945.36843
28.33100	7006.31633
28.34400	7074.22021
28.35700	7148.58981
28.37000	7228.24714
28.38300	7316.10094
28.39600	7425.16788
28.40900	7564.83648
28.42200	7745.45258
28.43500	7981.38226
28.44800	8291.05738
28.46100	8699.93230
28.47400	9262.62300
28.48700	10017.17110
28.50000	11048.35885
28.51300	12329.31045
28.52600	13728.56392
28.53900	15108.13985
28.55200	16153.22270
28.56500	16577.98562
28.57800	16476.50849
28.59100	15980.46829
28.60400	15384.25070
28.61700	14928.37176
28.63000	14451.28916
28.64300	13917.86948
28.65600	13145.68622
28.66900	12241.77192
28.68200	11345.58829
28.69500	10491.42755
28.70800	9793.63029
28.72100	9277.78463
28.73400	8864.51683
28.74700	8518.13316
28.76000	8165.23176
28.77300	7842.72794
28.78600	7550.26161
28.79900	7303.90256
28.81200	7119.76960
28.82500	6979.47434
28.83800	6870.64457
28.85100	6788.26640
28.86400	6730.24461
28.87700	6694.98046
28.89000	6679.91505
28.90300	6679.54026
28.91600	6689.81604
28.92900	6699.34492
28.94200	6686.71105
28.95500	6654.72512
28.96800	6607.01078
28.98100	6555.28442
28.99400	6511.71766
29.00700	6469.44522
29.02000	6425.43682
29.03300	6373.58456
29.04600	6318.82442
29.05900	6268.18078
29.07200	6223.36917
29.08500	6186.60087
29.09800	6157.40211
29.11100	6132.58615
29.12400	6111.54517
29.13700	6093.67564
29.15000	6078.66873
29.16300	6065.49192
29.17600	6054.16761
29.18900	6044.93527
29.20200	6038.83076
29.21500	6035.69500
29.22800	6035.69973
29.24100	6038.96736
29.25400	6045.36183
29.26700	6050.54557
29.28000	6051.17198
29.29300	6045.63039
29.30600	6033.15483
29.31900	6018.62141
29.33200	6005.79807
29.34500	5993.98958
29.35800	5982.11211
29.37100	5967.60361
29.38400	5951.77566
29.39700	5936.98568
29.41000	5924.09958
29.42300	5913.77778
29.43600	5905.72487
29.44900	5899.01236
29.46200	5893.41892
29.47500	5888.89224
29.48800	5885.38968
29.50100	5883.03762
29.51400	5881.53627
29.52700	5880.28621
29.54000	5879.78798
29.55300	5880.18639
29.56600	5881.45499
29.57900	5884.19836
29.59200	5888.23386
29.60500	5893.42706
29.61800	5899.75136
29.63100	5907.44529
29.64400	5916.70497
29.65700	5927.59961
29.67000	5940.33911
29.68300	5955.23564
29.69600	5972.77772
29.70900	5993.17449
29.72200	6017.32921
29.73500	6045.42783
29.74800	6078.24400
29.76100	6115.69993
29.77400	6160.17723
29.78700	6211.97634
29.80000	6273.59576
29.81300	6346.17378
29.82600	6435.07991
29.83900	6544.06099
29.85200	6679.36530
29.86500	6845.06491
29.87800	7052.91367
29.89100	7317.83038
29.90400	7648.72910
29.91700	8049.11102
29.93000	8542.06436
29.94300	9176.95947
29.95600	9944.63355
29.96900	10880.65655
29.98200	11977.43544
29.99500	13036.13900
30.00800	13879.27680
30.02100	14576.22663
30.03400	15143.53846
30.04700	15847.32116
30.06000	16943.95877
30.07300	18384.20372
30.08600	19648.10445
30.09900	20310.98634
30.11200	20193.79429
30.12500	19067.96503
30.13800	17819.79367
30.15100	16734.27798
30.16400	15886.07095
30.17700	15089.53339
30.19000	14020.96201
30.20300	12784.93571
30.21600	11477.47838
30.22900	10298.41726
30.24200	9376.11375
30.25500	8624.96519
30.26800	8028.73516
30.28100	7571.39406
30.29400	7226.09616
30.30700	6945.95910
30.32000	6719.77124
30.33300	6533.75747
30.34600	6384.60661
30.35900	6258.22677
30.37200	6152.54152
30.38500	6063.60081
30.39800	5991.60358
30.41100	5931.81672
30.42400	5883.36030
30.43700	5844.44565
30.45000	5814.98846
30.46300	5792.66905
30.47600	5771.55839
30.48900	5746.59289
30.50200	5717.32327
30.51500	5683.94632
30.52800	5650.38822
30.54100	5621.64067
30.55400	5596.10033
30.56700	5572.33014
30.58000	5547.64487
30.59300	5521.61597
30.60600	5497.64585
30.61900	5476.93248
30.63200	5460.75340
30.64500	5449.74889
30.65800	5442.85090
30.67100	5440.10054
30.68400	5442.65329
30.69700	5450.53840
30.71000	5464.25186
30.72300	5484.62824
30.73600	5515.52157
30.74900	5561.59739
30.76200	5625.98534
30.77500	5713.62189
30.78800	5835.18061
30.80100	6003.88281
30.81400	6199.42309
30.82700	6400.83832
30.84000	6579.58976
30.85300	6636.87293
30.86600	6601.81786
30.87900	6510.95179
30.89200	6401.90981
30.90500	6327.77672
30.91800	6261.35857
30.93100	6179.87613
30.94400	6071.06628
30.95700	5930.76908
30.97000	5801.02609
30.98300	5695.83092
30.99600	5621.26764
31.00900	5581.61540
31.02200	5572.73488
31.03500	5589.01597
31.04800	5631.60770
31.06100	5691.63553
31.07400	5764.00984
31.08700	5850.91117
31.10000	5942.44498
31.11300	6026.10950
31.12600	6093.43230
31.13900	6111.20732
31.15200	6067.42361
31.16500	6001.87830
31.17800	5933.96963
31.19100	5885.58848
31.20400	5854.40859
31.21700	5825.61797
31.23000	5797.93052
31.24300	5773.36441
31.25600	5770.35336
31.26900	5774.35107
31.28200	5771.02650
31.29500	5745.64672
31.30800	5677.76910
31.32100	5607.02050
31.33400	5542.13001
31.34700	5491.31208
31.36000	5448.10394
31.37300	5394.54855
31.38600	5331.23762
31.39900	5259.50916
31.41200	5192.72603
31.42500	5137.62426
31.43800	5092.94982
31.45100	5058.15104
31.46400	5033.33438
31.47700	5014.34359
31.49000	4999.68943
31.50300	4988.80244
31.51600	4981.98892
31.52900	4978.25884
31.54200	4977.34945
31.55500	4979.31430
31.56800	4985.45502
31.58100	4995.59384
31.59400	5010.06731
31.60700	5029.61572
31.62000	5057.04589
31.63300	5094.67512
31.64600	5144.43855
31.65900	5210.04815
31.67200	5299.98543
31.68500	5428.13414
31.69800	5592.34185
31.71100	5791.42206
31.72400	6020.47510
31.73700	6223.98016
31.75000	6352.70152
31.76300	6402.81601
31.77600	6370.43099
31.78900	6302.34301
31.80200	6253.48922
31.81500	6201.19579
31.82800	6130.56472
31.84100	6019.10084
31.85400	5871.72390
31.86700	5724.05985
31.88000	5589.13114
31.89300	5478.78103
31.90600	5396.88743
31.91900	5335.56740
31.93200	5303.73125
31.94500	5304.21503
31.95800	5337.45303
31.97100	5402.96776
31.98400	5494.03321
31.99700	5580.35769
32.01000	5643.66883
32.02300	5658.15175
32.03600	5601.42073
32.04900	5530.50816
32.06200	5460.80340
32.07500	5406.75070
32.08800	5362.53493
32.10100	5303.82609
32.11400	5229.61339
32.12700	5140.14321
32.14000	5051.65092
32.15300	4977.52535
32.16600	4917.17436
32.17900	4870.39181
32.19200	4837.22161
32.20500	4812.39253
32.21800	4793.49258
32.23100	4779.71253
32.24400	4770.61733
32.25700	4765.13389
32.27000	4762.48672
32.28300	4763.05472
32.29600	4766.67840
32.30900	4773.42431
32.32200	4783.19010
32.33500	4797.35645
32.34800	4816.23859
32.36100	4840.42843
32.37400	4870.40139
32.38700	4908.56801
32.40000	4957.87672
32.41300	5020.20618
32.42600	5098.76960
32.43900	5199.75276
32.45200	5342.94694
32.46500	5531.39476
32.47800	5770.74978
32.49100	6064.99869
32.50400	6411.36148
32.51700	6726.95588
32.53000	6957.27799
32.54300	7064.85837
32.55600	7006.65683
32.56900	6913.96281
32.58200	6863.61293
32.59500	6873.72396
32.60800	6943.29198
32.62100	7009.54189
32.63400	7097.04368
32.64700	7186.63562
32.66000	7267.07451
32.67300	7349.62011
32.68600	7305.60033
32.69900	7154.98995
32.71200	6963.05365
32.72500	6776.65364
32.73800	6656.43936
32.75100	6579.70929
32.76400	6495.20260
32.77700	6380.94689
32.79000	6216.75509
32.80300	6045.71111
32.81600	5914.35977
32.82900	5835.85099
32.84200	5820.95026
32.85500	5880.17487
32.86800	5982.90763
32.88100	6098.22631
32.89400	6207.38077
32.90700	6288.51571
32.92000	6322.14819
32.93300	6373.41978
32.94600	6472.69760
32.95900	6681.01001
32.97200	6981.23997
32.98500	7332.68016
32.99800	7717.42406
33.01100	8011.01437
33.02400	8120.87189
33.03700	8055.39483
33.05000	7814.21489
33.06300	7507.63075
33.07600	7275.04011
33.08900	7094.49719
33.10200	6945.71840
33.11500	6735.88956
33.12800	6451.47793
33.14100	6135.88596
33.15400	5819.16096
33.16700	5558.44274
33.18000	5358.88310
33.19300	5205.23321
33.20600	5091.13404
33.21900	5011.16013
33.23200	4951.93499
33.24500	4904.92090
33.25800	4868.91445
33.27100	4846.82875
33.28400	4840.72163
33.29700	4849.11433
33.31000	4874.45430
33.32300	4910.93317
33.33600	4951.29911
33.34900	4988.85384
33.36200	5014.17315
33.37500	5024.04581
33.38800	5046.71746
33.40100	5090.10790
33.41400	5161.48514
33.42700	5260.93292
33.44000	5375.24014
33.45300	5466.67676
33.46600	5508.02942
33.47900	5492.83485
33.49200	5421.78521
33.50500	5332.50589
33.51800	5263.54291
33.53100	5215.91261
33.54400	5185.70054
33.55700	5145.76581
33.57000	5086.08044
33.58300	5019.72894
33.59600	4956.60440
33.60900	4911.97607
33.62200	4893.74569
33.63500	4900.12341
33.64800	4935.80574
33.66100	5001.36167
33.67400	5101.59684
33.68700	5241.64991
33.70000	5450.45563
33.71300	5718.96678
33.72600	6038.78251
33.73900	6397.58737
33.75200	6714.72797
33.76500	6905.86236
33.77800	6971.33046
33.79100	6925.93926
33.80400	6847.93343
33.81700	6837.31165
33.83000	6867.33263
33.84300	6902.87950
33.85600	6850.39573
33.86900	6662.74746
33.88200	6399.83185
33.89500	6112.18268
33.90800	5859.01378
33.92100	5672.68557
33.93400	5522.26657
33.94700	5388.20361
33.96000	5253.47253
33.97300	5124.78544
33.98600	5006.99798
33.99900	4909.02495
34.01200	4835.82969
34.02500	4789.53502
34.03800	4765.73128
34.05100	4760.04105
34.06400	4773.39193
34.07700	4809.47489
34.09000	4867.54717
34.10300	4947.09616
34.11600	5047.02804
34.12900	5174.98224
34.14200	5333.81153
34.15500	5515.31617
34.16800	5714.96828
34.18100	5917.44141
34.19400	6077.24368
34.20700	6207.63567
34.22000	6325.59759
34.23300	6469.60540
34.24600	6715.58144
34.25900	7017.23134
34.27200	7327.51476
34.28500	7579.93662
34.29800	7620.47898
34.31100	7484.47943
34.32400	7277.41754
34.33700	7078.36764
34.35000	6973.75045
34.36300	6963.15663
34.37600	6985.29270
34.38900	7004.40460
34.40200	6953.36582
34.41500	6811.62622
34.42800	6613.70244
34.44100	6333.67608
34.45400	6063.16624
34.46700	5839.98935
34.48000	5670.86691
34.49300	5548.27847
34.50600	5429.08751
34.51900	5295.05788
34.53200	5146.84356
34.54500	4987.95176
34.55800	4848.72079
34.57100	4733.37287
34.58400	4639.87554
34.59700	4564.66727
34.61000	4505.73011
34.62300	4460.44304
34.63600	4428.04760
34.64900	4408.38227
34.66200	4401.20791
34.67500	4406.79767
34.68800	4421.00947
34.70100	4439.44085
34.71400	4457.50647
34.72700	4465.60679
34.74000	4454.08627
34.75300	4429.76663
34.76600	4398.18920
34.77900	4367.72179
34.79200	4345.84401
34.80500	4328.29335
34.81800	4311.22792
34.83100	4290.84647
34.84400	4264.80226
34.85700	4239.52217
34.87000	4218.63739
34.88300	4204.89568
34.89600	4202.61586
34.90900	4207.43865
34.92200	4215.92025
34.93500	4225.46559
34.94800	4227.34111
34.96100	4222.56118
34.97400	4215.36343
34.98700	4210.32647
35.00000	4212.25427
35.01300	4220.77381
35.02600	4232.89034
35.03900	4247.58644
35.05200	4260.79674
35.06500	4275.40130
35.07800	4295.16409
35.09100	4327.92784
35.10400	4371.22703
35.11700	4416.80128
35.13000	4456.25917
35.14300	4465.33857
35.15600	4445.21872
35.16900	4411.17438
35.18200	4371.87396
35.19500	4343.02903
35.20800	4323.04108
35.22100	4302.49033
35.23400	4276.57468
35.24700	4237.69795
35.26000	4192.26049
35.27300	4148.85323
35.28600	4110.41232
35.29900	4080.69139
35.31200	4058.97966
35.32500	4042.10538
35.33800	4029.67835
35.35100	4021.54355
35.36400	4018.52023
35.37700	4019.65286
35.39000	4025.29164
35.40300	4035.98066
35.41600	4054.37874
35.42900	4082.33032
35.44200	4120.66371
35.45500	4170.54992
35.46800	4233.97796
35.48100	4307.39538
35.49400	4373.34791
35.50700	4419.80057
35.52000	4436.04677
35.53300	4408.19457
35.54600	4367.16174
35.55900	4328.03999
35.57200	4297.83423
35.58500	4279.15674
35.59800	4257.89722
35.61100	4225.63509
35.62400	4182.22792
35.63700	4129.69464
35.65000	4078.88629
35.66300	4035.67326
35.67600	4000.03208
35.68900	3971.72140
35.70200	3950.60223
35.71500	3934.69059
35.72800	3922.20719
35.74100	3912.61139
35.75400	3905.48243
35.76700	3900.89937
35.78000	3898.15833
35.79300	3897.14103
35.80600	3897.86780
35.81900	3900.70918
35.83200	3906.44346
35.84500	3915.20742
35.85800	3927.64355
35.87100	3944.52124
35.88400	3969.63788
35.89700	4001.36675
35.91000	4038.34471
35.92300	4078.53788
35.93600	4112.60716
35.94900	4129.53016
35.96200	4129.76376
35.97500	4114.97510
35.98800	4092.51150
36.00100	4075.54755
36.01400	4064.08189
36.02700	4056.26754
36.04000	4047.74703
36.05300	4031.11361
36.06600	4010.30404
36.07900	3988.00022
36.09200	3967.45370
36.10500	3953.66648
36.11800	3945.99099
36.13100	3944.46715
36.14400	3949.01922
36.15700	3960.26983
36.17000	3979.51253
36.18300	4009.20770
36.19600	4049.58152
36.20900	4101.67285
36.22200	4168.30825
36.23500	4244.57599
36.24800	4315.07412
36.26100	4369.55167
36.27400	4391.39132
36.28700	4368.49120
36.30000	4331.69908
36.31300	4291.90972
36.32600	4261.22008
36.33900	4245.11433
36.35200	4228.15795
36.36500	4204.84262
36.37800	4170.38971
36.39100	4123.62683
36.40400	4079.88999
36.41700	4042.90761
36.43000	4016.71866
36.44300	4004.24114
36.45600	4000.75684
36.46900	4003.84669
36.48200	4009.73952
36.49500	4012.66047
36.50800	4012.50678
36.52100	4012.31764
36.53400	4014.83671
36.54700	4025.36571
36.56000	4043.42086
36.57300	4066.37528
36.58600	4085.24046
36.59900	4091.75742
36.61200	4084.02650
36.62500	4062.39346
36.63800	4034.89855
36.65100	4011.91358
36.66400	3995.34700
36.67700	3984.51406
36.69000	3975.47882
36.70300	3963.42761
36.71600	3948.93911
36.72900	3932.75353
36.74200	3917.81504
36.75500	3908.13325
36.76800	3903.49402
36.78100	3904.07202
36.79400	3910.07521
36.80700	3924.23098
36.82000	3946.02646
36.83300	3976.56877
36.84600	4016.94577
36.85900	4071.65658
36.87200	4136.86700
36.88500	4204.59002
36.89800	4267.21919
36.91100	4307.76531
36.92400	4312.52604
36.93700	4294.93590
36.95000	4264.14763
36.96300	4232.70762
36.97600	4213.64518
36.98900	4201.30688
37.00200	4189.99990
37.01500	4173.78095
37.02800	4145.05854
37.04100	4114.29266
37.05400	4087.09928
37.06700	4067.99621
37.08000	4062.64995
37.09300	4072.28438
37.10600	4091.42417
37.11900	4113.71251
37.13200	4134.25656
37.14500	4141.24574
37.15800	4132.28258
37.17100	4117.57882
37.18400	4102.23128
37.19700	4094.14247
37.21000	4095.77975
37.22300	4101.33238
37.23600	4108.33439
37.24900	4114.22383
37.26200	4120.67815
37.27500	4134.44118
37.28800	4159.17575
37.30100	4200.54104
37.31400	4269.30502
37.32700	4359.31669
37.34000	4467.23921
37.35300	4589.00646
37.36600	4693.75500
37.37900	4757.46199
37.39200	4775.40902
37.40500	4743.11897
37.41800	4685.21093
37.43100	4640.56965
37.44400	4612.31323
37.45700	4602.03159
37.47000	4591.70100
37.48300	4561.72098
37.49600	4514.20768
37.50900	4450.79817
37.52200	4387.08340
37.53500	4337.79775
37.54800	4305.60538
37.56100	4291.11960
37.57400	4295.88142
37.58700	4313.97583
37.60000	4346.72088
37.61300	4398.75698
37.62600	4472.34705
37.63900	4570.95567
37.65200	4701.26453
37.66500	4886.97791
37.67800	5126.27992
37.69100	5422.64649
37.70400	5776.71149
37.71700	6176.23250
37.73000	6529.90670
37.74300	6781.02782
37.75600	6891.35796
37.76900	6810.19653
37.78200	6660.19656
37.79500	6535.74901
37.80800	6471.59948
37.82100	6489.73310
37.83400	6536.43705
37.84700	6552.88507
37.86000	6507.04763
37.87300	6370.38013
37.88600	6166.06307
37.89900	5936.00303
37.91200	5703.17149
37.92500	5502.93896
37.93800	5357.19083
37.95100	5255.81151
37.96400	5176.67028
37.97700	5097.21462
37.99000	5009.41068
38.00300	4910.06993
38.01600	4807.89157
38.02900	4718.97030
38.04200	4650.59807
38.05500	4609.83742
38.06800	4597.16082
38.08100	4608.30445
38.09400	4641.70740
38.10700	4693.22352
38.12000	4748.57674
38.13300	4800.78069
38.14600	4844.92949
38.15900	4874.60544
38.17200	4912.90899
38.18500	4980.67162
38.19800	5077.04740
38.21100	5202.94680
38.22400	5342.60556
38.23700	5480.57249
38.25000	5584.73359
38.26300	5637.27018
38.27600	5623.05356
38.28900	5517.68600
38.30200	5388.38195
38.31500	5256.33472
38.32800	5141.84550
38.34100	5062.60603
38.35400	4988.77220
38.36700	4908.62233
38.38000	4812.22573
38.39300	4685.06671
38.40600	4556.87881
38.41900	4437.63217
38.43200	4335.09021
38.44500	4258.91334
38.45800	4202.08079
38.47100	4160.63214
38.48400	4132.84775
38.49700	4118.51599
38.51000	4115.10273
38.52300	4120.91503
38.53600	4136.01646
38.54900	4161.45393
38.56200	4200.18624
38.57500	4255.19488
38.58800	4328.27563
38.60100	4422.99796
38.61400	4546.07014
38.62700	4703.98963
38.64000	4885.46527
38.65300	5081.86631
38.66600	5277.35497
38.67900	5421.03844
38.69200	5525.79180
38.70500	5601.95800
38.71800	5656.26419
38.73100	5717.54169
38.74400	5795.37630
38.75700	5862.84758
38.77000	5914.00393
38.78300	5942.02157
38.79600	5934.08516
38.80900	5929.08057
38.82200	5951.39742
38.83500	6020.79997
38.84800	6132.47159
38.86100	6236.82627
38.87400	6296.32643
38.88700	6261.69491
38.90000	6105.42167
38.91300	5905.83258
38.92600	5704.93047
38.93900	5538.89912
38.95200	5435.85041
38.96500	5357.90760
38.97800	5278.54711
38.99100	5175.09432
39.00400	5018.88847
39.01700	4844.49691
39.03000	4671.89738
39.04300	4514.39496
39.05600	4388.84312
39.06900	4290.61479
39.08200	4211.50156
39.09500	4147.47784
39.10800	4096.23553
39.12100	4052.72805
39.13400	4016.00512
39.14700	3987.10065
39.16000	3966.74658
39.17300	3955.40595
39.18600	3952.23128
39.19900	3958.12555
39.21200	3975.44852
39.22500	4004.48253
39.23800	4045.58269
39.25100	4100.17525
39.26400	4167.57133
39.27700	4239.00407
39.29000	4306.85068
39.30300	4364.06522
39.31600	4398.19312
39.32900	4414.00094
39.34200	4412.05945
39.35500	4394.03285
39.36800	4366.04482
39.38100	4330.64852
39.39400	4295.34708
39.40700	4259.24645
39.42000	4219.11034
39.43300	4175.01353
39.44600	4126.41709
39.45900	4073.92760
39.47200	4020.83361
39.48500	3970.96204
39.49800	3928.57545
39.51100	3894.18607
39.52400	3868.33458
39.53700	3851.37699
39.55000	3844.11322
39.56300	3845.03703
39.57600	3855.78802
39.58900	3876.08414
39.60200	3902.37682
39.61500	3931.07953
39.62800	3955.92893
39.64100	3964.00327
39.65400	3957.97342
39.66700	3941.34533
39.68000	3918.64984
39.69300	3900.95579
39.70600	3890.02800
39.71900	3884.32314
39.73200	3881.44444
39.74500	3874.86150
39.75800	3862.93329
39.77100	3848.79924
39.78400	3834.57404
39.79700	3824.50224
39.81000	3821.12771
39.82300	3825.17195
39.83600	3837.71822
39.84900	3860.31138
39.86200	3893.61353
39.87500	3940.23938
39.88800	4003.51032
39.90100	4084.00351
39.91400	4179.47297
39.92700	4284.98060
39.94000	4381.94361
39.95300	4452.35935
39.96600	4483.49651
39.97900	4472.09223
39.99200	4432.50259
40.00500	4389.27780
40.01800	4356.41670
40.03100	4338.01158
40.04400	4327.92740
40.05700	4314.57432
40.07000	4291.01151
40.08300	4255.30123
40.09600	4212.56516
40.10900	4175.12957
40.12200	4152.82444
40.13500	4149.58614
40.14800	4168.84803
40.16100	4210.71582
40.17400	4280.69447
40.18700	4375.73350
40.20000	4482.94693
40.21300	4588.73418
40.22600	4672.96231
40.23900	4697.13704
40.25200	4676.64930
40.26500	4631.71226
40.27800	4578.90732
40.29100	4542.97806
40.30400	4529.50606
40.31700	4521.55925
40.33000	4502.81767
40.34300	4459.71510
40.35600	4381.74838
40.36900	4286.64801
40.38200	4190.54658
40.39500	4103.08347
40.40800	4032.68037
40.42100	3976.67286
40.43400	3927.81200
40.44700	3883.23522
40.46000	3843.30410
40.47300	3807.50716
40.48600	3776.48231
40.49900	3752.05836
40.51200	3733.57549
40.52500	3721.02950
40.53800	3713.60064
40.55100	3712.12349
40.56400	3715.76128
40.57700	3724.94185
40.59000	3739.95711
40.60300	3764.10143
40.61600	3797.31065
40.62900	3839.10791
40.64200	3888.92191
40.65500	3944.44134
40.66800	3993.65499
40.68100	4028.62822
40.69400	4045.44952
40.70700	4039.12799
40.72000	4022.84992
40.73300	4012.17606
40.74600	4011.61252
40.75900	4025.39405
40.77200	4053.28465
40.78500	4089.27928
40.79800	4128.39926
40.81100	4166.80345
40.82400	4202.47216
40.83700	4227.04763
40.85000	4231.29817
40.86300	4213.84127
40.87600	4174.65810
40.88900	4121.56823
40.90200	4077.08059
40.91500	4044.28733
40.92800	4025.56140
40.94100	4018.30208
40.95400	4010.08282
40.96700	3997.39600
40.98000	3978.91254
40.99300	3956.36622
41.00600	3938.04797
41.01900	3922.15899
41.03200	3906.49987
41.04500	3887.94103
41.05800	3859.76978
41.07100	3828.79384
41.08400	3797.57355
41.09700	3770.40245
41.11000	3751.68734
41.12300	3737.14311
41.13600	3724.88565
41.14900	3712.29181
41.16200	3695.33536
41.17500	3676.58547
41.18800	3657.65900
41.20100	3640.62339
41.21400	3628.20668
41.22700	3621.00908
41.24000	3619.57036
41.25300	3623.10795
41.26600	3631.12843
41.27900	3642.19095
41.29200	3651.61214
41.30500	3655.92945
41.31800	3654.39605
41.33100	3647.08295
41.34400	3635.85143
41.35700	3626.00802
41.37000	3619.05518
41.38300	3615.86790
41.39600	3615.82516
41.40900	3615.99353
41.42200	3614.75573
41.43500	3611.80222
41.44800	3605.95358
41.46100	3597.93397
41.47400	3588.90201
41.48700	3578.75043
41.50000	3568.71025
41.51300	3560.95247
41.52600	3555.85504
41.53900	3553.26065
41.55200	3552.85917
41.56500	3553.47195
41.57800	3554.92647
41.59100	3556.71336
41.60400	3558.82866
41.61700	3562.36175
41.63000	3568.82418
41.64300	3578.29906
41.65600	3591.44236
41.66900	3608.91248
41.68200	3633.35718
41.69500	3665.52411
41.70800	3706.44136
41.72100	3757.46154
41.73400	3823.43140
41.74700	3903.88941
41.76000	3991.76405
41.77300	4080.23869
41.78600	4155.82059
41.79900	4189.93929
41.81200	4188.49180
41.82500	4158.47334
41.83800	4110.06433
41.85100	4067.95047
41.86400	4039.55007
41.87700	4022.60177
41.89000	4013.74041
41.90300	3999.66635
41.91600	3971.73609
41.92900	3933.68549
41.94200	3888.51589
41.95500	3844.34610
41.96800	3810.78031
41.98100	3789.12175
41.99400	3777.62495
42.00700	3774.78710
42.02000	3777.61677
42.03300	3776.08289
42.04600	3768.52393
42.05900	3756.28084
42.07200	3740.31462
42.08500	3724.77125
42.09800	3714.87198
42.11100	3709.85136
42.12400	3709.82953
42.13700	3712.39266
42.15000	3714.82773
42.16300	3717.66525
42.17600	3721.43661
42.18900	3726.86569
42.20200	3736.56301
42.21500	3745.24675
42.22800	3749.98606
42.24100	3748.59650
42.25400	3735.57812
42.26700	3718.67881
42.28000	3702.65854
42.29300	3690.49633
42.30600	3685.44745
42.31900	3685.21403
42.33200	3686.87378
42.34500	3689.54422
42.35800	3690.05461
42.37100	3689.81168
42.38400	3692.12876
42.39700	3700.01032
42.41000	3716.25935
42.42300	3741.77345
42.43600	3776.30113
42.44900	3821.01592
42.46200	3873.08939
42.47500	3924.57750
42.48800	3970.43213
42.50100	4004.87078
42.51400	4018.06801
42.52700	4024.42144
42.54000	4028.54096
42.55300	4034.27095
42.56600	4043.38687
42.57900	4053.72505
42.59200	4062.58755
42.60500	4068.14847
42.61800	4067.16778
42.63100	4060.43389
42.64400	4053.40282
42.65700	4050.60362
42.67000	4056.73656
42.68300	4074.06978
42.69600	4103.41572
42.70900	4149.44607
42.72200	4212.97623
42.73500	4292.79862
42.74800	4388.48500
42.76100	4499.38303
42.77400	4635.43021
42.78700	4794.81766
42.80000	4974.02152
42.81300	5168.40593
42.82600	5340.87681
42.83900	5456.22197
42.85200	5508.95531
42.86500	5497.91565
42.87800	5437.27304
42.89100	5381.67352
42.90400	5342.58847
42.91700	5322.25516
42.93000	5313.96073
42.94300	5289.82799
42.95600	5237.72185
42.96900	5157.50523
42.98200	5058.50958
42.99500	4963.85547
43.00800	4887.74549
43.02100	4839.61238
43.03400	4818.36609
43.04700	4824.04545
43.06000	4855.31045
43.07300	4925.50713
43.08600	5037.63301
43.09900	5188.00694
43.11200	5365.12382
43.12500	5547.82692
43.13800	5676.35309
43.15100	5739.39924
43.16400	5732.65439
43.17700	5643.61362
43.19000	5540.75624
43.20300	5458.19125
43.21600	5408.60260
43.22900	5406.44287
43.24200	5423.32056
43.25500	5431.26799
43.26800	5417.95699
43.28100	5355.11312
43.29400	5258.01728
43.30700	5164.30318
43.32000	5093.92732
43.33300	5065.05339
43.34600	5091.71297
43.35900	5165.02967
43.37200	5267.70340
43.38500	5359.83826
43.39800	5411.61487
43.41100	5399.43478
43.42400	5289.43942
43.43700	5140.41533
43.45000	4988.46541
43.46300	4853.47647
43.47600	4757.45196
43.48900	4693.20633
43.50200	4638.08574
43.51500	4577.28891
43.52800	4492.97059
43.54100	4373.21441
43.55400	4243.65656
43.56700	4114.11276
43.58000	3993.45302
43.59300	3893.85627
43.60600	3810.88132
43.61900	3741.62795
43.63200	3684.15334
43.64500	3637.97925
43.65800	3600.10710
43.67100	3567.91727
43.68400	3540.69898
43.69700	3517.90735
43.71000	3499.29530
43.72300	3483.43600
43.73600	3470.00527
43.74900	3458.48278
43.76200	3448.69801
43.77500	3439.80218
43.78800	3431.42370
43.80100	3423.25452
43.81400	3415.91533
43.82700	3409.45732
43.84000	3404.01621
43.85300	3400.00725
43.86600	3397.21062
43.87900	3395.54734
43.89200	3394.81008
43.90500	3394.61961
43.91800	3394.53992
43.93100	3394.53534
43.94400	3394.19285
43.95700	3393.29166
43.97000	3392.85360
43.98300	3393.11408
43.99600	3394.41981
44.00900	3397.25911
44.02200	3401.94556
44.03500	3408.16251
44.04800	3415.93954
44.06100	3424.95469
44.07400	3435.96481
44.08700	3449.52482
44.10000	3465.95878
44.11300	3486.06810
44.12600	3511.02859
44.13900	3543.94113
44.15200	3585.03477
44.16500	3636.03416
44.17800	3698.71097
44.19100	3781.57349
44.20400	3884.12667
44.21700	4005.10787
44.23000	4142.02037
44.24300	4288.45181
44.25600	4413.44198
44.26900	4496.68630
44.28200	4528.35440
44.29500	4500.03045
44.30800	4424.88154
44.32100	4348.46168
44.33400	4282.99138
44.34700	4237.95238
44.36000	4218.62509
44.37300	4204.12313
44.38600	4181.50538
44.39900	4141.73539
44.41200	4075.38096
44.42500	3991.12736
44.43800	3902.05429
44.45100	3814.14348
44.46400	3734.00125
44.47700	3668.87491
44.49000	3614.70408
44.50300	3571.98012
44.51600	3538.88794
44.52900	3514.93339
44.54200	3497.34913
44.55500	3483.94156
44.56800	3474.13010
44.58100	3468.32865
44.59400	3466.93206
44.60700	3470.63810
44.62000	3477.62791
44.63300	3485.09333
44.64600	3490.62108
44.65900	3489.00825
44.67200	3478.29260
44.68500	3462.83920
44.69800	3445.37331
44.71100	3429.25653
44.72400	3418.03791
44.73700	3410.55582
44.75000	3405.82431
44.76300	3402.36919
44.77600	3396.46034
44.78900	3388.28479
44.80200	3378.67875
44.81500	3368.29716
44.82800	3358.73321
44.84100	3350.49350
44.85400	3341.62631
44.86700	3332.47967
44.88000	3323.49569
44.89300	3314.84921
44.90600	3307.27608
44.91900	3301.34985
44.93200	3296.88844
44.94500	3293.36004
44.95800	3290.13483
44.97100	3286.38477
44.98400	3282.08072
44.99700	3277.49303
45.01000	3272.88557
45.02300	3268.99365
45.03600	3266.03789
45.04900	3264.07338
45.06200	3263.25892
45.07500	3263.44675
45.08800	3264.51745
45.10100	3266.56338
45.11400	3270.07613
45.12700	3275.22193
45.14000	3282.05026
45.15300	3290.85716
45.16600	3302.34443
45.17900	3317.73559
45.19200	3337.08388
45.20500	3361.08248
45.21800	3390.54312
45.23100	3429.00978
45.24400	3473.62601
45.25700	3522.27715
45.27000	3572.30013
45.28300	3613.98867
45.29600	3637.04185
45.30900	3641.75224
45.32200	3629.66969
45.33500	3605.07674
45.34800	3581.43484
45.36100	3564.04822
45.37400	3553.95919
45.38700	3551.46190
45.40000	3552.11241
45.41300	3549.26555
45.42600	3541.61533
45.43900	3529.48998
45.45200	3513.58225
45.46500	3500.84956
45.47800	3493.24884
45.49100	3490.94998
45.50400	3491.52451
45.51700	3493.35589
45.53000	3493.04706
45.54300	3487.20068
45.55600	3480.10226
45.56900	3474.99010
45.58200	3470.37109
45.59500	3466.95858
45.60800	3463.90454
45.62100	3457.67684
45.63400	3448.92305
45.64700	3438.62184
45.66000	3425.76802
45.67300	3414.12251
45.68600	3405.02400
45.69900	3397.97969
45.71200	3394.04820
45.72500	3393.25708
45.73800	3394.41973
45.75100	3399.06347
45.76400	3408.30218
45.77700	3424.09783
45.79000	3446.88878
45.80300	3474.25150
45.81600	3504.03181
45.82900	3532.17270
45.84200	3549.05674
45.85500	3555.01781
45.86800	3550.61405
45.88100	3536.44848
45.89400	3521.36988
45.90700	3510.35808
45.92000	3504.83844
45.93300	3506.05926
45.94600	3512.05694
45.95900	3518.20115
45.97200	3523.42261
45.98500	3525.29655
45.99800	3523.10254
46.01100	3520.73906
46.02400	3518.13381
46.03700	3516.35881
46.05000	3520.08874
46.06300	3530.70022
46.07600	3549.72030
46.08900	3578.70354
46.10200	3618.33876
46.11500	3669.95002
46.12800	3729.41625
46.14100	3791.84881
46.15400	3854.22152
46.16700	3913.50144
46.18000	3971.92428
46.19300	4034.61302
46.20600	4108.24473
46.21900	4200.54041
46.23200	4304.91385
46.24500	4404.03500
46.25800	4482.85290
46.27100	4520.15601
46.28400	4491.74464
46.29700	4430.05981
46.31000	4351.52997
46.32300	4272.40157
46.33600	4217.30871
46.34900	4183.84691
46.36200	4164.29656
46.37500	4149.84383
46.38800	4123.55731
46.40100	4074.91214
46.41400	4009.14574
46.42700	3931.54572
46.44000	3851.30688
46.45300	3777.99555
46.46600	3712.06766
46.47900	3655.22432
46.49200	3607.19355
46.50500	3569.64182
46.51800	3538.72198
46.53100	3512.58383
46.54400	3491.11103
46.55700	3475.07531
46.57000	3461.88491
46.58300	3451.46279
46.59600	3443.89625
46.60900	3440.62045
46.62200	3441.84858
46.63500	3448.49254
46.64800	3460.88989
46.66100	3482.14691
46.67400	3512.66957
46.68700	3552.99729
46.70000	3604.04307
46.71300	3671.79983
46.72600	3755.90432
46.73900	3853.30494
46.75200	3961.25940
46.76500	4074.00084
46.77800	4168.57302
46.79100	4232.22901
46.80400	4257.96202
46.81700	4231.60160
46.83000	4175.04058
46.84300	4113.85187
46.85600	4057.89760
46.86900	4019.71013
46.88200	4001.91414
46.89500	3991.58149
46.90800	3981.92773
46.92100	3963.24546
46.93400	3922.78573
46.94700	3871.67627
46.96000	3815.82276
46.97300	3761.47877
46.98600	3719.60232
46.99900	3690.60879
47.01200	3673.71102
47.02500	3666.68378
47.03800	3669.55515
47.05100	3677.29291
47.06400	3686.11627
47.07700	3696.46797
47.09000	3711.57017
47.10300	3732.74165
47.11600	3761.63663
47.12900	3798.81700
47.14200	3844.31158
47.15500	3897.69392
47.16800	3963.75338
47.18100	4040.06810
47.19400	4127.67781
47.20700	4229.08868
47.22000	4339.22600
47.23300	4444.39538
47.24600	4535.81944
47.25900	4605.29406
47.27200	4626.63789
47.28500	4620.50474
47.29800	4601.96123
47.31100	4584.31656
47.32400	4579.22893
47.33700	4590.17469
47.35000	4608.66072
47.36300	4621.04701
47.37600	4614.35747
47.38900	4582.25789
47.40200	4527.78897
47.41500	4457.94010
47.42800	4390.10325
47.44100	4338.43250
47.45400	4305.77933
47.46700	4291.41433
47.48000	4286.09153
47.49300	4284.69827
47.50600	4272.89236
47.51900	4242.88883
47.53200	4192.96833
47.54500	4123.38063
47.55800	4045.96009
47.57100	3972.66359
47.58400	3910.42914
47.59700	3863.06238
47.61000	3830.19938
47.62300	3805.34625
47.63600	3785.46041
47.64900	3766.70847
47.66200	3742.60956
47.67500	3717.46345
47.68800	3695.12289
47.70100	3678.41366
47.71400	3671.04219
47.72700	3671.32911
47.74000	3678.52013
47.75300	3687.65437
47.76600	3695.11804
47.77900	3701.02415
47.79200	3703.95872
47.80500	3702.92965
47.81800	3704.91828
47.83100	3711.67280
47.84400	3722.35911
47.85700	3736.85027
47.87000	3754.18867
47.88300	3774.45380
47.89600	3797.09959
47.90900	3822.62483
47.92200	3850.23874
47.93500	3879.49578
47.94800	3903.39711
47.96100	3918.63018
47.97400	3922.75562
47.98700	3913.38564
48.00000	3892.38328
48.01300	3870.23297
48.02600	3849.59790
48.03900	3831.52111
48.05200	3817.02061
48.06500	3801.55834
48.07800	3781.35680
48.09100	3758.46605
48.10400	3731.27976
48.11700	3701.26519
48.13000	3674.50976
48.14300	3652.61063
48.15600	3636.03199
48.16900	3624.84383
48.18200	3616.17071
48.19500	3607.33977
48.20800	3600.76988
48.22100	3599.49111
48.23400	3604.98054
48.24700	3620.67994
48.26000	3652.93340
48.27300	3697.69668
48.28600	3750.49842
48.29900	3806.96563
48.31200	3852.00926
48.32500	3871.47976
48.33800	3865.81030
48.35100	3836.07831
48.36400	3786.89204
48.37700	3737.36619
48.39000	3695.59242
48.40300	3664.22711
48.41600	3645.69352
48.42900	3635.51917
48.44200	3624.49193
48.45500	3608.65726
48.46800	3584.01381
48.48100	3547.00024
48.49400	3507.59028
48.50700	3468.97881
48.52000	3434.23714
48.53300	3407.94107
48.54600	3389.69207
48.55900	3378.90747
48.57200	3375.45151
48.58500	3380.04208
48.59800	3393.27557
48.61100	3415.50664
48.62400	3446.86257
48.63700	3488.14416
48.65000	3541.10273
48.66300	3605.96837
48.67600	3678.18579
48.68900	3752.99107
48.70200	3824.86198
48.71500	3878.09654
48.72800	3915.88038
48.74100	3938.85187
48.75400	3948.90136
48.76700	3951.66935
48.78000	3942.75683
48.79300	3926.10993
48.80600	3905.36604
48.81900	3882.57406
48.83200	3857.94099
48.84500	3834.24187
48.85800	3811.66185
48.87100	3790.05241
48.88400	3771.06491
48.89700	3755.53615
48.91000	3742.29409
48.92300	3730.89206
48.93600	3719.17486
48.94900	3704.56488
48.96200	3687.18296
48.97500	3659.05941
48.98800	3623.57064
49.00100	3583.31727
49.01400	3541.11215
49.02700	3501.99244
49.04000	3470.17213
49.05300	3446.70351
49.06600	3430.50997
49.07900	3419.39065
49.09200	3408.76818
49.10500	3396.56090
49.11800	3381.79906
49.13100	3363.70639
49.14400	3344.43890
49.15700	3326.64939
49.17000	3312.57231
49.18300	3302.49259
49.19600	3297.14934
49.20900	3295.48638
49.22200	3294.79344
49.23500	3293.14633
49.24800	3289.79119
49.26100	3283.28375
49.27400	3273.25575
49.28700	3262.39209
49.30000	3250.90983
49.31300	3240.42923
49.32600	3232.50613
49.33900	3226.66275
49.35200	3222.61758
49.36500	3219.66390
49.37800	3216.50915
49.39100	3212.82417
49.40400	3209.20859
49.41700	3205.86147
49.43000	3203.41127
49.44300	3202.99144
49.45600	3204.51230
49.46900	3208.53318
49.48200	3215.09013
49.49500	3225.89741
49.50800	3242.10978
49.52100	3264.06322
49.53400	3292.60287
49.54700	3328.79290
49.56000	3375.48074
49.57300	3429.36850
49.58600	3487.97156
49.59900	3547.77729
49.61200	3598.33589
49.62500	3630.05145
49.63800	3643.22043
49.65100	3637.81920
49.66400	3616.27237
49.67700	3590.51274
49.69000	3564.93005
49.70300	3541.76226
49.71600	3523.58223
49.72900	3510.81033
49.74200	3496.68920
49.75500	3479.73832
49.76800	3457.23116
49.78100	3425.44254
49.79400	3388.85619
49.80700	3350.91820
49.82000	3312.80449
49.83300	3276.75043
49.84600	3244.70695
49.85900	3215.32219
49.87200	3189.58011
49.88500	3167.59518
49.89800	3149.81443
49.91100	3135.26469
49.92400	3123.70566
49.93700	3114.86533
49.95000	3108.64019
49.96300	3104.76023
49.97600	3103.03552
49.98900	3103.44640
50.00200	3105.70256
50.01500	3109.36077
50.02800	3113.82844
50.04100	3118.04721
50.05400	3120.60733
50.06700	3121.75439
50.08000	3121.78095
50.09300	3121.10208
50.10600	3121.16305
50.11900	3122.95918
50.13200	3126.97796
50.14500	3133.71140
50.15800	3143.22885
50.17100	3155.09121
50.18400	3169.45851
50.19700	3186.62865
50.21000	3205.98248
50.22300	3228.49543
50.23600	3254.36568
50.24900	3282.63610
50.26200	3311.67953
50.27500	3339.86661
50.28800	3366.08330
50.30100	3388.39668
50.31400	3405.30323
50.32700	3415.89141
50.34000	3419.44834
50.35300	3413.59935
50.36600	3404.66687
50.37900	3395.12740
50.39200	3386.76915
50.40500	3382.80782
50.41800	3382.41570
50.43100	3385.52660
50.44400	3391.85979
50.45700	3399.92808
50.47000	3408.37797
50.48300	3416.91867
50.49600	3427.13787
50.50900	3439.05919
50.52200	3454.74620
50.53500	3474.81201
50.54800	3499.54657
50.56100	3523.44589
50.57400	3542.89959
50.58700	3554.47017
50.60000	3556.51426
50.61300	3549.02853
50.62600	3538.61032
50.63900	3526.15266
50.65200	3513.47682
50.66500	3500.02542
50.67800	3487.79099
50.69100	3475.94449
50.70400	3464.14417
50.71700	3451.04251
50.73000	3435.21600
50.74300	3418.74092
50.75600	3403.17361
50.76900	3390.14825
50.78200	3380.01909
50.79500	3372.86581
50.80800	3368.67478
50.82100	3366.11213
50.83400	3364.33035
50.84700	3363.00432
50.86000	3361.39015
50.87300	3359.29861
50.88600	3360.70348
50.89900	3366.60071
50.91200	3377.94211
50.92500	3396.31220
50.93800	3420.27824
50.95100	3447.98519
50.96400	3477.35793
50.97700	3508.10547
50.99000	3543.50832
51.00300	3585.18774
51.01600	3635.22750
51.02900	3698.02552
51.04200	3775.52173
51.05500	3859.06976
51.06800	3942.39517
51.08100	4019.60358
51.09400	4067.77568
51.10700	4091.98211
51.12000	4098.76976
51.13300	4094.35145
51.14600	4087.79343
51.15900	4085.94594
51.17200	4085.61305
51.18500	4081.12869
51.19800	4063.91373
51.21100	4036.19477
51.22400	3996.81355
51.23700	3948.03497
51.25000	3894.72297
51.26300	3839.88780
51.27600	3790.68151
51.28900	3748.30972
51.30200	3711.80472
51.31500	3679.80805
51.32800	3650.38420
51.34100	3623.33758
51.35400	3598.21978
51.36700	3580.31131
51.38000	3568.02776
51.39300	3559.69796
51.40600	3553.48043
51.41900	3547.91892
51.43200	3539.98754
51.44500	3527.10158
51.45800	3509.13028
51.47100	3489.07504
51.48400	3467.18719
51.49700	3444.74391
51.51000	3425.67679
51.52300	3410.48379
51.53600	3398.34728
51.54900	3388.62964
51.56200	3381.01781
51.57500	3374.49086
51.58800	3369.52631
51.60100	3365.87453
51.61400	3363.08522
51.62700	3363.27000
51.64000	3368.57138
51.65300	3378.24638
51.66600	3392.69259
51.67900	3411.45283
51.69200	3430.01594
51.70500	3446.15326
51.71800	3458.73521
51.73100	3468.71525
51.74400	3477.69489
51.75700	3492.96334
51.77000	3516.80073
51.78300	3552.08660
51.79600	3599.67633
51.80900	3655.63154
51.82200	3711.05827
51.83500	3759.37150
51.84800	3790.32363
51.86100	3790.20859
51.87400	3767.67273
51.88700	3727.45232
51.90000	3676.45391
51.91300	3629.00764
51.92600	3591.40481
51.93900	3565.24891
51.95200	3552.12505
51.96500	3548.24605
51.97800	3546.73382
51.99100	3546.15821
52.00400	3543.05477
52.01700	3535.86276
52.03000	3528.00827
52.04300	3523.90968
52.05600	3521.74572
52.06900	3520.06498
52.08200	3517.62672
52.09500	3505.88548
52.10800	3481.35678
52.12100	3451.48564
52.13400	3419.30101
52.14700	3387.73402
52.16000	3362.66689
52.17300	3343.84507
52.18600	3328.13539
52.19900	3315.20612
52.21200	3301.97406
52.22500	3284.60249
52.23800	3263.01659
52.25100	3237.54084
52.26400	3207.45222
52.27700	3177.99255
52.29000	3151.00920
52.30300	3127.03720
52.31600	3107.24845
52.32900	3090.98377
52.34200	3077.23221
52.35500	3066.72634
52.36800	3059.87536
52.38100	3056.18221
52.39400	3055.18537
52.40700	3056.06101
52.42000	3056.22670
52.43300	3054.41774
52.44600	3049.52947
52.45900	3040.25286
52.47200	3027.97408
52.48500	3015.68462
52.49800	3004.43500
52.51100	2995.41397
52.52400	2989.95165
52.53700	2987.07828
52.55000	2986.32227
52.56300	2986.93065
52.57600	2987.30785
52.58900	2986.70628
52.60200	2985.58587
52.61500	2983.26338
52.62800	2979.66205
52.64100	2975.25895
52.65400	2968.28923
52.66700	2958.99573
52.68000	2948.44710
52.69300	2937.55687
52.70600	2926.95078
52.71900	2918.07645
52.73200	2911.05152
52.74500	2905.90056
52.75800	2902.42387
52.77100	2899.91459
52.78400	2897.50652
52.79700	2894.83124
52.81000	2891.62642
52.82300	2887.64657
52.83600	2884.25174
52.84900	2881.74075
52.86200	2880.53876
52.87500	2881.13958
52.88800	2884.09872
52.90100	2888.57170
52.91400	2894.11178
52.92700	2900.22218
52.94000	2904.84442
52.95300	2906.57390
52.96600	2905.26935
52.97900	2900.88631
52.99200	2893.63785
53.00500	2885.94249
53.01800	2878.88869
53.03100	2873.04809
53.04400	2869.13557
53.05700	2866.88576
53.07000	2865.36739
53.08300	2864.08075
53.09600	2862.25424
53.10900	2858.85859
53.12200	2854.56030
53.13500	2849.68463
53.14800	2844.73606
53.16100	2840.57623
53.17400	2837.64934
53.18700	2835.87992
53.20000	2835.29073
53.21300	2836.03656
53.22600	2837.55856
53.23900	2839.48194
53.25200	2841.72141
53.26500	2844.38096
53.27800	2847.29394
53.29100	2850.93273
53.30400	2855.72525
53.31700	2862.20450
53.33000	2870.41723
53.34300	2880.32980
53.35600	2891.29946
53.36900	2903.62268
53.38200	2916.86291
53.39500	2929.88866
53.40800	2943.10189
53.42100	2956.76827
53.43400	2969.79119
53.44700	2981.45355
53.46000	2991.80188
53.47300	3000.08424
53.48600	3006.70237
53.49900	3012.92014
53.51200	3017.94332
53.52500	3021.18815
53.53800	3020.96872
53.55100	3016.14314
53.56400	3008.34090
53.57700	2998.69409
53.59000	2987.88573
53.60300	2977.41006
53.61600	2968.11622
53.62900	2960.53006
53.64200	2954.88130
53.65500	2951.42200
53.66800	2949.02082
53.68100	2947.55366
53.69400	2947.00909
53.70700	2947.10555
53.72000	2949.29824
53.73300	2955.02076
53.74600	2965.86251
53.75900	2981.91791
53.77200	3003.41714
53.78500	3029.68344
53.79800	3058.29382
53.81100	3085.31206
53.82400	3108.50864
53.83700	3124.64824
53.85000	3128.27415
53.86300	3124.03601
53.87600	3114.29684
53.88900	3099.86066
53.90200	3085.19643
53.91500	3072.44730
53.92800	3061.91628
53.94100	3054.46986
53.95400	3050.30493
53.96700	3046.39901
53.98000	3041.93942
53.99300	3036.47129
54.00600	3028.23236
54.01900	3018.17128
54.03200	3007.96617
54.04500	2997.45877
54.05800	2987.48709
54.07100	2979.38174
54.08400	2972.07081
54.09700	2964.87950
54.11000	2957.71848
54.12300	2950.83767
54.13600	2943.80442
54.14900	2937.05250
54.16200	2932.00328
54.17500	2929.87518
54.18800	2931.74236
54.20100	2937.47726
54.21400	2946.76033
54.22700	2958.79599
54.24000	2971.97246
54.25300	2982.95163
54.26600	2990.14731
54.27900	2992.48016
54.29200	2988.32299
54.30500	2980.39537
54.31800	2971.59414
54.33100	2963.54288
54.34400	2957.71547
54.35700	2954.91789
54.37000	2954.50302
54.38300	2956.03859
54.39600	2959.44443
54.40900	2963.75031
54.42200	2967.73691
54.43500	2970.68838
54.44800	2972.21602
54.46100	2970.85846
54.47400	2966.46662
54.48700	2959.82916
54.50000	2950.58993
54.51300	2939.17718
54.52600	2928.15143
54.53900	2918.51826
54.55200	2911.32163
54.56500	2908.45128
54.57800	2910.55242
54.59100	2916.45079
54.60400	2925.75012
54.61700	2938.30502
54.63000	2952.48937
54.64300	2966.48700
54.65600	2979.03673
54.66900	2988.04673
54.68200	2988.47770
54.69500	2982.62495
54.70800	2971.29225
54.72100	2955.30268
54.73400	2937.85406
54.74700	2922.67440
54.76000	2910.35322
54.77300	2901.92875
54.78600	2898.41764
54.79900	2898.07788
54.81200	2899.49006
54.82500	2901.90194
54.83800	2903.00520
54.85100	2901.68009
54.86400	2899.50393
54.87700	2895.38580
54.89000	2889.63248
54.90300	2883.91826
54.91600	2878.57188
54.92900	2873.11169
54.94200	2869.35855
54.95500	2867.81827
54.96800	2866.19726
54.98100	2864.23053
54.99400	2861.48833
55.00700	2857.38749
55.02000	2851.35791
55.03300	2845.46574
55.04600	2839.98026
55.05900	2836.19677
55.07200	2835.09080
55.08500	2836.63443
55.09800	2841.13390
55.11100	2849.43344
55.12400	2860.82179
55.13700	2874.14926
55.15000	2889.77337
55.16300	2907.48114
55.17600	2925.12551
55.18900	2940.77887
55.20200	2952.93792
55.21500	2959.04814
55.22800	2954.60437
55.24100	2943.97649
55.25400	2928.91808
55.26700	2910.55056
55.28000	2892.72838
55.29300	2878.28143
55.30600	2866.98575
55.31900	2859.05532
55.33200	2854.38835
55.34500	2850.39552
55.35800	2845.20920
55.37100	2838.11492
55.38400	2828.19067
55.39700	2815.13979
55.41000	2801.13651
55.42300	2786.97622
55.43600	2773.21939
55.44900	2760.94449
55.46200	2750.53470
55.47500	2741.49203
55.48800	2733.98079
55.50100	2728.17167
55.51400	2724.21617
55.52700	2721.83640
55.54000	2721.29626
55.55300	2722.61635
55.56600	2725.96260
55.57900	2731.07434
55.59200	2738.00539
55.60500	2746.69534
55.61800	2757.56577
55.63100	2770.51259
55.64400	2786.13709
55.65700	2805.02230
55.67000	2828.32108
55.68300	2856.53485
55.69600	2890.67936
55.70900	2932.27468
55.72200	2982.55789
55.73500	3042.58753
55.74800	3112.30211
55.76100	3191.71825
55.77400	3277.90442
55.78700	3366.86195
55.80000	3450.54880
55.81300	3515.55728
55.82600	3558.56482
55.83900	3567.78739
55.85200	3549.56083
55.86500	3510.63433
55.87800	3460.56894
55.89100	3408.29236
55.90400	3364.35963
55.91700	3331.82706
55.93000	3309.85478
55.94300	3297.27377
55.95600	3287.39226
55.96900	3273.59455
55.98200	3250.72053
55.99500	3216.55537
56.00800	3170.42660
56.02100	3117.41441
56.03400	3061.99082
56.04700	3007.24346
56.06000	2957.00339
56.07300	2911.91498
56.08600	2872.78114
56.09900	2838.95278
56.11200	2810.96158
56.12500	2787.20818
56.13800	2767.69041
56.15100	2752.01090
56.16400	2740.26750
56.17700	2731.45191
56.19000	2725.35995
56.20300	2722.16893
56.21600	2721.65595
56.22900	2723.42184
56.24200	2727.40704
56.25500	2734.00658
56.26800	2742.99053
56.28100	2753.53549
56.29400	2764.81159
56.30700	2775.32309
56.32000	2782.74939
56.33300	2786.38582
56.34600	2785.91920
56.35900	2781.46519
56.37200	2774.04896
56.38500	2765.74391
56.39800	2758.29219
56.41100	2752.56034
56.42400	2749.48943
56.43700	2748.72283
56.45000	2748.94014
56.46300	2749.21667
56.47600	2748.21880
56.48900	2744.38119
56.50200	2738.37969
56.51500	2730.88329
56.52800	2722.57041
56.54100	2714.74374
56.55400	2708.40016
56.56700	2703.97808
56.58000	2701.31760
56.59300	2700.51862
56.60600	2700.95805
56.61900	2701.19297
56.63200	2701.22060
56.64500	2701.03650
56.65800	2700.23679
56.67100	2699.26828
56.68400	2698.45844
56.69700	2697.36441
56.71000	2696.15478
56.72300	2695.18665
56.73600	2693.89817
56.74900	2692.60245
56.76200	2691.82371
56.77500	2691.44914
56.78800	2691.32887
56.80100	2692.11215
56.81400	2693.96800
56.82700	2696.91037
56.84000	2701.16651
56.85300	2706.65388
56.86600	2712.99278
56.87900	2719.65290
56.89200	2725.91062
56.90500	2731.33358
56.91800	2735.18168
56.93100	2736.34029
56.94400	2735.93843
56.95700	2734.20756
56.97000	2731.30340
56.98300	2728.70758
56.99600	2727.10114
57.00900	2726.56300
57.02200	2727.65538
57.03500	2730.29654
57.04800	2733.50663
57.06100	2736.47159
57.07400	2739.22796
57.08700	2741.36776
57.10000	2742.78404
57.11300	2744.02445
57.12600	2745.27641
57.13900	2746.36649
57.15200	2746.79837
57.16500	2746.59913
57.17800	2745.60697
57.19100	2742.97220
57.20400	2739.37360
57.21700	2735.21583
57.23000	2730.86921
57.24300	2726.79347
57.25600	2723.89985
57.26900	2722.17429
57.28200	2721.92673
57.29500	2723.40018
57.30800	2726.51185
57.32100	2730.79850
57.33400	2736.73333
57.34700	2744.65987
57.36000	2754.38115
57.37300	2766.17708
57.38600	2780.21061
57.39900	2795.84356
57.41200	2812.05213
57.42500	2827.11984
57.43800	2839.28597
57.45100	2846.15824
57.46400	2845.84774
57.47700	2840.12226
57.49000	2830.61123
57.50300	2819.16001
57.51600	2807.89488
57.52900	2799.25579
57.54200	2794.11391
57.55500	2792.47856
57.56800	2793.94000
57.58100	2797.30909
57.59400	2800.90097
57.60700	2802.89644
57.62000	2801.73611
57.63300	2796.17823
57.64600	2786.37543
57.65900	2772.63397
57.67200	2756.90779
57.68500	2740.51327
57.69800	2724.65430
57.71100	2710.48708
57.72400	2698.44282
57.73700	2688.67749
57.75000	2681.02524
57.76300	2675.16741
57.77600	2670.23209
57.78900	2665.84918
57.80200	2661.58098
57.81500	2656.57785
57.82800	2651.08654
57.84100	2645.42183
57.85400	2639.78621
57.86700	2634.38231
57.88000	2629.52418
57.89300	2625.21690
57.90600	2621.50069
57.91900	2618.41977
57.93200	2616.00880
57.94500	2614.12749
57.95800	2612.77724
57.97100	2611.93536
57.98400	2611.60927
57.99700	2611.71276
58.01000	2612.22248
58.02300	2613.16664
58.03600	2614.53787
58.04900	2616.35204
58.06200	2618.61413
58.07500	2621.46236
58.08800	2624.90766
58.10100	2628.94639
58.11400	2633.58102
58.12700	2638.76749
58.14000	2644.20827
58.15300	2649.60145
58.16600	2654.85788
58.17900	2659.70165
58.19200	2663.61585
58.20500	2667.38992
58.21800	2671.67973
58.23100	2676.74234
58.24400	2683.03524
58.25700	2690.95681
58.27000	2700.81913
58.28300	2712.50707
58.29600	2725.51770
58.30900	2739.23275
58.32200	2752.73025
58.33500	2764.00248
58.34800	2772.18942
58.36100	2776.60353
58.37400	2777.30762
58.38700	2774.21935
58.40000	2769.85606
58.41300	2765.14315
58.42600	2760.89586
58.43900	2757.76666
58.45200	2756.31971
58.46500	2756.36830
58.47800	2757.87283
58.49100	2760.48665
58.50400	2763.56932
58.51700	2766.70692
58.53000	2769.82459
58.54300	2773.02313
58.55600	2776.67626
58.56900	2781.48984
58.58200	2787.45845
58.59500	2794.92422
58.60800	2803.80216
58.62100	2814.53137
58.63400	2827.42091
58.64700	2842.95799
58.66000	2860.85881
58.67300	2880.48837
58.68600	2900.00406
58.69900	2916.73099
58.71200	2928.54012
58.72500	2932.90633
58.73800	2929.79582
58.75100	2920.33369
58.76400	2906.90402
58.77700	2891.92500
58.79000	2877.47998
58.80300	2865.61751
58.81600	2857.06446
58.82900	2851.70551
58.84200	2848.71764
58.85500	2846.23618
58.86800	2842.39228
58.88100	2835.42885
58.89400	2824.68141
58.90700	2810.55120
58.92000	2793.89947
58.93300	2776.27289
58.94600	2759.28435
58.95900	2743.78079
58.97200	2730.41183
58.98500	2719.41320
58.99800	2711.07942
59.01100	2704.97027
59.02400	2700.72576
59.03700	2698.08787
59.05000	2696.98801
59.06300	2697.58217
59.07600	2699.42280
59.08900	2702.40504
59.10200	2706.50325
59.11500	2711.11447
59.12800	2715.16094
59.14100	2718.17908
59.15400	2719.76719
59.16700	2719.04700
59.18000	2717.17178
59.19300	2715.18122
59.20600	2713.80142
59.21900	2714.30338
59.23200	2717.59602
59.24500	2723.59655
59.25800	2732.42828
59.27100	2744.61567
59.28400	2760.54871
59.29700	2779.14060
59.31000	2800.30346
59.32300	2824.19606
59.33600	2850.98404
59.34900	2878.62221
59.36200	2905.74389
59.37500	2930.70953
59.38800	2947.43976
59.40100	2953.68072
59.41400	2949.93448
59.42700	2936.62802
59.44000	2914.41807
59.45300	2889.96951
59.46600	2866.71997
59.47900	2846.39166
59.49200	2830.94530
59.50500	2821.34092
59.51800	2814.81020
59.53100	2809.86564
59.54400	2804.59402
59.55700	2795.43766
59.57000	2781.43369
59.58300	2762.89940
59.59600	2740.34450
59.60900	2714.97177
59.62200	2689.95063
59.63500	2666.40447
59.64800	2645.11985
59.66100	2626.99341
59.67400	2612.03244
59.68700	2599.18477
59.70000	2587.98962
59.71300	2577.66090
59.72600	2567.71317
59.73900	2557.32711
59.75200	2546.24965
59.76500	2534.39632
59.77800	2522.18385
59.79100	2510.25298
59.80400	2498.87911
59.81700	2488.45716
59.83000	2479.45093
59.84300	2471.66365
59.85600	2464.93647
59.86900	2459.18111
59.88200	2454.13624
59.89500	2449.45374
59.90800	2444.96162
59.92100	2440.55500
59.93400	2436.03719
59.94700	2431.66431
59.96000	2427.66480
59.97300	2423.85777
