2.60250	4387.67000
2.61090	4416.12000
2.61930	4405.20000
2.62770	4410.45000
2.63610	4456.12000
2.64450	4424.54000
2.65290	4445.76000
2.66130	4460.22000
2.66970	4441.66000
2.67810	4473.27000
2.68650	4471.13000
2.69490	4487.71000
2.70330	4511.15000
2.71170	4514.66000
2.72010	4530.15000
2.72850	4544.90000
2.73690	4552.98000
2.74530	4570.81000
2.75370	4593.48000
2.76210	4592.27000
2.77050	4617.69000
2.77890	4623.01000
2.78730	4637.51000
2.79570	4681.28000
2.80410	4683.52000
2.81250	4708.55000
2.82090	4727.60000
2.82930	4726.04000
2.83770	4785.44000
2.84610	4790.44000
2.85450	4823.25000
2.86290	4868.30000
2.87130	4894.45000
2.87970	4938.03000
2.88810	5019.93000
2.89650	5042.86000
2.90490	5121.95000
2.91330	5190.00000
2.92170	5237.80000
2.93010	5339.18000
2.93850	5397.19000
2.94690	5518.37000
2.95530	5614.24000
2.96370	5724.17000
2.97210	5855.83000
2.98050	5991.02000
2.98890	6131.16000
2.99730	6315.98000
3.00570	6501.20000
3.01410	6717.42000
3.02250	6994.86000
3.03090	7249.57000
3.03930	7538.59000
3.04770	7919.35000
3.05610	8358.55000
3.06450	8798.52000
3.07290	9461.09000
3.08130	10038.40000
3.08970	10924.20000
3.09810	11879.60000
3.10650	13159.50000
3.11490	14578.50000
3.12330	16534.40000
3.13170	19058.40000
3.14010	22273.90000
3.14850	27233.20000
3.15690	33868.70000
3.16530	43338.90000
3.17370	57502.90000
3.18210	76651.30000
3.19050	102510.00000
3.19890	136937.00000
3.20730	179257.00000
3.21570	218644.00000
3.22410	261464.00000
3.23250	282575.00000
3.24090	282093.00000
3.24930	259347.00000
3.25770	227303.00000
3.26610	187283.00000
3.27450	150665.00000
3.28290	113670.00000
3.29130	91728.80000
3.29970	68876.60000
3.30810	53178.90000
3.31650	42432.20000
3.32490	33661.40000
3.33330	27308.70000
3.34170	22846.90000
3.35010	18909.40000
3.35850	16292.00000
3.36690	14093.00000
3.37530	12476.10000
3.38370	11097.60000
3.39210	10122.10000
3.40050	9141.47000
3.40890	8468.08000
3.41730	7829.02000
3.42570	7359.38000
3.43410	6922.57000
3.44250	6549.33000
3.45090	6255.36000
3.45930	5951.82000
3.46770	5703.86000
3.47610	5470.52000
3.48450	5273.48000
3.49290	5095.64000
3.50130	4949.35000
3.50970	4761.46000
3.51810	4637.91000
3.52650	4532.50000
3.53490	4386.27000
3.54330	4286.37000
3.55170	4207.41000
3.56010	4102.02000
3.56850	4043.20000
3.57690	3951.74000
3.58530	3872.68000
3.59370	3809.74000
3.60210	3740.81000
3.61050	3688.46000
3.61890	3646.81000
3.62730	3576.86000
3.63570	3537.27000
3.64410	3506.54000
3.65250	3453.02000
3.66090	3427.91000
3.66930	3369.20000
3.67770	3344.97000
3.68610	3320.95000
3.69450	3274.66000
3.70290	3249.09000
3.71130	3235.06000
3.71970	3186.85000
3.72810	3178.49000
3.73650	3162.42000
3.74490	3118.14000
3.75330	3139.43000
3.76170	3075.38000
3.77010	3059.70000
3.77850	3031.69000
3.78690	2989.13000
3.79530	2982.67000
3.80370	2960.93000
3.81210	2936.96000
3.82050	2929.21000
3.82890	2898.70000
3.83730	2886.00000
3.84570	2885.33000
3.85410	2843.23000
3.86250	2844.90000
3.87090	2836.34000
3.87930	2813.27000
3.88770	2809.47000
3.89610	2787.28000
3.90450	2766.47000
3.91290	2768.76000
3.92130	2740.07000
3.92970	2752.32000
3.93810	2740.62000
3.94650	2720.89000
3.95490	2720.12000
3.96330	2713.38000
3.97170	2695.91000
3.98010	2708.37000
3.98850	2675.56000
3.99690	2667.40000
4.00530	2671.83000
4.01370	2646.28000
4.02210	2640.90000
4.03050	2650.59000
4.03890	2624.27000
4.04730	2634.75000
4.05570	2616.21000
4.06410	2604.58000
4.07250	2614.27000
4.08090	2585.26000
4.08930	2586.34000
4.09770	2607.35000
4.10610	2567.75000
4.11450	2576.04000
4.12290	2574.19000
4.13130	2557.88000
4.13970	2564.34000
4.14810	2557.19000
4.15650	2547.96000
4.16490	2546.90000
4.17330	2535.28000
4.18170	2535.28000
4.19010	2539.31000
4.19850	2514.69000
4.20690	2526.57000
4.21530	2512.14000
4.22370	2510.11000
4.23210	2520.36000
4.24050	2502.80000
4.24890	2488.04000
4.25730	2488.95000
4.26570	2488.05000
4.27410	2487.75000
4.28250	2484.67000
4.29090	2464.77000
4.29930	2483.31000
4.30770	2470.21000
4.31610	2467.96000
4.32450	2477.90000
4.33290	2452.43000
4.34130	2463.30000
4.34970	2471.47000
4.35810	2456.79000
4.36650	2456.23000
4.37490	2453.28000
4.38330	2438.74000
4.39170	2448.70000
4.40010	2434.22000
4.40850	2450.24000
4.41690	2435.20000
4.42530	2425.98000
4.43370	2429.10000
4.44210	2423.39000
4.45050	2423.05000
4.45890	2429.25000
4.46730	2417.91000
4.47570	2414.44000
4.48410	2415.80000
4.49250	2408.46000
4.50090	2414.57000
4.50930	2418.53000
4.51770	2408.78000
4.52610	2406.17000
4.53450	2399.40000
4.54290	2414.11000
4.55130	2415.50000
4.55970	2405.13000
4.56810	2409.05000
4.57650	2408.07000
4.58490	2389.12000
4.59330	2399.24000
4.60170	2398.18000
4.61010	2391.70000
4.61850	2403.48000
4.62690	2385.28000
4.63530	2396.50000
4.64370	2395.25000
4.65210	2382.64000
4.66050	2389.53000
4.66890	2401.34000
4.67730	2393.58000
4.68570	2399.60000
4.69410	2383.62000
4.70250	2383.54000
4.71090	2401.10000
4.71930	2385.95000
4.72770	2389.72000
4.73610	2401.56000
4.74450	2389.16000
4.75290	2404.73000
4.76130	2393.95000
4.76970	2395.52000
4.77810	2401.33000
4.78650	2390.20000
4.79490	2385.90000
4.80330	2394.12000
4.81170	2395.17000
4.82010	2404.89000
4.82850	2406.39000
4.83690	2399.36000
4.84530	2400.98000
4.85370	2406.08000
4.86210	2401.80000
4.87050	2417.07000
4.87890	2403.26000
4.88730	2416.44000
4.89570	2437.62000
4.90410	2413.72000
4.91250	2432.73000
4.92090	2431.89000
4.92930	2436.74000
4.93770	2441.91000
4.94610	2433.15000
4.95450	2434.42000
4.96290	2456.20000
4.97130	2440.58000
4.97970	2468.19000
4.98810	2462.13000
4.99650	2461.30000
5.00490	2479.94000
5.01330	2467.46000
5.02170	2480.93000
5.03010	2498.74000
5.03850	2488.95000
5.04690	2503.85000
5.05530	2507.90000
5.06370	2513.19000
5.07210	2522.47000
5.08050	2525.33000
5.08890	2540.72000
5.09730	2554.25000
5.10570	2559.56000
5.11410	2569.62000
5.12250	2583.57000
5.13090	2588.31000
5.13930	2609.67000
5.14770	2637.44000
5.15610	2642.50000
5.16450	2659.38000
5.17290	2664.68000
5.18130	2692.27000
5.18970	2705.32000
5.19810	2724.44000
5.20650	2738.30000
5.21490	2766.29000
5.22330	2776.54000
5.23170	2818.79000
5.24010	2827.95000
5.24850	2867.91000
5.25690	2899.06000
5.26530	2923.00000
5.27370	2965.05000
5.28210	3006.75000
5.29050	3041.20000
5.29890	3092.46000
5.30730	3131.73000
5.31570	3191.38000
5.32410	3263.95000
5.33250	3316.55000
5.34090	3394.89000
5.34930	3470.66000
5.35770	3551.37000
5.36610	3662.16000
5.37450	3754.78000
5.38290	3868.19000
5.39130	4017.75000
5.39970	4157.41000
5.40810	4333.62000
5.41650	4541.41000
5.42490	4755.24000
5.43330	5001.40000
5.44170	5332.56000
5.45010	5685.73000
5.45850	6132.71000
5.46690	6661.01000
5.47530	7287.76000
5.48370	8020.70000
5.49210	9008.73000
5.50050	10257.30000
5.50890	11814.40000
5.51730	13935.60000
5.52570	16307.50000
5.53410	20121.10000
5.54250	24631.00000
5.55090	30250.80000
5.55930	38467.70000
5.56770	46856.90000
5.57610	56150.30000
5.58450	67077.40000
5.59290	75608.00000
5.60130	81394.60000
5.60970	82826.20000
5.61810	80251.50000
5.62650	73632.80000
5.63490	64438.50000
5.64330	55284.30000
5.65170	46038.40000
5.66010	38160.00000
5.66850	31271.70000
5.67690	26044.90000
5.68530	21372.60000
5.69370	17934.10000
5.70210	15200.50000
5.71050	12960.00000
5.71890	11238.10000
5.72730	9780.32000
5.73570	8630.64000
5.74410	7710.03000
5.75250	6981.99000
5.76090	6320.37000
5.76930	5824.54000
5.77770	5384.67000
5.78610	5008.07000
5.79450	4705.39000
5.80290	4443.75000
5.81130	4209.77000
5.81970	4031.99000
5.82810	3844.03000
5.83650	3688.80000
5.84490	3584.73000
5.85330	3444.82000
5.86170	3346.11000
5.87010	3267.59000
5.87850	3160.53000
5.88690	3097.06000
5.89530	3024.43000
5.90370	2946.35000
5.91210	2911.50000
5.92050	2849.12000
5.92890	2805.59000
5.93730	2762.99000
5.94570	2717.07000
5.95410	2694.77000
5.96250	2643.22000
5.97090	2627.86000
5.97930	2600.20000
5.98770	2569.16000
5.99610	2544.81000
6.00450	2530.16000
6.01290	2496.26000
6.02130	2475.46000
6.02970	2458.20000
6.03810	2442.31000
6.04650	2440.92000
6.05490	2414.31000
6.06330	2410.22000
6.07170	2390.71000
6.08010	2369.72000
6.08850	2359.02000
6.09690	2355.71000
6.10530	2332.74000
6.11370	2332.72000
6.12210	2321.63000
6.13050	2302.69000
6.13890	2296.37000
6.14730	2286.88000
6.15570	2277.33000
6.16410	2274.16000
6.17250	2258.18000
6.18090	2270.96000
6.18930	2246.63000
6.19770	2246.16000
6.20610	2249.00000
6.21450	2230.00000
6.22290	2229.85000
6.23130	2231.81000
6.23970	2212.38000
6.24810	2227.44000
6.25650	2216.21000
6.26490	2212.86000
6.27330	2216.52000
6.28170	2209.11000
6.29010	2205.74000
6.29850	2207.15000
6.30690	2191.64000
6.31530	2204.67000
6.32370	2205.66000
6.33210	2188.49000
6.34050	2207.85000
6.34890	2189.49000
6.35730	2203.74000
6.36570	2205.90000
6.37410	2202.35000
6.38250	2214.71000
6.39090	2230.37000
6.39930	2233.75000
6.40770	2263.53000
6.41610	2278.80000
6.42450	2302.85000
6.43290	2329.36000
6.44130	2346.46000
6.44970	2347.00000
6.45810	2330.04000
6.46650	2301.71000
6.47490	2280.37000
6.48330	2254.81000
6.49170	2225.79000
6.50010	2207.91000
6.50850	2183.52000
6.51690	2187.31000
6.52530	2170.54000
6.53370	2144.06000
6.54210	2161.83000
6.55050	2140.45000
6.55890	2129.15000
6.56730	2132.74000
6.57570	2118.93000
6.58410	2123.02000
6.59250	2121.84000
6.60090	2097.42000
6.60930	2114.95000
6.61770	2101.70000
6.62610	2096.58000
6.63450	2104.52000
6.64290	2084.87000
6.65130	2089.17000
6.65970	2088.64000
6.66810	2083.32000
6.67650	2081.63000
6.68490	2080.54000
6.69330	2078.56000
6.70170	2074.61000
6.71010	2076.56000
6.71850	2067.33000
6.72690	2077.66000
6.73530	2070.41000
6.74370	2074.18000
6.75210	2075.45000
6.76050	2055.71000
6.76890	2069.05000
6.77730	2069.68000
6.78570	2061.51000
6.79410	2077.60000
6.80250	2056.86000
6.81090	2080.38000
6.81930	2067.33000
6.82770	2060.50000
6.83610	2075.89000
6.84450	2077.14000
6.85290	2063.69000
6.86130	2076.76000
6.86970	2061.05000
6.87810	2070.34000
6.88650	2070.58000
6.89490	2066.96000
6.90330	2072.97000
6.91170	2072.87000
6.92010	2059.91000
6.92850	2076.01000
6.93690	2059.04000
6.94530	2067.56000
6.95370	2072.16000
6.96210	2064.38000
6.97050	2074.93000
6.97890	2067.05000
6.98730	2052.78000
6.99570	2068.26000
7.00410	2062.58000
7.01250	2067.36000
7.02090	2068.60000
7.02930	2070.08000
7.03770	2087.82000
7.04610	2079.30000
7.05450	2087.46000
7.06290	2102.11000
7.07130	2089.42000
7.07970	2096.86000
7.08810	2115.42000
7.09650	2111.14000
7.10490	2129.57000
7.11330	2139.30000
7.12170	2150.23000
7.13010	2193.95000
7.13850	2228.25000
7.14690	2284.72000
7.15530	2369.39000
7.16370	2456.09000
7.17210	2608.65000
7.18050	2770.49000
7.18890	2957.64000
7.19730	3165.58000
7.20570	3287.92000
7.21410	3349.55000
7.22250	3330.47000
7.23090	3198.77000
7.23930	3030.77000
7.24770	2862.49000
7.25610	2686.44000
7.26450	2561.06000
7.27290	2440.60000
7.28130	2355.14000
7.28970	2289.60000
7.29810	2237.09000
7.30650	2203.64000
7.31490	2188.06000
7.32330	2151.89000
7.33170	2144.40000
7.34010	2130.32000
7.34850	2127.01000
7.35690	2124.73000
7.36530	2104.94000
7.37370	2113.54000
7.38210	2107.84000
7.39050	2106.15000
7.39890	2108.60000
7.40730	2100.35000
7.41570	2101.22000
7.42410	2103.47000
7.43250	2098.59000
7.44090	2098.15000
7.44930	2111.11000
7.45770	2092.29000
7.46610	2106.84000
7.47450	2120.51000
7.48290	2108.50000
7.49130	2126.62000
7.49970	2109.94000
7.50810	2108.87000
7.51650	2127.18000
7.52490	2113.76000
7.53330	2131.50000
7.54170	2121.68000
7.55010	2123.34000
7.55850	2136.35000
7.56690	2125.10000
7.57530	2130.63000
7.58370	2144.95000
7.59210	2137.26000
7.60050	2157.24000
7.60890	2147.83000
7.61730	2144.66000
7.62570	2159.75000
7.63410	2160.57000
7.64250	2168.79000
7.65090	2180.05000
7.65930	2177.53000
7.66770	2198.35000
7.67610	2208.62000
7.68450	2206.29000
7.69290	2235.89000
7.70130	2225.32000
7.70970	2248.02000
7.71810	2262.24000
7.72650	2277.51000
7.73490	2300.80000
7.74330	2326.18000
7.75170	2337.44000
7.76010	2385.26000
7.76850	2410.17000
7.77690	2460.88000
7.78530	2508.40000
7.79370	2574.90000
7.80210	2664.86000
7.81050	2776.60000
7.81890	2910.61000
7.82730	3114.23000
7.83570	3391.34000
7.84410	3792.98000
7.85250	4328.54000
7.86090	5143.01000
7.86930	6142.27000
7.87770	7346.79000
7.88610	8801.11000
7.89450	10167.50000
7.90290	11202.60000
7.91130	11557.00000
7.91970	11224.30000
7.92810	10312.20000
7.93650	8975.68000
7.94490	7781.73000
7.95330	6437.49000
7.96170	5471.61000
7.97010	4659.16000
7.97850	4063.28000
7.98690	3618.32000
7.99530	3290.66000
8.00370	3038.63000
8.01210	2888.07000
8.02050	2731.55000
8.02890	2639.91000
8.03730	2568.39000
8.04570	2508.68000
8.05410	2458.29000
8.06250	2422.30000
8.07090	2391.26000
8.07930	2374.41000
8.08770	2348.36000
8.09610	2338.53000
8.10450	2322.44000
8.11290	2303.02000
8.12130	2300.83000
8.12970	2285.97000
8.13810	2294.03000
8.14650	2296.00000
8.15490	2278.49000
8.16330	2286.50000
8.17170	2289.37000
8.18010	2268.14000
8.18850	2286.67000
8.19690	2270.75000
8.20530	2282.36000
8.21370	2294.72000
8.22210	2281.99000
8.23050	2297.57000
8.23890	2298.21000
8.24730	2309.85000
8.25570	2314.98000
8.26410	2318.74000
8.27250	2333.60000
8.28090	2349.64000
8.28930	2355.81000
8.29770	2382.10000
8.30610	2396.83000
8.31450	2409.74000
8.32290	2434.86000
8.33130	2451.60000
8.33970	2484.22000
8.34810	2513.98000
8.35650	2542.53000
8.36490	2591.80000
8.37330	2642.18000
8.38170	2684.49000
8.39010	2747.98000
8.39850	2826.36000
8.40690	2908.36000
8.41530	3017.90000
8.42370	3130.42000
8.43210	3288.68000
8.44050	3454.11000
8.44890	3655.04000
8.45730	3909.91000
8.46570	4213.04000
8.47410	4604.64000
8.48250	5025.92000
8.49090	5644.20000
8.49930	6263.97000
8.50770	7170.32000
8.51610	8071.64000
8.52450	9276.26000
8.53290	10462.40000
8.54130	11777.00000
8.54970	13032.90000
8.55810	14039.10000
8.56650	14763.60000
8.57490	14944.00000
8.58330	14680.40000
8.59170	13968.70000
8.60010	12867.00000
8.60850	11742.80000
8.61690	10524.10000
8.62530	9405.17000
8.63370	8319.04000
8.64210	7456.34000
8.65050	6651.66000
8.65890	6045.61000
8.66730	5454.70000
8.67570	5000.04000
8.68410	4622.67000
8.69250	4274.53000
8.70090	4007.51000
8.70930	3775.12000
8.71770	3563.58000
8.72610	3403.29000
8.73450	3244.37000
8.74290	3131.75000
8.75130	3025.12000
8.75970	2916.85000
8.76810	2851.57000
8.77650	2773.85000
8.78490	2705.83000
8.79330	2654.86000
8.80170	2596.11000
8.81010	2563.66000
8.81850	2530.39000
8.82690	2477.53000
8.83530	2455.33000
8.84370	2416.86000
8.85210	2399.14000
8.86050	2374.34000
8.86890	2349.23000
8.87730	2330.84000
8.88570	2316.80000
8.89410	2285.72000
8.90250	2285.71000
8.91090	2262.71000
8.91930	2245.00000
8.92770	2236.63000
8.93610	2219.62000
8.94450	2216.16000
8.95290	2213.35000
8.96130	2201.70000
8.96970	2192.46000
8.97810	2180.59000
8.98650	2169.64000
8.99490	2174.14000
9.00330	2152.63000
9.01170	2163.96000
9.02010	2156.56000
9.02850	2151.25000
9.03690	2160.42000
9.04530	2154.82000
9.05370	2152.79000
9.06210	2169.77000
9.07050	2170.64000
9.07890	2187.37000
9.08730	2213.93000
9.09570	2216.99000
9.10410	2254.02000
9.11250	2272.55000
9.12090	2303.45000
9.12930	2329.45000
9.13770	2339.56000
9.14610	2335.95000
9.15450	2323.33000
9.16290	2291.10000
9.17130	2266.66000
9.17970	2227.35000
9.18810	2197.49000
9.19650	2169.13000
9.20490	2136.56000
9.21330	2120.69000
9.22170	2098.06000
9.23010	2080.64000
9.23850	2067.72000
9.24690	2057.03000
9.25530	2041.71000
9.26370	2043.02000
9.27210	2023.05000
9.28050	2019.27000
9.28890	2015.70000
9.29730	2004.97000
9.30570	2007.76000
9.31410	1995.35000
9.32250	2000.03000
9.33090	1994.76000
9.33930	1987.22000
9.34770	1985.12000
9.35610	1988.99000
9.36450	1984.83000
9.37290	1975.60000
9.38130	1971.70000
9.38970	1974.83000
9.39810	1974.67000
9.40650	1961.00000
9.41490	1968.85000
9.42330	1966.13000
9.43170	1965.58000
9.44010	1971.06000
9.44850	1953.79000
9.45690	1965.20000
9.46530	1961.06000
9.47370	1965.14000
9.48210	1960.78000
9.49050	1964.62000
9.49890	1980.48000
9.50730	1976.38000
9.51570	1973.17000
9.52410	1973.46000
9.53250	1985.32000
9.54090	1978.79000
9.54930	1992.56000
9.55770	1991.19000
9.56610	2009.15000
9.57450	2027.44000
9.58290	2024.87000
9.59130	2047.68000
9.59970	2065.52000
9.60810	2082.23000
9.61650	2124.50000
9.62490	2164.03000
9.63330	2207.21000
9.64170	2283.28000
9.65010	2352.18000
9.65850	2471.30000
9.66690	2593.70000
9.67530	2734.91000
9.68370	2884.72000
9.69210	3018.17000
9.70050	3099.01000
9.70890	3143.72000
9.71730	3114.37000
9.72570	3046.54000
9.73410	2937.68000
9.74250	2798.26000
9.75090	2673.88000
9.75930	2551.16000
9.76770	2431.52000
9.77610	2345.48000
9.78450	2258.87000
9.79290	2200.82000
9.80130	2135.95000
9.80970	2096.83000
9.81810	2048.25000
9.82650	2028.09000
9.83490	2000.66000
9.84330	1981.19000
9.85170	1956.46000
9.86010	1951.89000
9.86850	1929.19000
9.87690	1928.16000
9.88530	1926.12000
9.89370	1916.50000
9.90210	1909.88000
9.91050	1909.34000
9.91890	1904.07000
9.92730	1907.83000
9.93570	1911.86000
9.94410	1915.73000
9.95250	1911.17000
9.96090	1914.33000
9.96930	1920.58000
9.97770	1926.28000
9.98610	1917.86000
9.99450	1929.75000
10.00290	1940.45000
10.01130	1946.08000
10.01970	1968.70000
10.02810	1970.08000
10.03650	1988.72000
10.04490	2009.43000
10.05330	2044.51000
10.06170	2060.11000
10.07010	2090.78000
10.07850	2133.81000
10.08690	2189.51000
10.09530	2234.62000
10.10370	2301.28000
10.11210	2402.38000
10.12050	2483.61000
10.12890	2642.35000
10.13730	2799.09000
10.14570	3033.78000
10.15410	3311.69000
10.16250	3728.32000
10.17090	4175.33000
10.17930	4817.91000
10.18770	5515.66000
10.19610	6378.38000
10.20450	7289.15000
10.21290	8134.38000
10.22130	8861.10000
10.22970	9219.01000
10.23810	9247.22000
10.24650	8895.53000
10.25490	8288.94000
10.26330	7544.40000
10.27170	6661.25000
10.28010	5942.51000
10.28850	5215.00000
10.29690	4636.62000
10.30530	4141.90000
10.31370	3716.15000
10.32210	3386.43000
10.33050	3122.19000
10.33890	2893.93000
10.34730	2720.18000
10.35570	2571.59000
10.36410	2446.95000
10.37250	2367.33000
10.38090	2273.74000
10.38930	2209.84000
10.39770	2150.08000
10.40610	2095.18000
10.41450	2056.51000
10.42290	2016.43000
10.43130	1973.02000
10.43970	1961.38000
10.44810	1932.00000
10.45650	1915.25000
10.46490	1892.47000
10.47330	1880.28000
10.48170	1853.67000
10.49010	1847.85000
10.49850	1829.49000
10.50690	1826.12000
10.51530	1808.27000
10.52370	1806.25000
10.53210	1802.31000
10.54050	1789.78000
10.54890	1776.92000
10.55730	1775.38000
10.56570	1760.86000
10.57410	1760.81000
10.58250	1755.75000
10.59090	1752.18000
10.59930	1756.87000
10.60770	1740.61000
10.61610	1742.40000
10.62450	1733.03000
10.63290	1729.53000
10.64130	1726.44000
10.64970	1715.70000
10.65810	1718.99000
10.66650	1718.99000
10.67490	1716.31000
10.68330	1706.22000
10.69170	1715.25000
10.70010	1703.25000
10.70850	1705.73000
10.71690	1695.58000
10.72530	1700.40000
10.73370	1694.78000
10.74210	1699.92000
10.75050	1689.08000
10.75890	1688.24000
10.76730	1692.27000
10.77570	1686.80000
10.78410	1689.61000
10.79250	1682.41000
10.80090	1691.57000
10.80930	1684.42000
10.81770	1681.85000
10.82610	1687.87000
10.83450	1681.31000
10.84290	1692.11000
10.85130	1689.37000
10.85970	1685.49000
10.86810	1686.83000
10.87650	1692.34000
10.88490	1694.58000
10.89330	1685.58000
10.90170	1694.91000
10.91010	1702.17000
10.91850	1703.32000
10.92690	1712.77000
10.93530	1699.01000
10.94370	1711.62000
10.95210	1713.63000
10.96050	1715.77000
10.96890	1724.21000
10.97730	1725.48000
10.98570	1743.18000
10.99410	1750.77000
11.00250	1756.20000
11.01090	1770.15000
11.01930	1785.34000
11.02770	1791.25000
11.03610	1817.27000
11.04450	1837.42000
11.05290	1860.14000
11.06130	1881.61000
11.06970	1911.52000
11.07810	1951.32000
11.08650	1990.42000
11.09490	2030.92000
11.10330	2094.46000
11.11170	2158.55000
11.12010	2232.17000
11.12850	2350.70000
11.13690	2425.45000
11.14530	2565.30000
11.15370	2702.40000
11.16210	2863.67000
11.17050	3054.71000
11.17890	3278.30000
11.18730	3480.57000
11.19570	3705.24000
11.20410	3903.11000
11.21250	4069.73000
11.22090	4206.64000
11.22930	4244.21000
11.23770	4221.55000
11.24610	4125.87000
11.25450	3966.34000
11.26290	3774.06000
11.27130	3565.33000
11.27970	3360.72000
11.28810	3144.82000
11.29650	2966.39000
11.30490	2807.83000
11.31330	2660.67000
11.32170	2547.69000
11.33010	2424.45000
11.33850	2339.59000
11.34690	2258.50000
11.35530	2190.21000
11.36370	2129.13000
11.37210	2080.98000
11.38050	2039.44000
11.38890	1995.43000
11.39730	1969.73000
11.40570	1938.60000
11.41410	1927.43000
11.42250	1901.74000
11.43090	1896.10000
11.43930	1884.48000
11.44770	1872.53000
11.45610	1875.98000
11.46450	1871.35000
11.47290	1885.76000
11.48130	1890.53000
11.48970	1891.96000
11.49810	1918.50000
11.50650	1935.09000
11.51490	1968.04000
11.52330	1996.86000
11.53170	2040.92000
11.54010	2083.78000
11.54850	2155.31000
11.55690	2206.66000
11.56530	2301.38000
11.57370	2407.44000
11.58210	2527.18000
11.59050	2677.18000
11.59890	2841.75000
11.60730	3054.38000
11.61570	3286.46000
11.62410	3559.59000
11.63250	3844.61000
11.64090	4201.96000
11.64930	4486.78000
11.65770	4834.44000
11.66610	5036.02000
11.67450	5222.06000
11.68290	5272.06000
11.69130	5203.54000
11.69970	5031.73000
11.70810	4798.11000
11.71650	4518.39000
11.72490	4218.53000
11.73330	3928.88000
11.74170	3668.49000
11.75010	3382.99000
11.75850	3198.88000
11.76690	2967.73000
11.77530	2817.69000
11.78370	2667.27000
11.79210	2537.07000
11.80050	2435.98000
11.80890	2333.92000
11.81730	2262.09000
11.82570	2198.61000
11.83410	2140.46000
11.84250	2096.46000
11.85090	2053.55000
11.85930	2014.68000
11.86770	1986.86000
11.87610	1967.95000
11.88450	1939.72000
11.89290	1938.93000
11.90130	1921.48000
11.90970	1916.35000
11.91810	1923.35000
11.92650	1931.04000
11.93490	1944.33000
11.94330	1953.61000
11.95170	1977.58000
11.96010	1993.44000
11.96850	2037.06000
11.97690	2074.79000
11.98530	2150.13000
11.99370	2202.41000
12.00210	2306.77000
12.01050	2425.20000
12.01890	2539.20000
12.02730	2744.66000
12.03570	2925.05000
12.04410	3234.18000
12.05250	3586.85000
12.06090	4004.15000
12.06930	4516.00000
12.07770	5149.29000
12.08610	5766.47000
12.09450	6498.61000
12.10290	7137.58000
12.11130	7571.69000
12.11970	7840.74000
12.12810	7779.19000
12.13650	7458.00000
12.14490	7000.63000
12.15330	6376.27000
12.16170	5709.35000
12.17010	5090.92000
12.17850	4548.34000
12.18690	4040.92000
12.19530	3649.56000
12.20370	3323.98000
12.21210	3015.01000
12.22050	2787.88000
12.22890	2591.01000
12.23730	2439.20000
12.24570	2305.09000
12.25410	2189.68000
12.26250	2102.00000
12.27090	2022.72000
12.27930	1955.73000
12.28770	1900.42000
12.29610	1846.76000
12.30450	1805.98000
12.31290	1772.09000
12.32130	1746.02000
12.32970	1716.20000
12.33810	1689.67000
12.34650	1667.00000
12.35490	1646.25000
12.36330	1627.12000
12.37170	1620.14000
12.38010	1596.54000
12.38850	1591.26000
12.39690	1581.00000
12.40530	1568.51000
12.41370	1561.98000
12.42210	1551.04000
12.43050	1541.04000
12.43890	1536.46000
12.44730	1530.45000
12.45570	1522.31000
12.46410	1521.97000
12.47250	1509.87000
12.48090	1511.65000
12.48930	1503.39000
12.49770	1491.64000
12.50610	1498.54000
12.51450	1484.02000
12.52290	1487.09000
12.53130	1480.87000
12.53970	1471.88000
12.54810	1477.89000
12.55650	1469.53000
12.56490	1464.20000
12.57330	1468.58000
12.58170	1455.43000
12.59010	1449.91000
12.59850	1462.94000
12.60690	1452.22000
12.61530	1453.95000
12.62370	1443.21000
12.63210	1447.87000
12.64050	1442.34000
12.64890	1444.21000
12.65730	1447.07000
12.66570	1441.16000
12.67410	1440.41000
12.68250	1443.65000
12.69090	1439.93000
12.69930	1441.18000
12.70770	1443.21000
12.71610	1442.35000
12.72450	1447.36000
12.73290	1443.27000
12.74130	1448.28000
12.74970	1456.39000
12.75810	1448.64000
12.76650	1457.74000
12.77490	1458.66000
12.78330	1465.81000
12.79170	1475.14000
12.80010	1475.44000
12.80850	1494.80000
12.81690	1503.79000
12.82530	1523.26000
12.83370	1536.83000
12.84210	1557.54000
12.85050	1589.46000
12.85890	1622.37000
12.86730	1651.68000
12.87570	1703.84000
12.88410	1758.66000
12.89250	1839.25000
12.90090	1913.94000
12.90930	2015.84000
12.91770	2101.12000
12.92610	2204.53000
12.93450	2304.74000
12.94290	2386.56000
12.95130	2461.54000
12.95970	2507.27000
12.96810	2516.76000
12.97650	2491.23000
12.98490	2444.70000
12.99330	2365.43000
13.00170	2272.92000
13.01010	2170.62000
13.01850	2083.58000
13.02690	1999.25000
13.03530	1909.76000
13.04370	1845.39000
13.05210	1784.42000
13.06050	1720.06000
13.06890	1677.10000
13.07730	1639.85000
13.08570	1605.40000
13.09410	1576.87000
13.10250	1543.84000
13.11090	1524.30000
13.11930	1506.17000
13.12770	1484.48000
13.13610	1476.66000
13.14450	1462.94000
13.15290	1456.37000
13.16130	1442.82000
13.16970	1438.07000
13.17810	1422.46000
13.18650	1425.81000
13.19490	1415.36000
13.20330	1419.58000
13.21170	1415.47000
13.22010	1418.34000
13.22850	1431.11000
13.23690	1431.92000
13.24530	1456.43000
13.25370	1473.63000
13.26210	1512.35000
13.27050	1561.36000
13.27890	1618.11000
13.28730	1689.17000
13.29570	1768.28000
13.30410	1846.18000
13.31250	1896.18000
13.32090	1920.37000
13.32930	1909.14000
13.33770	1866.25000
13.34610	1799.68000
13.35450	1730.30000
13.36290	1655.52000
13.37130	1596.89000
13.37970	1541.62000
13.38810	1486.39000
13.39650	1462.26000
13.40490	1428.86000
13.41330	1405.67000
13.42170	1386.38000
13.43010	1372.35000
13.43850	1366.77000
13.44690	1352.51000
13.45530	1353.83000
13.46370	1345.17000
13.47210	1335.60000
13.48050	1362.58000
13.48890	1337.61000
13.49730	1346.05000
13.50570	1351.76000
13.51410	1329.93000
13.52250	1345.11000
13.53090	1338.94000
13.53930	1335.74000
13.54770	1338.10000
13.55610	1335.11000
13.56450	1340.16000
13.57290	1344.90000
13.58130	1345.26000
13.58970	1340.15000
13.59810	1362.47000
13.60650	1365.14000
13.61490	1371.80000
13.62330	1377.77000
13.63170	1395.35000
13.64010	1411.34000
13.64850	1423.60000
13.65690	1448.60000
13.66530	1462.19000
13.67370	1492.81000
13.68210	1518.10000
13.69050	1543.46000
13.69890	1576.91000
13.70730	1611.62000
13.71570	1646.49000
13.72410	1689.40000
13.73250	1727.70000
13.74090	1749.58000
13.74930	1768.82000
13.75770	1770.71000
13.76610	1765.89000
13.77450	1749.70000
13.78290	1724.27000
13.79130	1692.56000
13.79970	1653.31000
13.80810	1619.68000
13.81650	1579.42000
13.82490	1554.06000
13.83330	1526.95000
13.84170	1503.03000
13.85010	1484.53000
13.85850	1462.96000
13.86690	1445.93000
13.87530	1433.84000
13.88370	1416.72000
13.89210	1412.88000
13.90050	1411.34000
13.90890	1402.08000
13.91730	1404.07000
13.92570	1397.19000
13.93410	1401.87000
13.94250	1399.80000
13.95090	1406.70000
13.95930	1413.02000
13.96770	1421.02000
13.97610	1426.64000
13.98450	1441.89000
13.99290	1455.10000
14.00130	1465.70000
14.00970	1489.73000
14.01810	1507.42000
14.02650	1541.37000
14.03490	1566.96000
14.04330	1603.86000
14.05170	1649.20000
14.06010	1693.72000
14.06850	1767.91000
14.07690	1810.65000
14.08530	1879.66000
14.09370	1948.96000
14.10210	2012.79000
14.11050	2070.89000
14.11890	2120.53000
14.12730	2173.55000
14.13570	2213.75000
14.14410	2238.23000
14.15250	2238.93000
14.16090	2228.59000
14.16930	2191.49000
14.17770	2136.77000
14.18610	2073.46000
14.19450	2019.42000
14.20290	1937.43000
14.21130	1884.48000
14.21970	1824.93000
14.22810	1767.00000
14.23650	1724.89000
14.24490	1678.37000
14.25330	1642.66000
14.26170	1617.65000
14.27010	1590.06000
14.27850	1566.92000
14.28690	1543.41000
14.29530	1533.95000
14.30370	1518.80000
14.31210	1510.65000
14.32050	1510.43000
14.32890	1513.68000
14.33730	1518.24000
14.34570	1534.67000
14.35410	1542.56000
14.36250	1556.55000
14.37090	1588.72000
14.37930	1614.80000
14.38770	1666.70000
14.39610	1724.24000
14.40450	1786.34000
14.41290	1878.86000
14.42130	1969.83000
14.42970	2092.10000
14.43810	2216.62000
14.44650	2336.73000
14.45490	2449.36000
14.46330	2539.62000
14.47170	2602.49000
14.48010	2632.83000
14.48850	2628.83000
14.49690	2617.60000
14.50530	2573.23000
14.51370	2515.56000
14.52210	2435.68000
14.53050	2352.59000
14.53890	2261.21000
14.54730	2165.25000
14.55570	2083.68000
14.56410	1997.17000
14.57250	1927.78000
14.58090	1862.94000
14.58930	1811.05000
14.59770	1768.52000
14.60610	1725.84000
14.61450	1694.19000
14.62290	1675.53000
14.63130	1652.93000
14.63970	1641.77000
14.64810	1637.70000
14.65650	1627.06000
14.66490	1636.26000
14.67330	1640.46000
14.68170	1656.90000
14.69010	1706.80000
14.69850	1709.18000
14.70690	1744.22000
14.71530	1798.70000
14.72370	1854.89000
14.73210	1929.61000
14.74050	2011.47000
14.74890	2123.16000
14.75730	2258.09000
14.76570	2415.31000
14.77410	2609.85000
14.78250	2846.63000
14.79090	3105.45000
14.79930	3438.00000
14.80770	3753.82000
14.81610	4126.98000
14.82450	4486.39000
14.83290	4802.80000
14.84130	5135.92000
14.84970	5358.19000
14.85810	5512.19000
14.86650	5576.34000
14.87490	5479.82000
14.88330	5286.14000
14.89170	5043.70000
14.90010	4699.63000
14.90850	4358.05000
14.91690	4011.28000
14.92530	3683.02000
14.93370	3387.05000
14.94210	3123.03000
14.95050	2881.47000
14.95890	2674.84000
14.96730	2497.47000
14.97570	2341.53000
14.98410	2206.03000
14.99250	2085.70000
15.00090	1986.21000
15.00930	1902.24000
15.01770	1822.34000
15.02610	1756.92000
15.03450	1696.12000
15.04290	1646.25000
15.05130	1599.16000
15.05970	1556.65000
15.06810	1535.39000
15.07650	1490.69000
15.08490	1462.90000
15.09330	1438.41000
15.10170	1419.75000
15.11010	1393.14000
15.11850	1379.47000
15.12690	1362.01000
15.13530	1350.07000
15.14370	1330.72000
15.15210	1317.85000
15.16050	1311.34000
15.16890	1300.73000
15.17730	1287.62000
15.18570	1282.45000
15.19410	1269.60000
15.20250	1266.54000
15.21090	1250.42000
15.21930	1253.87000
15.22770	1248.16000
15.23610	1242.67000
15.24450	1241.69000
15.25290	1229.25000
15.26130	1232.13000
15.26970	1223.76000
15.27810	1220.50000
15.28650	1218.48000
15.29490	1207.53000
15.30330	1212.16000
15.31170	1209.23000
15.32010	1206.13000
15.32850	1204.14000
15.33690	1198.99000
15.34530	1200.23000
15.35370	1197.27000
15.36210	1197.22000
15.37050	1197.58000
15.37890	1193.13000
15.38730	1194.33000
15.39570	1195.04000
15.40410	1188.77000
15.41250	1193.21000
15.42090	1193.19000
15.42930	1195.47000
15.43770	1197.38000
15.44610	1198.77000
15.45450	1203.44000
15.46290	1205.33000
15.47130	1210.75000
15.47970	1222.02000
15.48810	1227.19000
15.49650	1247.30000
15.50490	1259.35000
15.51330	1269.48000
15.52170	1283.97000
15.53010	1287.63000
15.53850	1282.83000
15.54690	1281.00000
15.55530	1275.19000
15.56370	1263.71000
15.57210	1251.56000
15.58050	1248.87000
15.58890	1239.86000
15.59730	1239.91000
15.60570	1235.97000
15.61410	1238.09000
15.62250	1239.79000
15.63090	1240.70000
15.63930	1246.82000
15.64770	1252.53000
15.65610	1254.64000
15.66450	1259.99000
15.67290	1273.58000
15.68130	1281.17000
15.68970	1297.83000
15.69810	1308.13000
15.70650	1326.35000
15.71490	1344.09000
15.72330	1361.44000
15.73170	1393.64000
15.74010	1412.64000
15.74850	1454.11000
15.75690	1496.70000
15.76530	1545.39000
15.77370	1609.95000
15.78210	1686.24000
15.79050	1782.41000
15.79890	1917.03000
15.80730	2056.28000
15.81570	2267.28000
15.82410	2491.08000
15.83250	2741.01000
15.84090	3014.70000
15.84930	3291.28000
15.85770	3492.09000
15.86610	3635.04000
15.87450	3682.74000
15.88290	3634.68000
15.89130	3535.73000
15.89970	3389.19000
15.90810	3214.98000
15.91650	3038.02000
15.92490	2857.14000
15.93330	2690.77000
15.94170	2528.11000
15.95010	2382.05000
15.95850	2263.38000
15.96690	2148.17000
15.97530	2060.31000
15.98370	1983.09000
15.99210	1917.13000
16.00050	1865.57000
16.00890	1823.76000
16.01730	1801.30000
16.02570	1783.60000
16.03410	1771.39000
16.04250	1771.84000
16.05090	1786.02000
16.05930	1807.08000
16.06770	1836.51000
16.07610	1885.72000
16.08450	1949.24000
16.09290	2026.87000
16.10130	2119.98000
16.10970	2244.52000
16.11810	2395.44000
16.12650	2561.94000
16.13490	2767.25000
16.14330	2994.86000
16.15170	3277.11000
16.16010	3551.30000
16.16850	3839.64000
16.17690	4090.96000
16.18530	4276.98000
16.19370	4402.39000
16.20210	4414.49000
16.21050	4331.72000
16.21890	4179.89000
16.22730	3972.93000
16.23570	3740.04000
16.24410	3497.34000
16.25250	3265.13000
16.26090	3040.10000
16.26930	2832.58000
16.27770	2655.44000
16.28610	2487.62000
16.29450	2344.70000
16.30290	2220.23000
16.31130	2107.07000
16.31970	2014.61000
16.32810	1925.98000
16.33650	1861.26000
16.34490	1803.95000
16.35330	1754.00000
16.36170	1710.81000
16.37010	1670.37000
16.37850	1646.08000
16.38690	1619.98000
16.39530	1598.71000
16.40370	1593.53000
16.41210	1582.84000
16.42050	1582.96000
16.42890	1580.15000
16.43730	1585.10000
16.44570	1598.44000
16.45410	1609.74000
16.46250	1634.68000
16.47090	1661.46000
16.47930	1686.75000
16.48770	1724.74000
16.49610	1757.67000
16.50450	1800.76000
16.51290	1848.63000
16.52130	1886.01000
16.52970	1926.32000
16.53810	1965.95000
16.54650	1993.38000
16.55490	2000.80000
16.56330	2004.40000
16.57170	1987.30000
16.58010	1948.38000
16.58850	1910.72000
16.59690	1864.95000
16.60530	1811.40000
16.61370	1770.38000
16.62210	1714.48000
16.63050	1676.34000
16.63890	1635.52000
16.64730	1595.27000
16.65570	1572.02000
16.66410	1538.41000
16.67250	1516.66000
16.68090	1495.87000
16.68930	1479.61000
16.69770	1470.37000
16.70610	1462.17000
16.71450	1463.77000
16.72290	1461.19000
16.73130	1468.65000
16.73970	1483.73000
16.74810	1505.22000
16.75650	1530.46000
16.76490	1566.19000
16.77330	1604.08000
16.78170	1667.01000
16.79010	1720.35000
16.79850	1782.54000
16.80690	1858.51000
16.81530	1925.09000
16.82370	1986.96000
16.83210	2016.80000
16.84050	2032.48000
16.84890	2014.36000
16.85730	1972.90000
16.86570	1909.78000
16.87410	1836.83000
16.88250	1767.07000
16.89090	1695.62000
16.89930	1633.31000
16.90770	1578.73000
16.91610	1527.57000
16.92450	1495.55000
16.93290	1461.96000
16.94130	1431.43000
16.94970	1413.80000
16.95810	1396.88000
16.96650	1386.87000
16.97490	1374.79000
16.98330	1375.41000
16.99170	1381.46000
17.00010	1383.01000
17.00850	1395.17000
17.01690	1409.25000
17.02530	1420.68000
17.03370	1446.39000
17.04210	1462.12000
17.05050	1501.80000
17.05890	1536.35000
17.06730	1576.41000
17.07570	1625.64000
17.08410	1671.17000
17.09250	1741.30000
17.10090	1812.52000
17.10930	1892.51000
17.11770	1982.03000
17.12610	2088.25000
17.13450	2204.39000
17.14290	2308.66000
17.15130	2436.25000
17.15970	2564.96000
17.16810	2668.93000
17.17650	2755.56000
17.18490	2808.76000
17.19330	2834.86000
17.20170	2807.25000
17.21010	2754.39000
17.21850	2669.00000
17.22690	2561.03000
17.23530	2449.76000
17.24370	2328.35000
17.25210	2220.52000
17.26050	2123.24000
17.26890	2026.40000
17.27730	1943.21000
17.28570	1868.48000
17.29410	1810.41000
17.30250	1750.03000
17.31090	1695.78000
17.31930	1664.22000
17.32770	1619.05000
17.33610	1596.60000
17.34450	1573.23000
17.35290	1563.59000
17.36130	1559.20000
17.36970	1561.42000
17.37810	1571.10000
17.38650	1591.54000
17.39490	1626.91000
17.40330	1664.50000
17.41170	1729.29000
17.42010	1803.62000
17.42850	1893.73000
17.43690	1980.54000
17.44530	2071.53000
17.45370	2125.47000
17.46210	2164.69000
17.47050	2160.60000
17.47890	2122.05000
17.48730	2068.72000
17.49570	1989.13000
17.50410	1910.74000
17.51250	1833.92000
17.52090	1757.52000
17.52930	1687.70000
17.53770	1617.02000
17.54610	1573.32000
17.55450	1529.33000
17.56290	1488.80000
17.57130	1456.93000
17.57970	1430.05000
17.58810	1411.98000
17.59650	1399.26000
17.60490	1384.34000
17.61330	1378.19000
17.62170	1375.21000
17.63010	1382.95000
17.63850	1391.52000
17.64690	1397.09000
17.65530	1415.88000
17.66370	1427.16000
17.67210	1449.87000
17.68050	1480.04000
17.68890	1513.36000
17.69730	1555.97000
17.70570	1601.71000
17.71410	1651.94000
17.72250	1711.98000
17.73090	1782.96000
17.73930	1862.21000
17.74770	1941.73000
17.75610	2033.39000
17.76450	2114.41000
17.77290	2202.71000
17.78130	2274.33000
17.78970	2326.80000
17.79810	2357.63000
17.80650	2348.91000
17.81490	2326.03000
17.82330	2274.76000
17.83170	2207.25000
17.84010	2141.71000
17.84850	2062.98000
17.85690	1996.57000
17.86530	1915.97000
17.87370	1852.52000
17.88210	1802.47000
17.89050	1750.20000
17.89890	1708.38000
17.90730	1673.94000
17.91570	1648.45000
17.92410	1634.47000
17.93250	1620.28000
17.94090	1616.07000
17.94930	1621.97000
17.95770	1644.50000
17.96610	1665.23000
17.97450	1695.53000
17.98290	1742.75000
17.99130	1800.25000
17.99970	1877.45000
18.00810	1960.59000
18.01650	2060.47000
18.02490	2176.32000
18.03330	2290.08000
18.04170	2390.49000
18.05010	2478.84000
18.05850	2536.57000
18.06690	2559.50000
18.07530	2536.27000
18.08370	2494.42000
18.09210	2412.81000
18.10050	2319.73000
18.10890	2234.84000
18.11730	2130.22000
18.12570	2046.96000
18.13410	1962.76000
18.14250	1885.54000
18.15090	1819.28000
18.15930	1755.57000
18.16770	1699.21000
18.17610	1656.00000
18.18450	1619.74000
18.19290	1591.36000
18.20130	1559.71000
18.20970	1552.58000
18.21810	1538.01000
18.22650	1528.11000
18.23490	1529.11000
18.24330	1542.01000
18.25170	1551.59000
18.26010	1572.42000
18.26850	1606.40000
18.27690	1641.51000
18.28530	1680.28000
18.29370	1738.05000
18.30210	1799.49000
18.31050	1869.25000
18.31890	1938.85000
18.32730	1999.55000
18.33570	2060.20000
18.34410	2099.42000
18.35250	2126.11000
18.36090	2114.03000
18.36930	2087.57000
18.37770	2046.63000
18.38610	1974.64000
18.39450	1919.28000
18.40290	1847.01000
18.41130	1777.71000
18.41970	1724.52000
18.42810	1652.62000
18.43650	1606.58000
18.44490	1552.92000
18.45330	1509.76000
18.46170	1466.22000
18.47010	1440.49000
18.47850	1402.49000
18.48690	1373.41000
18.49530	1345.87000
18.50370	1323.51000
18.51210	1303.33000
18.52050	1292.99000
18.52890	1273.39000
18.53730	1269.18000
18.54570	1260.81000
18.55410	1249.33000
18.56250	1248.67000
18.57090	1240.22000
18.57930	1241.79000
18.58770	1232.17000
18.59610	1231.50000
18.60450	1220.53000
18.61290	1213.91000
18.62130	1203.59000
18.62970	1198.55000
18.63810	1192.58000
18.64650	1188.19000
18.65490	1180.30000
18.66330	1178.14000
18.67170	1180.37000
18.68010	1180.50000
18.68850	1180.86000
18.69690	1185.90000
18.70530	1190.01000
18.71370	1189.39000
18.72210	1209.96000
18.73050	1209.14000
18.73890	1224.08000
18.74730	1232.90000
18.75570	1248.98000
18.76410	1266.29000
18.77250	1291.24000
18.78090	1316.08000
18.78930	1353.00000
18.79770	1402.91000
18.80610	1471.45000
18.81450	1549.29000
18.82290	1665.81000
18.83130	1799.79000
18.83970	1965.15000
18.84810	2132.54000
18.85650	2291.97000
18.86490	2415.14000
18.87330	2463.37000
18.88170	2452.08000
18.89010	2379.69000
18.89850	2269.03000
18.90690	2158.02000
18.91530	2044.97000
18.92370	1957.52000
18.93210	1877.83000
18.94050	1825.63000
18.94890	1775.89000
18.95730	1735.12000
18.96570	1708.93000
18.97410	1678.22000
18.98250	1652.49000
18.99090	1639.88000
18.99930	1619.84000
19.00770	1613.06000
19.01610	1611.31000
19.02450	1610.65000
19.03290	1624.79000
19.04130	1636.48000
19.04970	1669.01000
19.05810	1701.60000
19.06650	1744.75000
19.07490	1795.37000
19.08330	1859.00000
19.09170	1927.47000
19.10010	2018.80000
19.10850	2137.27000
19.11690	2255.76000
19.12530	2407.07000
19.13370	2576.91000
19.14210	2771.32000
19.15050	2988.05000
19.15890	3228.43000
19.16730	3484.88000
19.17570	3730.28000
19.18410	3970.53000
19.19250	4169.64000
19.20090	4262.48000
19.20930	4334.03000
19.21770	4282.68000
19.22610	4169.10000
19.23450	4009.38000
19.24290	3792.86000
19.25130	3591.86000
19.25970	3373.49000
19.26810	3172.88000
19.27650	2986.27000
19.28490	2810.84000
19.29330	2665.44000
19.30170	2530.65000
19.31010	2424.81000
19.31850	2329.44000
19.32690	2258.28000
19.33530	2207.97000
19.34370	2174.61000
19.35210	2166.24000
19.36050	2178.34000
19.36890	2230.32000
19.37730	2307.20000
19.38570	2435.99000
19.39410	2595.95000
19.40250	2771.66000
19.41090	2982.81000
19.41930	3147.34000
19.42770	3269.93000
19.43610	3317.75000
19.44450	3291.03000
19.45290	3238.15000
19.46130	3146.88000
19.46970	3053.75000
19.47810	2957.68000
19.48650	2841.58000
19.49490	2740.35000
19.50330	2623.25000
19.51170	2510.95000
19.52010	2411.07000
19.52850	2293.69000
19.53690	2207.78000
19.54530	2129.56000
19.55370	2063.00000
19.56210	2007.53000
19.57050	1979.10000
19.57890	1949.80000
19.58730	1939.98000
19.59570	1937.70000
19.60410	1958.95000
19.61250	1999.22000
19.62090	2057.37000
19.62930	2154.64000
19.63770	2272.02000
19.64610	2425.24000
19.65450	2643.52000
19.66290	2891.37000
19.67130	3209.61000
19.67970	3536.53000
19.68810	3871.12000
19.69650	4157.28000
19.70490	4392.47000
19.71330	4551.46000
19.72170	4644.52000
19.73010	4689.31000
19.73850	4699.03000
19.74690	4660.82000
19.75530	4592.45000
19.76370	4451.50000
19.77210	4257.62000
19.78050	4051.16000
19.78890	3800.76000
19.79730	3562.33000
19.80570	3313.65000
19.81410	3093.86000
19.82250	2898.52000
19.83090	2708.87000
19.83930	2555.47000
19.84770	2410.36000
19.85610	2295.62000
19.86450	2192.52000
19.87290	2110.47000
19.88130	2044.37000
19.88970	1983.12000
19.89810	1943.54000
19.90650	1905.78000
19.91490	1884.88000
19.92330	1866.29000
19.93170	1863.50000
19.94010	1864.82000
19.94850	1873.53000
19.95690	1894.82000
19.96530	1920.50000
19.97370	1945.76000
19.98210	1987.93000
19.99050	2041.84000
19.99890	2094.20000
20.00730	2148.18000
20.01570	2211.65000
20.02410	2268.60000
20.03250	2331.70000
20.04090	2373.17000
20.04930	2404.15000
20.05770	2428.67000
20.06610	2420.44000
20.07450	2395.90000
20.08290	2367.88000
20.09130	2330.48000
20.09970	2285.41000
20.10810	2242.51000
20.11650	2215.16000
20.12490	2185.75000
20.13330	2164.29000
20.14170	2157.35000
20.15010	2152.05000
20.15850	2162.72000
20.16690	2172.95000
20.17530	2210.28000
20.18370	2249.63000
20.19210	2299.75000
20.20050	2361.70000
20.20890	2426.65000
20.21730	2519.03000
20.22570	2614.83000
20.23410	2722.63000
20.24250	2832.74000
20.25090	2946.73000
20.25930	3059.23000
20.26770	3159.84000
20.27610	3245.12000
20.28450	3289.21000
20.29290	3302.64000
20.30130	3283.09000
20.30970	3226.55000
20.31810	3149.86000
20.32650	3059.48000
20.33490	2957.36000
20.34330	2861.18000
20.35170	2754.52000
20.36010	2668.20000
20.36850	2577.40000
20.37690	2508.48000
20.38530	2446.19000
20.39370	2395.91000
20.40210	2360.09000
20.41050	2333.06000
20.41890	2329.84000
20.42730	2345.64000
20.43570	2382.67000
20.44410	2447.06000
20.45250	2535.76000
20.46090	2669.30000
20.46930	2811.19000
20.47770	2989.90000
20.48610	3146.58000
20.49450	3297.12000
20.50290	3398.61000
20.51130	3454.75000
20.51970	3464.07000
20.52810	3431.00000
20.53650	3387.80000
20.54490	3323.24000
20.55330	3242.71000
20.56170	3146.00000
20.57010	3031.54000
20.57850	2911.07000
20.58690	2787.28000
20.59530	2659.94000
20.60370	2546.61000
20.61210	2422.95000
20.62050	2328.85000
20.62890	2223.61000
20.63730	2152.11000
20.64570	2083.82000
20.65410	2025.26000
20.66250	1981.55000
20.67090	1946.94000
20.67930	1921.30000
20.68770	1896.11000
20.69610	1895.04000
20.70450	1894.03000
20.71290	1905.79000
20.72130	1929.68000
20.72970	1956.68000
20.73810	1989.13000
20.74650	2030.31000
20.75490	2086.47000
20.76330	2134.70000
20.77170	2201.97000
20.78010	2259.42000
20.78850	2304.09000
20.79690	2342.26000
20.80530	2356.83000
20.81370	2356.04000
20.82210	2334.34000
20.83050	2294.86000
20.83890	2238.22000
20.84730	2170.20000
20.85570	2101.97000
20.86410	2023.37000
20.87250	1957.01000
20.88090	1882.74000
20.88930	1827.26000
20.89770	1766.63000
20.90610	1717.88000
20.91450	1682.41000
20.92290	1650.18000
20.93130	1631.93000
20.93970	1614.83000
20.94810	1622.87000
20.95650	1638.98000
20.96490	1670.78000
20.97330	1717.78000
20.98170	1777.95000
20.99010	1847.75000
20.99850	1907.60000
21.00690	1951.46000
21.01530	1967.52000
21.02370	1956.96000
21.03210	1902.75000
21.04050	1836.48000
21.04890	1746.52000
21.05730	1666.16000
21.06570	1581.51000
21.07410	1505.16000
21.08250	1439.43000
21.09090	1380.00000
21.09930	1329.92000
21.10770	1287.92000
21.11610	1248.15000
21.12450	1210.18000
21.13290	1186.65000
21.14130	1164.49000
21.14970	1142.12000
21.15810	1121.79000
21.16650	1111.53000
21.17490	1093.15000
21.18330	1084.36000
21.19170	1071.22000
21.20010	1064.95000
21.20850	1062.84000
21.21690	1057.07000
21.22530	1051.37000
21.23370	1052.71000
21.24210	1048.53000
21.25050	1047.22000
21.25890	1043.92000
21.26730	1049.61000
21.27570	1050.32000
21.28410	1047.73000
21.29250	1053.08000
21.30090	1048.11000
21.30930	1055.44000
21.31770	1061.35000
21.32610	1068.17000
21.33450	1067.08000
21.34290	1072.34000
21.35130	1069.33000
21.35970	1072.88000
21.36810	1074.66000
21.37650	1071.22000
21.38490	1068.09000
21.39330	1070.10000
21.40170	1065.00000
21.41010	1062.14000
21.41850	1064.39000
21.42690	1056.51000
21.43530	1060.05000
21.44370	1052.20000
21.45210	1052.20000
21.46050	1058.96000
21.46890	1056.85000
21.47730	1056.69000
21.48570	1062.27000
21.49410	1062.85000
21.50250	1062.45000
21.51090	1070.11000
21.51930	1073.40000
21.52770	1078.77000
21.53610	1082.05000
21.54450	1089.43000
21.55290	1093.10000
21.56130	1103.35000
21.56970	1111.01000
21.57810	1117.54000
21.58650	1122.97000
21.59490	1126.51000
21.60330	1130.53000
21.61170	1133.53000
21.62010	1130.47000
21.62850	1136.15000
21.63690	1138.05000
21.64530	1138.57000
21.65370	1136.69000
21.66210	1144.59000
21.67050	1151.79000
21.67890	1159.51000
21.68730	1171.93000
21.69570	1189.16000
21.70410	1208.04000
21.71250	1234.16000
21.72090	1265.67000
21.72930	1297.55000
21.73770	1344.68000
21.74610	1398.65000
21.75450	1451.52000
21.76290	1499.44000
21.77130	1548.29000
21.77970	1596.71000
21.78810	1631.14000
21.79650	1663.34000
21.80490	1681.83000
21.81330	1690.89000
21.82170	1686.75000
21.83010	1677.55000
21.83850	1652.44000
21.84690	1613.58000
21.85530	1576.35000
21.86370	1540.78000
21.87210	1502.56000
21.88050	1468.11000
21.88890	1440.95000
21.89730	1416.70000
21.90570	1403.51000
21.91410	1392.96000
21.92250	1383.55000
21.93090	1392.83000
